i, epoch, loss, l2_err, h1_err
  0     1 -6.79769e+00 9.81376e-01 1.23715e+00
  1     2 -1.50967e+01 9.39148e-01 1.21001e+00
  2     3 -2.27288e+01 8.96731e-01 1.19263e+00
  3     4 -3.04077e+01 8.54152e-01 1.17021e+00
  4     5 -3.58515e+01 8.12235e-01 1.14162e+00
  5     6 -4.33727e+01 7.71804e-01 1.10947e+00
  6     7 -4.60623e+01 7.32516e-01 1.07896e+00
  7     8 -5.20172e+01 6.94250e-01 1.04910e+00
  8     9 -5.42580e+01 6.57052e-01 1.01921e+00
  9    10 -6.15008e+01 6.20935e-01 9.87505e-01
 10    11 -6.33699e+01 5.86437e-01 9.54558e-01
 11    12 -6.42617e+01 5.53818e-01 9.21686e-01
 12    13 -6.18046e+01 5.23089e-01 8.90076e-01
 13    14 -6.93266e+01 4.94694e-01 8.61253e-01
 14    15 -6.79614e+01 4.68362e-01 8.34651e-01
 15    16 -6.65274e+01 4.43518e-01 8.09073e-01
 16    17 -6.92530e+01 4.19851e-01 7.83360e-01
 17    18 -7.05599e+01 3.96962e-01 7.57769e-01
 18    19 -7.09928e+01 3.74591e-01 7.32696e-01
 19    20 -7.25266e+01 3.52860e-01 7.08479e-01
 20    21 -6.93381e+01 3.31551e-01 6.83629e-01
 21    22 -7.46502e+01 3.10466e-01 6.57609e-01
 22    23 -7.08830e+01 2.90115e-01 6.29907e-01
 23    24 -6.99684e+01 2.70582e-01 6.00240e-01
 24    25 -7.15837e+01 2.51478e-01 5.69911e-01
 25    26 -7.29689e+01 2.32695e-01 5.38309e-01
 26    27 -7.35607e+01 2.14276e-01 5.05315e-01
 27    28 -7.28100e+01 1.96751e-01 4.71863e-01
 28    29 -7.07408e+01 1.80232e-01 4.38003e-01
 29    30 -7.54158e+01 1.64591e-01 4.05597e-01
 30    31 -7.38482e+01 1.50451e-01 3.75889e-01
 31    32 -7.67306e+01 1.37497e-01 3.49126e-01
 32    33 -7.01241e+01 1.25778e-01 3.25185e-01
 33    34 -7.52939e+01 1.15077e-01 3.05141e-01
 34    35 -7.37097e+01 1.05111e-01 2.87816e-01
 35    36 -7.39095e+01 9.62756e-02 2.73647e-01
 36    37 -7.40385e+01 8.85439e-02 2.62309e-01
 37    38 -7.05642e+01 8.21058e-02 2.52988e-01
 38    39 -7.24824e+01 7.69546e-02 2.43809e-01
 39    40 -7.49655e+01 7.27514e-02 2.33019e-01
 40    41 -7.61426e+01 6.96548e-02 2.21790e-01
 41    42 -7.49485e+01 6.79821e-02 2.11529e-01
 42    43 -7.39004e+01 6.76060e-02 2.02575e-01
 43    44 -7.71074e+01 6.85330e-02 1.95940e-01
 44    45 -7.29756e+01 7.06009e-02 1.90940e-01
 45    46 -7.45019e+01 7.33159e-02 1.89655e-01
 46    47 -7.30961e+01 7.63310e-02 1.90631e-01
 47    48 -7.30950e+01 7.92946e-02 1.92016e-01
 48    49 -7.35558e+01 8.16540e-02 1.92233e-01
 49    50 -7.37168e+01 8.32459e-02 1.91324e-01
 50    51 -7.00049e+01 8.41670e-02 1.90286e-01
 51    53 -7.09618e+01 8.47383e-02 1.89257e-01
 52    54 -7.18677e+01 8.40187e-02 1.86642e-01
 53    55 -7.40911e+01 8.23662e-02 1.81468e-01
 54    56 -7.06981e+01 7.97608e-02 1.74970e-01
 55    58 -7.49208e+01 7.28727e-02 1.61512e-01
 56    59 -7.40723e+01 6.84588e-02 1.52589e-01
 57    60 -7.49505e+01 6.36622e-02 1.44396e-01
 58    62 -7.16035e+01 5.32211e-02 1.26432e-01
 59    63 -7.25483e+01 4.76701e-02 1.18841e-01
 60    65 -7.43449e+01 3.72113e-02 1.09290e-01
 61    66 -7.24077e+01 3.23293e-02 1.05418e-01
 62    68 -7.29500e+01 2.43719e-02 1.01990e-01
 63    69 -7.30865e+01 2.15648e-02 1.01031e-01
 64    71 -7.36508e+01 1.75528e-02 1.01138e-01
 65    73 -7.39493e+01 1.63487e-02 9.82035e-02
 66    74 -7.40590e+01 1.72910e-02 9.84508e-02
 67    76 -6.76350e+01 2.04558e-02 1.02981e-01
 68    78 -7.63932e+01 2.19773e-02 1.02433e-01
 69    80 -7.37218e+01 2.19150e-02 9.41342e-02
 70    82 -7.67182e+01 2.24232e-02 1.01865e-01
 71    84 -7.46524e+01 2.20696e-02 1.03307e-01
 72    86 -7.27863e+01 2.09932e-02 9.28469e-02
 73    88 -7.55676e+01 2.06216e-02 9.69049e-02
 74    90 -7.03367e+01 1.88222e-02 9.44441e-02
 75    92 -7.29705e+01 1.72153e-02 9.48760e-02
 76    94 -7.73396e+01 1.55377e-02 9.60161e-02
 77    96 -7.50422e+01 1.28033e-02 8.92203e-02
 78    98 -7.03103e+01 1.33549e-02 9.20702e-02
 79   101 -7.15784e+01 1.44011e-02 9.27687e-02
 80   103 -7.15014e+01 1.22760e-02 8.80617e-02
 81   105 -7.37863e+01 1.37771e-02 9.77424e-02
 82   108 -7.20910e+01 1.15874e-02 8.48106e-02
 83   110 -7.38902e+01 1.35533e-02 8.82532e-02
 84   113 -7.12173e+01 1.26892e-02 8.62262e-02
 85   116 -7.39536e+01 1.09245e-02 8.48516e-02
 86   118 -7.04195e+01 1.08246e-02 8.32065e-02
 87   121 -7.60220e+01 1.17132e-02 8.47747e-02
 88   124 -7.21674e+01 1.22794e-02 8.98499e-02
 89   127 -7.60423e+01 1.01376e-02 8.09256e-02
 90   130 -7.26466e+01 1.01347e-02 8.28440e-02
 91   133 -7.43588e+01 1.10979e-02 8.50996e-02
 92   136 -7.35563e+01 1.07082e-02 8.39409e-02
 93   139 -7.25604e+01 1.08395e-02 8.39164e-02
 94   143 -7.56912e+01 1.06012e-02 8.22588e-02
 95   146 -7.34886e+01 1.17624e-02 8.74495e-02
 96   149 -7.52217e+01 1.32945e-02 9.21351e-02
 97   153 -7.44858e+01 1.23807e-02 9.02993e-02
 98   156 -7.60568e+01 1.12144e-02 8.68331e-02
 99   160 -7.40160e+01 1.29128e-02 8.82058e-02
100   164 -7.41060e+01 1.03364e-02 8.21777e-02
101   168 -7.37431e+01 1.12988e-02 8.80036e-02
102   172 -7.10159e+01 1.06913e-02 8.41349e-02
103   176 -7.08920e+01 1.15219e-02 8.47007e-02
104   180 -7.38829e+01 1.31031e-02 8.68739e-02
105   184 -7.16577e+01 1.02095e-02 8.26711e-02
106   188 -7.40819e+01 1.15438e-02 8.68528e-02
107   193 -6.95807e+01 1.13938e-02 8.85253e-02
108   197 -7.04688e+01 1.15930e-02 8.78772e-02
109   202 -7.40283e+01 1.15889e-02 8.81051e-02
110   206 -7.41547e+01 1.02456e-02 8.18416e-02
111   211 -7.12581e+01 1.26156e-02 9.30910e-02
112   216 -7.32132e+01 1.09391e-02 8.79873e-02
113   221 -7.42931e+01 1.05188e-02 8.15897e-02
114   226 -7.34361e+01 1.06570e-02 8.33943e-02
115   232 -7.65739e+01 1.16197e-02 8.63145e-02
116   237 -7.36485e+01 1.19732e-02 9.00029e-02
117   243 -7.35371e+01 1.36633e-02 9.19285e-02
118   248 -7.64476e+01 1.13317e-02 8.70557e-02
119   254 -7.29437e+01 1.22525e-02 8.75785e-02
120   260 -7.25648e+01 1.32652e-02 9.32472e-02
121   266 -7.45645e+01 1.44591e-02 9.41386e-02
122   272 -7.32436e+01 1.23349e-02 8.75856e-02
123   279 -7.40688e+01 1.35712e-02 8.77627e-02
124   285 -7.41149e+01 1.23027e-02 8.48370e-02
125   292 -7.25900e+01 1.16728e-02 8.67736e-02
126   299 -7.36518e+01 1.39449e-02 9.52527e-02
127   306 -7.62876e+01 1.18367e-02 8.42538e-02
128   313 -7.42639e+01 1.17811e-02 8.25866e-02
129   320 -7.24854e+01 1.25786e-02 8.87288e-02
130   328 -7.35110e+01 1.14798e-02 8.54319e-02
131   335 -7.13755e+01 1.16817e-02 8.85889e-02
132   343 -7.37771e+01 1.14216e-02 8.75290e-02
133   351 -7.41985e+01 1.22679e-02 9.06233e-02
134   360 -7.42930e+01 1.41869e-02 9.19471e-02
135   368 -7.06301e+01 1.26931e-02 8.94629e-02
136   377 -7.14272e+01 1.26992e-02 9.08564e-02
137   385 -7.18117e+01 1.22558e-02 9.59900e-02
138   394 -7.08810e+01 1.28358e-02 9.11818e-02
139   404 -7.38445e+01 1.45558e-02 1.01243e-01
140   413 -7.52852e+01 1.30927e-02 8.97113e-02
141   423 -7.52015e+01 1.31056e-02 9.30970e-02
142   433 -7.31650e+01 1.24620e-02 9.12646e-02
143   443 -7.06486e+01 1.30934e-02 9.08190e-02
144   453 -7.61156e+01 1.21401e-02 8.44705e-02
145   464 -7.40434e+01 1.14236e-02 8.45558e-02
146   474 -7.17257e+01 1.21590e-02 8.83393e-02
147   486 -7.40566e+01 1.03982e-02 8.24348e-02
148   497 -7.28852e+01 1.08228e-02 8.09290e-02
149   509 -7.11174e+01 1.05311e-02 8.29580e-02
150   520 -7.32661e+01 9.89288e-03 8.27931e-02
151   533 -7.61271e+01 1.05455e-02 8.37835e-02
152   545 -7.49903e+01 9.65617e-03 8.03214e-02
153   558 -7.40046e+01 1.01969e-02 8.17712e-02
154   571 -6.95256e+01 9.95077e-03 8.07338e-02
155   584 -7.27564e+01 1.07383e-02 8.59853e-02
156   598 -7.49461e+01 9.78957e-03 7.93642e-02
157   612 -7.18124e+01 9.88157e-03 8.21216e-02
158   626 -7.52941e+01 1.11375e-02 8.57649e-02
159   641 -7.40496e+01 1.19014e-02 8.70841e-02
160   656 -7.68081e+01 1.17739e-02 8.76008e-02
161   671 -7.14750e+01 1.01224e-02 8.13657e-02
162   687 -7.55182e+01 1.12882e-02 8.61106e-02
163   703 -7.28038e+01 9.46380e-03 7.90185e-02
164   719 -7.33072e+01 9.92480e-03 8.33703e-02
165   736 -7.28421e+01 1.04585e-02 8.10390e-02
166   753 -7.40535e+01 1.12709e-02 8.65637e-02
167   771 -7.08087e+01 1.13940e-02 8.87583e-02
168   789 -7.46024e+01 1.05852e-02 7.92598e-02
169   807 -7.44630e+01 9.02991e-03 7.76816e-02
170   826 -6.90402e+01 9.39871e-03 7.84420e-02
171   845 -7.29146e+01 9.05985e-03 7.92100e-02
172   865 -7.22438e+01 8.34978e-03 7.68585e-02
173   885 -6.80717e+01 8.67612e-03 7.66423e-02
174   906 -7.29257e+01 8.91965e-03 7.86193e-02
175   927 -7.17690e+01 9.28996e-03 7.99816e-02
176   949 -7.02945e+01 8.91835e-03 7.87485e-02
177   971 -7.25766e+01 9.63660e-03 7.74597e-02
178   994 -7.72487e+01 9.14392e-03 7.91684e-02
179  1017 -7.65551e+01 8.83023e-03 7.63599e-02
180  1041 -6.86499e+01 8.52459e-03 7.66647e-02
181  1065 -7.39487e+01 8.21172e-03 7.47944e-02
182  1090 -7.67783e+01 8.56224e-03 7.60525e-02
183  1115 -7.23079e+01 9.06947e-03 7.68068e-02
184  1141 -7.41739e+01 8.71096e-03 7.61842e-02
185  1168 -7.44540e+01 8.08056e-03 7.49257e-02
186  1195 -7.25219e+01 7.84466e-03 7.38321e-02
187  1223 -7.45348e+01 7.92438e-03 7.40240e-02
188  1252 -7.31419e+01 7.74581e-03 7.35847e-02
189  1281 -7.58235e+01 8.42234e-03 7.54890e-02
190  1311 -7.40102e+01 8.04859e-03 7.48169e-02
191  1342 -7.31464e+01 7.87009e-03 7.48328e-02
192  1373 -7.28642e+01 8.12390e-03 7.46062e-02
193  1405 -7.36420e+01 7.83787e-03 7.46257e-02
194  1438 -7.21521e+01 7.77196e-03 7.38204e-02
195  1472 -7.11997e+01 7.69794e-03 7.38018e-02
196  1506 -7.14137e+01 7.61012e-03 7.36427e-02
197  1541 -7.66260e+01 7.55463e-03 7.38311e-02
198  1577 -7.51463e+01 7.84543e-03 7.42135e-02
199  1614 -7.27386e+01 7.60996e-03 7.39082e-02
200  1652 -7.31436e+01 7.40626e-03 7.32321e-02
201  1690 -7.33010e+01 7.54370e-03 7.37277e-02
202  1730 -7.40693e+01 7.46426e-03 7.31712e-02
203  1770 -7.56507e+01 7.44182e-03 7.31833e-02
204  1811 -7.56394e+01 7.52266e-03 7.35337e-02
205  1854 -7.26231e+01 7.48383e-03 7.33317e-02
206  1897 -7.30486e+01 7.43664e-03 7.32668e-02
207  1941 -7.00863e+01 7.39610e-03 7.31157e-02
208  1987 -7.49280e+01 7.46172e-03 7.32473e-02
209  2033 -7.43086e+01 7.37605e-03 7.31201e-02
210  2081 -6.96168e+01 7.40917e-03 7.31587e-02
211  2129 -7.31195e+01 7.45239e-03 7.31276e-02
212  2179 -7.63246e+01 7.44541e-03 7.31397e-02
213  2230 -7.27569e+01 7.38169e-03 7.31472e-02
214  2282 -7.34817e+01 7.39503e-03 7.31470e-02
215  2335 -7.60010e+01 7.40250e-03 7.31223e-02
216  2390 -7.26024e+01 7.37356e-03 7.30422e-02
217  2446 -7.50749e+01 7.36053e-03 7.30234e-02
218  2503 -7.77294e+01 7.36971e-03 7.29912e-02
219  2561 -7.27655e+01 7.36877e-03 7.30364e-02
220  2621 -7.10258e+01 7.38754e-03 7.30445e-02
221  2682 -7.32438e+01 7.37728e-03 7.30202e-02
222  2745 -7.53149e+01 7.36827e-03 7.29905e-02
223  2809 -7.03764e+01 7.36357e-03 7.29941e-02
224  2875 -7.00062e+01 7.36217e-03 7.29843e-02
225  2942 -7.21428e+01 7.36399e-03 7.29664e-02
226  3010 -7.07496e+01 7.36569e-03 7.29637e-02
227  3081 -6.90338e+01 7.36726e-03 7.29573e-02
228  3153 -7.69841e+01 7.36489e-03 7.29533e-02
229  3226 -7.66623e+01 7.36261e-03 7.29516e-02
230  3302 -7.20579e+01 7.36052e-03 7.29525e-02
231  3379 -7.05525e+01 7.36017e-03 7.29613e-02
232  3458 -7.58590e+01 7.35944e-03 7.29628e-02
233  3538 -7.12454e+01 7.35755e-03 7.29615e-02
234  3621 -7.23324e+01 7.35668e-03 7.29600e-02
235  3706 -7.36315e+01 7.35713e-03 7.29612e-02
236  3792 -7.32388e+01 7.35669e-03 7.29599e-02
237  3881 -7.39610e+01 7.35674e-03 7.29594e-02
238  3971 -7.13626e+01 7.35715e-03 7.29596e-02
239  4064 -7.43455e+01 7.35741e-03 7.29584e-02
240  4159 -7.38315e+01 7.35758e-03 7.29593e-02
241  4256 -6.96571e+01 7.35803e-03 7.29596e-02
242  4356 -7.42460e+01 7.35813e-03 7.29592e-02
243  4457 -7.48340e+01 7.35762e-03 7.29618e-02
244  4561 -7.34237e+01 7.35778e-03 7.29611e-02
245  4668 -7.12567e+01 7.35799e-03 7.29610e-02
246  4777 -7.25264e+01 7.35785e-03 7.29608e-02
247  4889 -7.42141e+01 7.35749e-03 7.29601e-02
248  5003 -7.15191e+01 7.35780e-03 7.29613e-02
249  5120 -7.38811e+01 7.35776e-03 7.29621e-02
250  5239 -7.39208e+01 7.35794e-03 7.29619e-02
251  5361 -7.36115e+01 7.35713e-03 7.29602e-02
252  5487 -7.13868e+01 7.35746e-03 7.29592e-02
253  5615 -7.28266e+01 7.35760e-03 7.29570e-02
254  5746 -7.53582e+01 7.35840e-03 7.29576e-02
255  5880 -7.31529e+01 7.35796e-03 7.29572e-02
256  6017 -7.40449e+01 7.35788e-03 7.29565e-02
257  6158 -7.36924e+01 7.35784e-03 7.29555e-02
258  6302 -7.32853e+01 7.35824e-03 7.29538e-02
259  6449 -7.22716e+01 7.35731e-03 7.29513e-02
260  6600 -7.33998e+01 7.35683e-03 7.29505e-02
261  6754 -7.50190e+01 7.35637e-03 7.29514e-02
262  6911 -7.14635e+01 7.35701e-03 7.29519e-02
263  7073 -7.29507e+01 7.35542e-03 7.29501e-02
264  7238 -7.43982e+01 7.35517e-03 7.29501e-02
265  7407 -7.00717e+01 7.35478e-03 7.29510e-02
266  7580 -7.12393e+01 7.35515e-03 7.29507e-02
267  7757 -7.23397e+01 7.35548e-03 7.29510e-02
268  7938 -7.30277e+01 7.35513e-03 7.29480e-02
269  8124 -7.43627e+01 7.35477e-03 7.29461e-02
270  8313 -7.48481e+01 7.35479e-03 7.29464e-02
271  8507 -6.68839e+01 7.35539e-03 7.29457e-02
272  8706 -7.27066e+01 7.35411e-03 7.29440e-02
273  8909 -7.22156e+01 7.35480e-03 7.29448e-02
274  9118 -7.52854e+01 7.35462e-03 7.29469e-02
275  9330 -7.27881e+01 7.35432e-03 7.29465e-02
276  9548 -7.38780e+01 7.35449e-03 7.29461e-02
277  9771 -7.56099e+01 7.35389e-03 7.29448e-02
278 10000 -7.34429e+01 7.35510e-03 7.29459e-02
