i, epoch, loss, l2_err, h1_err
  0     1 -5.21890e+00 9.02631e-01 9.94673e-01
  1     2 -1.44622e+01 8.46574e-01 9.59152e-01
  2     3 -2.46643e+01 7.90044e-01 9.26174e-01
  3     4 -2.95464e+01 7.34583e-01 8.89764e-01
  4     5 -3.63526e+01 6.80742e-01 8.50084e-01
  5     6 -4.22740e+01 6.29222e-01 8.05724e-01
  6     7 -4.66087e+01 5.80088e-01 7.58194e-01
  7     8 -5.21931e+01 5.33469e-01 7.09381e-01
  8     9 -5.58171e+01 4.90072e-01 6.61922e-01
  9    10 -5.78372e+01 4.49442e-01 6.20331e-01
 10    11 -6.01455e+01 4.11325e-01 5.86788e-01
 11    12 -5.95688e+01 3.75873e-01 5.61448e-01
 12    13 -6.59180e+01 3.42661e-01 5.42631e-01
 13    14 -6.78726e+01 3.11854e-01 5.27554e-01
 14    15 -6.95709e+01 2.83063e-01 5.12861e-01
 15    16 -6.66471e+01 2.56368e-01 4.96346e-01
 16    17 -6.94020e+01 2.31479e-01 4.76617e-01
 17    18 -7.05673e+01 2.08542e-01 4.53282e-01
 18    19 -6.82760e+01 1.87495e-01 4.26936e-01
 19    20 -7.47286e+01 1.68187e-01 3.99031e-01
 20    21 -7.37712e+01 1.50928e-01 3.72466e-01
 21    22 -7.19128e+01 1.35765e-01 3.49110e-01
 22    23 -7.16066e+01 1.23280e-01 3.31040e-01
 23    24 -7.30016e+01 1.13269e-01 3.17544e-01
 24    25 -6.90038e+01 1.05959e-01 3.08423e-01
 25    26 -7.25627e+01 1.01886e-01 3.03275e-01
 26    27 -7.50101e+01 1.00543e-01 3.00551e-01
 27    28 -7.51018e+01 1.01609e-01 2.99546e-01
 28    29 -7.29927e+01 1.04533e-01 2.98683e-01
 29    30 -7.26414e+01 1.08736e-01 2.97825e-01
 30    31 -7.40919e+01 1.13473e-01 2.96454e-01
 31    32 -7.43639e+01 1.18318e-01 2.92698e-01
 32    33 -6.98097e+01 1.22714e-01 2.88044e-01
 33    34 -7.25606e+01 1.26546e-01 2.82025e-01
 34    35 -7.15094e+01 1.29494e-01 2.75167e-01
 35    36 -7.39164e+01 1.31564e-01 2.67579e-01
 36    37 -7.13607e+01 1.32336e-01 2.58981e-01
 37    38 -7.08228e+01 1.31560e-01 2.49226e-01
 38    39 -7.71040e+01 1.29768e-01 2.39085e-01
 39    40 -7.33751e+01 1.26883e-01 2.28201e-01
 40    41 -7.07321e+01 1.23059e-01 2.17604e-01
 41    42 -7.08140e+01 1.18080e-01 2.07957e-01
 42    43 -7.12195e+01 1.12671e-01 2.00585e-01
 43    44 -6.98923e+01 1.06803e-01 1.95341e-01
 44    45 -7.33808e+01 1.00469e-01 1.92018e-01
 45    46 -7.26540e+01 9.39278e-02 1.90387e-01
 46    47 -7.02132e+01 8.70931e-02 1.89245e-01
 47    48 -7.24402e+01 7.99740e-02 1.87859e-01
 48    49 -7.05932e+01 7.25173e-02 1.86241e-01
 49    50 -7.16823e+01 6.48181e-02 1.84609e-01
 50    51 -7.39814e+01 5.70452e-02 1.82953e-01
 51    53 -7.11744e+01 4.33846e-02 1.77959e-01
 52    54 -7.10741e+01 3.81306e-02 1.74396e-01
 53    55 -6.94256e+01 3.47156e-02 1.70238e-01
 54    56 -7.33408e+01 3.29852e-02 1.65508e-01
 55    58 -7.36044e+01 3.32493e-02 1.55096e-01
 56    59 -7.35623e+01 3.43765e-02 1.49868e-01
 57    60 -7.04555e+01 3.58942e-02 1.45361e-01
 58    62 -7.24223e+01 3.94330e-02 1.40515e-01
 59    63 -7.14596e+01 4.13358e-02 1.39723e-01
 60    65 -7.28038e+01 4.39081e-02 1.39388e-01
 61    66 -7.37694e+01 4.42867e-02 1.40257e-01
 62    68 -7.40498e+01 4.38215e-02 1.42647e-01
 63    69 -7.43919e+01 4.28619e-02 1.42688e-01
 64    71 -7.01508e+01 3.92519e-02 1.39606e-01
 65    73 -7.46483e+01 3.43656e-02 1.35319e-01
 66    74 -7.45669e+01 3.18789e-02 1.34928e-01
 67    76 -7.40044e+01 2.66628e-02 1.32694e-01
 68    78 -7.11500e+01 2.21194e-02 1.29139e-01
 69    80 -7.04971e+01 1.98713e-02 1.26987e-01
 70    82 -7.33231e+01 1.95945e-02 1.26333e-01
 71    84 -7.16726e+01 1.99937e-02 1.26010e-01
 72    86 -7.36747e+01 2.06090e-02 1.26594e-01
 73    88 -7.04326e+01 2.07437e-02 1.26666e-01
 74    90 -7.36594e+01 2.04151e-02 1.25726e-01
 75    92 -7.13041e+01 2.02546e-02 1.25771e-01
 76    94 -7.43420e+01 1.97754e-02 1.25066e-01
 77    96 -7.36081e+01 1.96064e-02 1.25339e-01
 78    98 -7.66256e+01 1.91288e-02 1.24594e-01
 79   101 -7.03703e+01 1.85491e-02 1.24694e-01
 80   103 -7.35069e+01 1.83649e-02 1.24526e-01
 81   105 -7.31056e+01 1.83130e-02 1.24806e-01
 82   108 -7.44446e+01 1.89535e-02 1.25409e-01
 83   110 -7.23534e+01 1.88211e-02 1.24713e-01
 84   113 -7.49397e+01 1.98709e-02 1.25578e-01
 85   116 -7.39226e+01 1.93590e-02 1.24779e-01
 86   118 -7.39189e+01 2.03406e-02 1.26914e-01
 87   121 -7.57424e+01 1.91118e-02 1.26364e-01
 88   124 -7.29296e+01 1.85232e-02 1.25266e-01
 89   127 -7.34053e+01 2.00852e-02 1.26472e-01
 90   130 -7.31134e+01 2.03110e-02 1.27278e-01
 91   133 -7.63624e+01 2.09905e-02 1.27088e-01
 92   136 -7.17164e+01 1.95153e-02 1.26315e-01
 93   139 -7.14783e+01 1.93235e-02 1.26637e-01
 94   143 -7.71209e+01 2.01084e-02 1.27287e-01
 95   146 -7.56893e+01 2.03725e-02 1.27784e-01
 96   149 -7.34615e+01 1.96096e-02 1.26949e-01
 97   153 -7.30675e+01 1.97669e-02 1.28080e-01
 98   156 -7.46016e+01 1.95300e-02 1.27904e-01
 99   160 -7.20443e+01 1.96084e-02 1.26970e-01
100   164 -7.26163e+01 1.92017e-02 1.25441e-01
101   168 -7.30279e+01 1.86745e-02 1.25598e-01
102   172 -6.90246e+01 1.91524e-02 1.24956e-01
103   176 -7.18441e+01 2.06506e-02 1.27461e-01
104   180 -7.25159e+01 1.95430e-02 1.26616e-01
105   184 -7.37590e+01 1.95720e-02 1.25464e-01
106   188 -6.92507e+01 1.91090e-02 1.26581e-01
107   193 -7.16321e+01 1.89651e-02 1.25633e-01
108   197 -7.25927e+01 1.90755e-02 1.26515e-01
109   202 -7.59861e+01 1.88351e-02 1.25432e-01
110   206 -7.28379e+01 1.88119e-02 1.25075e-01
111   211 -7.49387e+01 1.84551e-02 1.24042e-01
112   216 -7.10465e+01 1.88610e-02 1.25531e-01
113   221 -7.25948e+01 1.85568e-02 1.24324e-01
114   226 -7.10240e+01 1.91337e-02 1.24818e-01
115   232 -7.03418e+01 1.97049e-02 1.26762e-01
116   237 -7.18735e+01 1.86128e-02 1.25696e-01
117   243 -7.32180e+01 1.83275e-02 1.25174e-01
118   248 -7.21975e+01 2.06896e-02 1.28419e-01
119   254 -7.28980e+01 2.10623e-02 1.27380e-01
120   260 -7.53060e+01 2.05375e-02 1.27541e-01
121   266 -7.35624e+01 1.97882e-02 1.26397e-01
122   272 -7.56113e+01 2.12765e-02 1.28712e-01
123   279 -7.51385e+01 2.08221e-02 1.28893e-01
124   285 -7.31906e+01 1.92239e-02 1.26518e-01
125   292 -7.39190e+01 2.10335e-02 1.29489e-01
126   299 -7.50688e+01 1.93018e-02 1.25888e-01
127   306 -7.29703e+01 2.04018e-02 1.27501e-01
128   313 -7.35695e+01 2.05789e-02 1.29925e-01
129   320 -7.38391e+01 2.00046e-02 1.25882e-01
130   328 -7.27817e+01 2.09252e-02 1.30326e-01
131   335 -7.37165e+01 1.96154e-02 1.26350e-01
132   343 -7.47047e+01 2.02776e-02 1.27243e-01
133   351 -7.46083e+01 2.09006e-02 1.28157e-01
134   360 -7.46904e+01 2.06780e-02 1.27896e-01
135   368 -7.76682e+01 2.00940e-02 1.27476e-01
136   377 -7.43618e+01 1.95919e-02 1.26757e-01
137   385 -7.66646e+01 1.90255e-02 1.25148e-01
138   394 -7.33170e+01 1.97081e-02 1.27997e-01
139   404 -7.38130e+01 1.95207e-02 1.27205e-01
140   413 -7.55936e+01 2.14772e-02 1.29606e-01
141   423 -7.46985e+01 1.96259e-02 1.25679e-01
142   433 -7.43132e+01 2.13008e-02 1.28955e-01
143   443 -7.44738e+01 2.11128e-02 1.28015e-01
144   453 -6.89499e+01 1.97188e-02 1.26389e-01
145   464 -7.15287e+01 2.08497e-02 1.27501e-01
146   474 -7.41956e+01 2.01539e-02 1.26236e-01
147   486 -7.30305e+01 2.04768e-02 1.28437e-01
148   497 -7.25122e+01 2.08859e-02 1.28328e-01
149   509 -7.30106e+01 1.97300e-02 1.26400e-01
150   520 -7.40991e+01 1.98645e-02 1.29117e-01
151   533 -7.21826e+01 2.07568e-02 1.29472e-01
152   545 -7.33615e+01 2.02993e-02 1.28783e-01
153   558 -7.36327e+01 2.07590e-02 1.29375e-01
154   571 -7.16688e+01 1.83070e-02 1.25649e-01
155   584 -7.43105e+01 1.99540e-02 1.27847e-01
156   598 -7.00647e+01 2.06298e-02 1.29552e-01
157   612 -7.42236e+01 2.16340e-02 1.29026e-01
158   626 -6.95880e+01 2.01312e-02 1.27520e-01
159   641 -7.44986e+01 1.93741e-02 1.25673e-01
160   656 -7.66876e+01 1.91823e-02 1.25476e-01
161   671 -7.36544e+01 1.89492e-02 1.25374e-01
162   687 -7.61767e+01 1.86410e-02 1.25548e-01
163   703 -7.62184e+01 2.06378e-02 1.29706e-01
164   719 -7.18376e+01 1.86342e-02 1.25375e-01
165   736 -7.16377e+01 1.90816e-02 1.26070e-01
166   753 -7.28207e+01 1.85620e-02 1.24405e-01
167   771 -6.83204e+01 1.86080e-02 1.24752e-01
168   789 -7.42468e+01 1.94403e-02 1.26631e-01
169   807 -7.25522e+01 1.92857e-02 1.25482e-01
170   826 -7.36022e+01 1.88975e-02 1.24681e-01
171   845 -7.14765e+01 2.03921e-02 1.26837e-01
172   865 -7.39863e+01 1.97270e-02 1.25900e-01
173   885 -7.38211e+01 1.90456e-02 1.25114e-01
174   906 -7.23869e+01 1.81449e-02 1.24297e-01
175   927 -7.10202e+01 1.88941e-02 1.24424e-01
176   949 -7.18291e+01 1.86798e-02 1.24765e-01
177   971 -7.40412e+01 1.82636e-02 1.24268e-01
178   994 -6.84074e+01 1.88843e-02 1.25428e-01
179  1017 -7.52694e+01 1.88031e-02 1.24708e-01
180  1041 -7.53315e+01 1.86111e-02 1.24980e-01
181  1065 -7.27756e+01 1.86008e-02 1.24452e-01
182  1090 -7.81407e+01 1.84652e-02 1.24023e-01
183  1115 -7.30334e+01 1.81800e-02 1.23694e-01
184  1141 -7.44777e+01 1.81299e-02 1.23696e-01
185  1168 -7.39777e+01 1.82797e-02 1.23979e-01
186  1195 -7.20539e+01 1.80594e-02 1.23744e-01
187  1223 -7.36696e+01 1.84817e-02 1.24321e-01
188  1252 -7.39280e+01 1.91195e-02 1.24697e-01
189  1281 -7.47938e+01 1.88233e-02 1.24211e-01
190  1311 -7.42343e+01 1.82341e-02 1.23503e-01
191  1342 -7.34156e+01 1.82363e-02 1.23627e-01
192  1373 -7.36213e+01 1.83183e-02 1.23577e-01
193  1405 -7.18276e+01 1.79779e-02 1.23395e-01
194  1438 -7.18154e+01 1.84691e-02 1.23640e-01
195  1472 -7.46678e+01 1.79129e-02 1.23489e-01
196  1506 -7.16609e+01 1.83195e-02 1.23837e-01
197  1541 -7.24939e+01 1.84248e-02 1.23467e-01
198  1577 -7.23153e+01 1.81209e-02 1.23317e-01
199  1614 -7.38320e+01 1.81583e-02 1.23422e-01
200  1652 -7.33318e+01 1.80270e-02 1.23446e-01
201  1690 -7.42118e+01 1.80702e-02 1.23298e-01
202  1730 -7.60998e+01 1.82060e-02 1.23262e-01
203  1770 -7.29189e+01 1.82116e-02 1.23363e-01
204  1811 -7.53419e+01 1.80026e-02 1.23285e-01
205  1854 -7.55308e+01 1.79748e-02 1.23184e-01
206  1897 -7.39256e+01 1.79234e-02 1.23294e-01
207  1941 -7.55972e+01 1.79204e-02 1.23182e-01
208  1987 -7.10450e+01 1.78918e-02 1.23222e-01
209  2033 -7.37741e+01 1.80259e-02 1.23217e-01
210  2081 -7.18047e+01 1.79871e-02 1.23306e-01
211  2129 -7.34931e+01 1.79728e-02 1.23267e-01
212  2179 -7.43997e+01 1.81009e-02 1.23297e-01
213  2230 -7.17034e+01 1.79466e-02 1.23252e-01
214  2282 -7.09946e+01 1.79444e-02 1.23176e-01
215  2335 -7.52286e+01 1.79735e-02 1.23167e-01
216  2390 -7.08879e+01 1.80734e-02 1.23310e-01
217  2446 -7.41142e+01 1.79931e-02 1.23287e-01
218  2503 -7.33934e+01 1.79230e-02 1.23187e-01
219  2561 -7.07658e+01 1.78969e-02 1.23132e-01
220  2621 -7.50249e+01 1.78960e-02 1.23158e-01
221  2682 -7.11189e+01 1.79004e-02 1.23203e-01
222  2745 -7.62822e+01 1.79075e-02 1.23192e-01
223  2809 -7.40517e+01 1.79246e-02 1.23195e-01
224  2875 -7.45264e+01 1.79375e-02 1.23212e-01
225  2942 -7.19884e+01 1.79489e-02 1.23219e-01
226  3010 -7.50077e+01 1.79453e-02 1.23213e-01
227  3081 -7.03348e+01 1.79442e-02 1.23211e-01
228  3153 -7.13876e+01 1.79500e-02 1.23215e-01
229  3226 -7.18787e+01 1.79494e-02 1.23211e-01
230  3302 -7.05459e+01 1.79509e-02 1.23210e-01
231  3379 -7.26028e+01 1.79467e-02 1.23206e-01
232  3458 -7.02611e+01 1.79468e-02 1.23202e-01
233  3538 -7.39435e+01 1.79464e-02 1.23201e-01
234  3621 -7.41348e+01 1.79475e-02 1.23201e-01
235  3706 -7.06827e+01 1.79449e-02 1.23199e-01
236  3792 -7.10786e+01 1.79446e-02 1.23198e-01
237  3881 -7.34314e+01 1.79432e-02 1.23198e-01
238  3971 -7.55375e+01 1.79430e-02 1.23198e-01
239  4064 -7.24001e+01 1.79434e-02 1.23198e-01
240  4159 -7.07875e+01 1.79432e-02 1.23198e-01
241  4256 -7.49287e+01 1.79433e-02 1.23198e-01
242  4356 -7.09308e+01 1.79429e-02 1.23198e-01
243  4457 -7.13666e+01 1.79429e-02 1.23199e-01
244  4561 -7.32727e+01 1.79427e-02 1.23198e-01
245  4668 -7.28691e+01 1.79413e-02 1.23195e-01
246  4777 -7.08195e+01 1.79406e-02 1.23195e-01
247  4889 -7.64328e+01 1.79401e-02 1.23195e-01
248  5003 -7.34471e+01 1.79394e-02 1.23194e-01
249  5120 -7.26852e+01 1.79388e-02 1.23194e-01
250  5239 -7.50659e+01 1.79379e-02 1.23193e-01
251  5361 -7.35977e+01 1.79376e-02 1.23193e-01
252  5487 -7.37154e+01 1.79360e-02 1.23191e-01
253  5615 -7.06761e+01 1.79353e-02 1.23190e-01
254  5746 -7.47364e+01 1.79354e-02 1.23191e-01
255  5880 -7.33796e+01 1.79344e-02 1.23190e-01
256  6017 -7.11892e+01 1.79347e-02 1.23188e-01
257  6158 -7.45680e+01 1.79362e-02 1.23190e-01
258  6302 -7.10413e+01 1.79359e-02 1.23189e-01
259  6449 -7.61663e+01 1.79365e-02 1.23188e-01
260  6600 -7.33197e+01 1.79375e-02 1.23189e-01
261  6754 -7.55137e+01 1.79370e-02 1.23189e-01
262  6911 -7.39150e+01 1.79373e-02 1.23188e-01
263  7073 -7.59782e+01 1.79388e-02 1.23188e-01
264  7238 -7.06990e+01 1.79389e-02 1.23187e-01
265  7407 -7.28523e+01 1.79374e-02 1.23185e-01
266  7580 -7.20342e+01 1.79372e-02 1.23185e-01
267  7757 -7.22447e+01 1.79351e-02 1.23183e-01
268  7938 -7.59514e+01 1.79321e-02 1.23179e-01
269  8124 -7.37646e+01 1.79323e-02 1.23178e-01
270  8313 -7.43612e+01 1.79329e-02 1.23178e-01
271  8507 -7.49916e+01 1.79342e-02 1.23179e-01
272  8706 -7.28456e+01 1.79319e-02 1.23176e-01
273  8909 -7.39075e+01 1.79317e-02 1.23177e-01
274  9118 -7.19290e+01 1.79322e-02 1.23177e-01
275  9330 -7.36776e+01 1.79328e-02 1.23178e-01
276  9548 -7.16339e+01 1.79327e-02 1.23175e-01
277  9771 -7.76576e+01 1.79330e-02 1.23173e-01
278 10000 -7.43633e+01 1.79336e-02 1.23173e-01
