i, epoch, loss, l2_err, h1_err
  0     1 -1.24929e+01 8.89985e-01 8.49587e-01
  1     2 -2.03817e+01 8.20937e-01 7.78184e-01
  2     3 -2.84798e+01 7.54347e-01 7.15110e-01
  3     4 -3.56892e+01 6.90339e-01 6.61316e-01
  4     5 -4.26290e+01 6.28498e-01 6.17058e-01
  5     6 -4.59296e+01 5.68505e-01 5.81765e-01
  6     7 -5.04556e+01 5.09746e-01 5.53778e-01
  7     8 -5.37518e+01 4.52396e-01 5.31246e-01
  8     9 -5.84044e+01 3.96903e-01 5.12804e-01
  9    10 -6.04383e+01 3.44170e-01 4.97246e-01
 10    11 -6.53991e+01 2.95341e-01 4.83675e-01
 11    12 -6.32812e+01 2.52272e-01 4.71779e-01
 12    13 -6.68646e+01 2.16572e-01 4.61313e-01
 13    14 -6.99949e+01 1.90258e-01 4.51971e-01
 14    15 -7.18821e+01 1.74386e-01 4.43370e-01
 15    16 -7.01397e+01 1.68927e-01 4.35605e-01
 16    17 -7.03665e+01 1.72020e-01 4.28853e-01
 17    18 -7.32809e+01 1.80594e-01 4.23132e-01
 18    19 -7.54277e+01 1.91710e-01 4.18406e-01
 19    20 -7.13338e+01 2.03575e-01 4.15114e-01
 20    21 -6.98057e+01 2.14762e-01 4.13032e-01
 21    22 -7.37587e+01 2.24420e-01 4.11944e-01
 22    23 -7.15006e+01 2.32128e-01 4.11713e-01
 23    24 -6.82322e+01 2.37451e-01 4.11671e-01
 24    25 -7.03316e+01 2.40470e-01 4.11645e-01
 25    26 -7.29388e+01 2.41278e-01 4.11348e-01
 26    27 -6.82640e+01 2.39862e-01 4.10420e-01
 27    28 -6.82251e+01 2.36478e-01 4.08747e-01
 28    29 -6.87725e+01 2.31267e-01 4.06231e-01
 29    30 -6.86706e+01 2.24563e-01 4.02926e-01
 30    31 -6.83340e+01 2.16947e-01 3.99175e-01
 31    32 -7.05800e+01 2.08698e-01 3.95130e-01
 32    33 -7.26894e+01 1.99959e-01 3.90772e-01
 33    34 -6.76244e+01 1.91246e-01 3.86487e-01
 34    35 -7.21061e+01 1.82893e-01 3.82461e-01
 35    36 -7.33901e+01 1.75606e-01 3.78957e-01
 36    37 -6.79665e+01 1.69578e-01 3.75997e-01
 37    38 -6.91515e+01 1.64993e-01 3.73587e-01
 38    39 -7.32953e+01 1.62038e-01 3.71740e-01
 39    40 -7.52046e+01 1.60598e-01 3.70389e-01
 40    41 -7.11758e+01 1.60290e-01 3.69368e-01
 41    42 -7.05780e+01 1.60813e-01 3.68612e-01
 42    43 -6.94913e+01 1.61460e-01 3.67838e-01
 43    44 -7.27654e+01 1.62053e-01 3.66935e-01
 44    45 -7.43468e+01 1.62179e-01 3.65779e-01
 45    46 -7.08415e+01 1.61679e-01 3.64392e-01
 46    47 -7.50825e+01 1.60580e-01 3.62793e-01
 47    48 -7.29835e+01 1.58729e-01 3.60990e-01
 48    49 -7.31670e+01 1.56095e-01 3.59075e-01
 49    50 -7.14126e+01 1.52684e-01 3.57086e-01
 50    51 -7.29046e+01 1.48731e-01 3.55140e-01
 51    53 -7.51741e+01 1.39693e-01 3.51675e-01
 52    54 -7.37220e+01 1.35328e-01 3.50373e-01
 53    55 -7.21765e+01 1.30961e-01 3.49259e-01
 54    56 -7.15466e+01 1.27042e-01 3.48429e-01
 55    58 -6.93897e+01 1.21267e-01 3.47708e-01
 56    59 -7.00525e+01 1.19593e-01 3.47821e-01
 57    60 -7.39306e+01 1.18547e-01 3.48084e-01
 58    62 -7.18497e+01 1.18270e-01 3.48952e-01
 59    63 -6.85653e+01 1.19044e-01 3.49527e-01
 60    65 -7.13621e+01 1.21031e-01 3.50598e-01
 61    66 -7.25007e+01 1.22237e-01 3.51018e-01
 62    68 -7.05657e+01 1.24905e-01 3.51694e-01
 63    69 -7.51908e+01 1.26232e-01 3.51904e-01
 64    71 -7.53930e+01 1.28938e-01 3.52282e-01
 65    73 -7.65034e+01 1.31343e-01 3.52595e-01
 66    74 -7.26720e+01 1.32424e-01 3.52758e-01
 67    76 -7.44284e+01 1.33909e-01 3.52858e-01
 68    78 -6.96573e+01 1.34892e-01 3.52966e-01
 69    80 -7.57179e+01 1.35219e-01 3.52917e-01
 70    82 -7.20364e+01 1.34679e-01 3.52531e-01
 71    84 -7.12463e+01 1.34240e-01 3.52235e-01
 72    86 -7.39301e+01 1.33432e-01 3.51827e-01
 73    88 -7.11016e+01 1.32825e-01 3.51538e-01
 74    90 -7.16053e+01 1.32099e-01 3.51281e-01
 75    92 -7.42324e+01 1.31517e-01 3.51163e-01
 76    94 -7.73136e+01 1.31481e-01 3.51230e-01
 77    96 -7.23781e+01 1.31709e-01 3.51325e-01
 78    98 -7.49116e+01 1.31379e-01 3.51271e-01
 79   101 -7.43128e+01 1.29852e-01 3.50689e-01
 80   103 -7.12519e+01 1.29074e-01 3.50477e-01
 81   105 -7.57821e+01 1.28671e-01 3.50378e-01
 82   108 -7.19976e+01 1.28322e-01 3.50378e-01
 83   110 -7.44075e+01 1.28382e-01 3.50467e-01
 84   113 -7.12467e+01 1.29137e-01 3.50673e-01
 85   116 -7.21935e+01 1.30571e-01 3.50914e-01
 86   118 -7.41536e+01 1.32087e-01 3.51287e-01
 87   121 -7.33519e+01 1.32781e-01 3.51453e-01
 88   124 -7.45982e+01 1.30723e-01 3.50637e-01
 89   127 -7.22903e+01 1.28700e-01 3.49977e-01
 90   130 -7.50582e+01 1.29329e-01 3.50341e-01
 91   133 -7.33205e+01 1.31659e-01 3.51341e-01
 92   136 -7.23404e+01 1.32119e-01 3.51635e-01
 93   139 -7.45234e+01 1.29837e-01 3.50592e-01
 94   143 -7.02267e+01 1.30345e-01 3.50790e-01
 95   146 -7.35005e+01 1.31462e-01 3.51299e-01
 96   149 -7.11166e+01 1.30809e-01 3.50903e-01
 97   153 -7.41465e+01 1.29789e-01 3.50372e-01
 98   156 -7.11267e+01 1.30979e-01 3.50775e-01
 99   160 -7.32226e+01 1.31086e-01 3.50865e-01
100   164 -7.51923e+01 1.29884e-01 3.50586e-01
101   168 -7.21135e+01 1.29596e-01 3.50322e-01
102   172 -6.98509e+01 1.30077e-01 3.50539e-01
103   176 -7.50116e+01 1.30558e-01 3.50711e-01
104   180 -7.64156e+01 1.30355e-01 3.51025e-01
105   184 -7.29594e+01 1.30364e-01 3.51212e-01
106   188 -7.15203e+01 1.31442e-01 3.51211e-01
107   193 -7.20029e+01 1.29442e-01 3.49958e-01
108   197 -7.46547e+01 1.30196e-01 3.50227e-01
109   202 -7.17279e+01 1.33136e-01 3.51738e-01
110   206 -7.31248e+01 1.30322e-01 3.50791e-01
111   211 -7.56389e+01 1.30236e-01 3.50869e-01
112   216 -7.42384e+01 1.30807e-01 3.51021e-01
113   221 -7.02523e+01 1.30778e-01 3.50655e-01
114   226 -7.32090e+01 1.31740e-01 3.51042e-01
115   232 -7.00417e+01 1.28583e-01 3.50228e-01
116   237 -6.96439e+01 1.30215e-01 3.50842e-01
117   243 -7.34975e+01 1.30160e-01 3.50466e-01
118   248 -7.23254e+01 1.31079e-01 3.50245e-01
119   254 -7.10335e+01 1.32787e-01 3.51144e-01
120   260 -7.41530e+01 1.28788e-01 3.49626e-01
121   266 -7.29736e+01 1.31337e-01 3.51060e-01
122   272 -7.19621e+01 1.29245e-01 3.50674e-01
123   279 -7.12580e+01 1.31114e-01 3.51127e-01
124   285 -7.17740e+01 1.28823e-01 3.50367e-01
125   292 -7.35536e+01 1.29518e-01 3.50256e-01
126   299 -7.36878e+01 1.29635e-01 3.50521e-01
127   306 -7.18548e+01 1.30597e-01 3.50877e-01
128   313 -7.36720e+01 1.29767e-01 3.50651e-01
129   320 -7.15735e+01 1.30249e-01 3.50541e-01
130   328 -7.45676e+01 1.30098e-01 3.50547e-01
131   335 -7.30031e+01 1.29797e-01 3.50514e-01
132   343 -7.37039e+01 1.31534e-01 3.51133e-01
133   351 -6.93954e+01 1.30542e-01 3.50460e-01
134   360 -7.33800e+01 1.28793e-01 3.50181e-01
135   368 -7.33454e+01 1.32065e-01 3.51251e-01
136   377 -7.62404e+01 1.29325e-01 3.49972e-01
137   385 -7.34802e+01 1.31193e-01 3.51123e-01
138   394 -7.25426e+01 1.29498e-01 3.50670e-01
139   404 -7.58569e+01 1.29927e-01 3.50693e-01
140   413 -7.23340e+01 1.30317e-01 3.50762e-01
141   423 -7.34083e+01 1.29902e-01 3.50688e-01
142   433 -6.95158e+01 1.31756e-01 3.51522e-01
143   443 -7.41760e+01 1.30254e-01 3.50704e-01
144   453 -6.86111e+01 1.30245e-01 3.50786e-01
145   464 -7.24455e+01 1.30539e-01 3.50820e-01
146   474 -6.94761e+01 1.30135e-01 3.50695e-01
147   486 -6.95782e+01 1.30130e-01 3.50103e-01
148   497 -7.16324e+01 1.29210e-01 3.50248e-01
149   509 -7.37824e+01 1.31379e-01 3.51134e-01
150   520 -7.43809e+01 1.30404e-01 3.50637e-01
151   533 -7.59586e+01 1.29688e-01 3.50552e-01
152   545 -7.02321e+01 1.30008e-01 3.51120e-01
153   558 -7.48649e+01 1.31549e-01 3.51034e-01
154   571 -7.53818e+01 1.30274e-01 3.50245e-01
155   584 -7.24465e+01 1.30390e-01 3.50710e-01
156   598 -7.47176e+01 1.30097e-01 3.50605e-01
157   612 -6.90748e+01 1.30752e-01 3.51061e-01
158   626 -7.26974e+01 1.30798e-01 3.51349e-01
159   641 -7.48397e+01 1.29019e-01 3.49905e-01
160   656 -7.16225e+01 1.30717e-01 3.50901e-01
161   671 -7.46915e+01 1.30395e-01 3.50826e-01
162   687 -7.19253e+01 1.30204e-01 3.50366e-01
163   703 -7.38695e+01 1.29381e-01 3.50554e-01
164   719 -7.04497e+01 1.29216e-01 3.50329e-01
165   736 -7.40338e+01 1.29830e-01 3.50574e-01
166   753 -7.44536e+01 1.30149e-01 3.50514e-01
167   771 -7.34053e+01 1.30048e-01 3.50880e-01
168   789 -7.53723e+01 1.29875e-01 3.50579e-01
169   807 -7.41333e+01 1.31113e-01 3.50673e-01
170   826 -7.63256e+01 1.31038e-01 3.50858e-01
171   845 -7.05686e+01 1.30364e-01 3.50734e-01
172   865 -7.43595e+01 1.31378e-01 3.50996e-01
173   885 -7.36273e+01 1.30891e-01 3.51174e-01
174   906 -7.20498e+01 1.30682e-01 3.50986e-01
175   927 -7.08047e+01 1.30676e-01 3.50965e-01
176   949 -7.33002e+01 1.30264e-01 3.50434e-01
177   971 -7.13477e+01 1.30614e-01 3.50833e-01
178   994 -7.27250e+01 1.30895e-01 3.50911e-01
179  1017 -6.88860e+01 1.31280e-01 3.51088e-01
180  1041 -7.10602e+01 1.30178e-01 3.50592e-01
181  1065 -7.19044e+01 1.31164e-01 3.51115e-01
182  1090 -7.50256e+01 1.30894e-01 3.50924e-01
183  1115 -7.48979e+01 1.30148e-01 3.50725e-01
184  1141 -7.44506e+01 1.29871e-01 3.50519e-01
185  1168 -7.37916e+01 1.30767e-01 3.50811e-01
186  1195 -7.44996e+01 1.30777e-01 3.50686e-01
187  1223 -7.21171e+01 1.30337e-01 3.50751e-01
188  1252 -7.35971e+01 1.30467e-01 3.50784e-01
189  1281 -7.62058e+01 1.30763e-01 3.50888e-01
190  1311 -7.32381e+01 1.30166e-01 3.50735e-01
191  1342 -7.28380e+01 1.30922e-01 3.51210e-01
192  1373 -7.00299e+01 1.30360e-01 3.50861e-01
193  1405 -7.22345e+01 1.30485e-01 3.50720e-01
194  1438 -7.08494e+01 1.30696e-01 3.50817e-01
195  1472 -7.24688e+01 1.29896e-01 3.50564e-01
196  1506 -7.36891e+01 1.30300e-01 3.50665e-01
197  1541 -7.19221e+01 1.30382e-01 3.50680e-01
198  1577 -7.14386e+01 1.30331e-01 3.50616e-01
199  1614 -6.85405e+01 1.30544e-01 3.50695e-01
200  1652 -7.20824e+01 1.30770e-01 3.50701e-01
201  1690 -7.47411e+01 1.30093e-01 3.50548e-01
202  1730 -7.30776e+01 1.30576e-01 3.50724e-01
203  1770 -7.25460e+01 1.30485e-01 3.50688e-01
204  1811 -6.86207e+01 1.30111e-01 3.50503e-01
205  1854 -7.45337e+01 1.30685e-01 3.50673e-01
206  1897 -6.91300e+01 1.30203e-01 3.50563e-01
207  1941 -7.38845e+01 1.30242e-01 3.50637e-01
208  1987 -7.13301e+01 1.30351e-01 3.50634e-01
209  2033 -7.42695e+01 1.30478e-01 3.50693e-01
210  2081 -7.08748e+01 1.30412e-01 3.50705e-01
211  2129 -7.47719e+01 1.30360e-01 3.50713e-01
212  2179 -7.51178e+01 1.30135e-01 3.50690e-01
213  2230 -7.29240e+01 1.30191e-01 3.50685e-01
214  2282 -7.19682e+01 1.30128e-01 3.50628e-01
215  2335 -7.28653e+01 1.30213e-01 3.50649e-01
216  2390 -7.50338e+01 1.30237e-01 3.50672e-01
217  2446 -6.78973e+01 1.30292e-01 3.50679e-01
218  2503 -7.03244e+01 1.30355e-01 3.50703e-01
219  2561 -6.84473e+01 1.30316e-01 3.50704e-01
220  2621 -6.95248e+01 1.30315e-01 3.50699e-01
221  2682 -7.06378e+01 1.30344e-01 3.50702e-01
222  2745 -7.05162e+01 1.30340e-01 3.50673e-01
223  2809 -7.32724e+01 1.30326e-01 3.50670e-01
224  2875 -7.30435e+01 1.30338e-01 3.50672e-01
225  2942 -7.10302e+01 1.30355e-01 3.50674e-01
226  3010 -7.47275e+01 1.30377e-01 3.50685e-01
227  3081 -7.08409e+01 1.30376e-01 3.50690e-01
228  3153 -7.22482e+01 1.30391e-01 3.50694e-01
229  3226 -7.04041e+01 1.30394e-01 3.50697e-01
230  3302 -7.01625e+01 1.30392e-01 3.50696e-01
231  3379 -7.23603e+01 1.30391e-01 3.50696e-01
232  3458 -7.53046e+01 1.30386e-01 3.50694e-01
233  3538 -7.17357e+01 1.30379e-01 3.50691e-01
234  3621 -7.18091e+01 1.30380e-01 3.50692e-01
235  3706 -7.23799e+01 1.30380e-01 3.50692e-01
236  3792 -7.22349e+01 1.30378e-01 3.50691e-01
237  3881 -7.51661e+01 1.30372e-01 3.50687e-01
238  3971 -7.41319e+01 1.30374e-01 3.50688e-01
239  4064 -7.23427e+01 1.30371e-01 3.50689e-01
240  4159 -7.16980e+01 1.30373e-01 3.50690e-01
241  4256 -7.37907e+01 1.30372e-01 3.50689e-01
242  4356 -7.31142e+01 1.30378e-01 3.50691e-01
243  4457 -7.35902e+01 1.30380e-01 3.50693e-01
244  4561 -7.33592e+01 1.30379e-01 3.50692e-01
245  4668 -7.36193e+01 1.30375e-01 3.50691e-01
246  4777 -7.21319e+01 1.30372e-01 3.50691e-01
247  4889 -7.29769e+01 1.30369e-01 3.50690e-01
248  5003 -7.52056e+01 1.30367e-01 3.50690e-01
249  5120 -7.18797e+01 1.30359e-01 3.50688e-01
250  5239 -7.20583e+01 1.30363e-01 3.50690e-01
251  5361 -7.26168e+01 1.30367e-01 3.50691e-01
252  5487 -7.20957e+01 1.30364e-01 3.50690e-01
253  5615 -7.17212e+01 1.30356e-01 3.50688e-01
254  5746 -7.25524e+01 1.30350e-01 3.50688e-01
255  5880 -7.41086e+01 1.30348e-01 3.50687e-01
256  6017 -7.28747e+01 1.30341e-01 3.50684e-01
257  6158 -7.61325e+01 1.30340e-01 3.50682e-01
258  6302 -7.31680e+01 1.30335e-01 3.50680e-01
259  6449 -7.50594e+01 1.30337e-01 3.50682e-01
260  6600 -7.22960e+01 1.30336e-01 3.50683e-01
261  6754 -7.30081e+01 1.30333e-01 3.50682e-01
262  6911 -7.21391e+01 1.30330e-01 3.50681e-01
263  7073 -7.42923e+01 1.30334e-01 3.50684e-01
264  7238 -7.37877e+01 1.30338e-01 3.50684e-01
265  7407 -7.23562e+01 1.30341e-01 3.50686e-01
266  7580 -7.40617e+01 1.30341e-01 3.50688e-01
267  7757 -7.27332e+01 1.30349e-01 3.50690e-01
268  7938 -6.98186e+01 1.30344e-01 3.50687e-01
269  8124 -6.99526e+01 1.30346e-01 3.50687e-01
270  8313 -7.04162e+01 1.30339e-01 3.50684e-01
271  8507 -7.40798e+01 1.30342e-01 3.50685e-01
272  8706 -7.49859e+01 1.30347e-01 3.50685e-01
273  8909 -7.55377e+01 1.30354e-01 3.50688e-01
274  9118 -7.19719e+01 1.30351e-01 3.50687e-01
275  9330 -7.34379e+01 1.30361e-01 3.50694e-01
276  9548 -7.24513e+01 1.30360e-01 3.50694e-01
277  9771 -7.07235e+01 1.30372e-01 3.50698e-01
278 10000 -7.38907e+01 1.30368e-01 3.50694e-01
