i, epoch, loss, l2_err, h1_err
  0     1 -7.92876e+00 9.71498e-01 1.37588e+00
  1     2 -1.77955e+01 9.49949e-01 1.40960e+00
  2     3 -2.52666e+01 9.28994e-01 1.49539e+00
  3     4 -3.13414e+01 9.08515e-01 1.57881e+00
  4     5 -3.69327e+01 8.88377e-01 1.62957e+00
  5     6 -4.35535e+01 8.67947e-01 1.65131e+00
  6     7 -4.75748e+01 8.46889e-01 1.65089e+00
  7     8 -4.91795e+01 8.25514e-01 1.63662e+00
  8     9 -5.46670e+01 8.03688e-01 1.61386e+00
  9    10 -5.87577e+01 7.81913e-01 1.58747e+00
 10    11 -5.90000e+01 7.60444e-01 1.55865e+00
 11    12 -5.83088e+01 7.39515e-01 1.52943e+00
 12    13 -6.48605e+01 7.19466e-01 1.50008e+00
 13    14 -6.28485e+01 7.00020e-01 1.46959e+00
 14    15 -6.40879e+01 6.81067e-01 1.43695e+00
 15    16 -6.85760e+01 6.62454e-01 1.40073e+00
 16    17 -6.94773e+01 6.43993e-01 1.36208e+00
 17    18 -6.79966e+01 6.25734e-01 1.32249e+00
 18    19 -7.20615e+01 6.07397e-01 1.28304e+00
 19    20 -7.19283e+01 5.89006e-01 1.24425e+00
 20    21 -7.05533e+01 5.70346e-01 1.20615e+00
 21    22 -7.00037e+01 5.51380e-01 1.16877e+00
 22    23 -7.15223e+01 5.32313e-01 1.13251e+00
 23    24 -6.96120e+01 5.13288e-01 1.09778e+00
 24    25 -7.37147e+01 4.94384e-01 1.06433e+00
 25    26 -7.08538e+01 4.75639e-01 1.03159e+00
 26    27 -7.10768e+01 4.57052e-01 9.99249e-01
 27    28 -7.21599e+01 4.38548e-01 9.67302e-01
 28    29 -6.83382e+01 4.20301e-01 9.35778e-01
 29    30 -6.92731e+01 4.02061e-01 9.04249e-01
 30    31 -7.14790e+01 3.84046e-01 8.73070e-01
 31    32 -7.28918e+01 3.66402e-01 8.40849e-01
 32    33 -7.13430e+01 3.49217e-01 8.07935e-01
 33    34 -7.20197e+01 3.32673e-01 7.74561e-01
 34    35 -7.13974e+01 3.16922e-01 7.39154e-01
 35    36 -6.80318e+01 3.01763e-01 7.01534e-01
 36    37 -7.06692e+01 2.87029e-01 6.63340e-01
 37    38 -7.23545e+01 2.72760e-01 6.26170e-01
 38    39 -7.13619e+01 2.58867e-01 5.91093e-01
 39    40 -7.48777e+01 2.45509e-01 5.57341e-01
 40    41 -7.36124e+01 2.32711e-01 5.25214e-01
 41    42 -7.57622e+01 2.20742e-01 4.95076e-01
 42    43 -7.08074e+01 2.09531e-01 4.67325e-01
 43    44 -7.21375e+01 1.99065e-01 4.42509e-01
 44    45 -7.40364e+01 1.89040e-01 4.18337e-01
 45    46 -7.49657e+01 1.79017e-01 3.93894e-01
 46    47 -7.20013e+01 1.69146e-01 3.70906e-01
 47    48 -7.65507e+01 1.59519e-01 3.49592e-01
 48    49 -7.66269e+01 1.50144e-01 3.28339e-01
 49    50 -7.09207e+01 1.41160e-01 3.06030e-01
 50    51 -7.72985e+01 1.32601e-01 2.83797e-01
 51    53 -7.36306e+01 1.16686e-01 2.40873e-01
 52    54 -7.13943e+01 1.09102e-01 2.21551e-01
 53    55 -7.13984e+01 1.01802e-01 2.05969e-01
 54    56 -7.54408e+01 9.48349e-02 1.95665e-01
 55    58 -7.25012e+01 8.14309e-02 1.83230e-01
 56    59 -7.20329e+01 7.48694e-02 1.77675e-01
 57    60 -7.33846e+01 6.82443e-02 1.71166e-01
 58    62 -7.39304e+01 5.58636e-02 1.60746e-01
 59    63 -7.33655e+01 5.07904e-02 1.60241e-01
 60    65 -7.24368e+01 4.16524e-02 1.54286e-01
 61    66 -7.34250e+01 3.70483e-02 1.45364e-01
 62    68 -7.13180e+01 2.94340e-02 1.42649e-01
 63    69 -7.33109e+01 2.64455e-02 1.36132e-01
 64    71 -7.26205e+01 2.17973e-02 1.29179e-01
 65    73 -7.33858e+01 1.79056e-02 1.22482e-01
 66    74 -7.09832e+01 1.61738e-02 1.12191e-01
 67    76 -7.20676e+01 1.53832e-02 1.07796e-01
 68    78 -7.66986e+01 1.56848e-02 1.03649e-01
 69    80 -7.24660e+01 1.67870e-02 9.77840e-02
 70    82 -7.42020e+01 1.87447e-02 9.74857e-02
 71    84 -7.38872e+01 2.07269e-02 9.67360e-02
 72    86 -7.22809e+01 2.25697e-02 1.05568e-01
 73    88 -7.48889e+01 2.32812e-02 1.09879e-01
 74    90 -7.38926e+01 2.29261e-02 1.03109e-01
 75    92 -7.54119e+01 2.19531e-02 1.00133e-01
 76    94 -7.35953e+01 2.18851e-02 1.09309e-01
 77    96 -7.55852e+01 2.10178e-02 1.04131e-01
 78    98 -7.31904e+01 1.98287e-02 1.01181e-01
 79   101 -7.47262e+01 1.77296e-02 1.04369e-01
 80   103 -7.75385e+01 1.59422e-02 9.64740e-02
 81   105 -7.41709e+01 1.44650e-02 9.18158e-02
 82   108 -7.43103e+01 1.34539e-02 9.72696e-02
 83   110 -7.60292e+01 1.21699e-02 9.46864e-02
 84   113 -7.18463e+01 1.24606e-02 1.05798e-01
 85   116 -7.43276e+01 1.13127e-02 1.05861e-01
 86   118 -7.11946e+01 1.06973e-02 1.04560e-01
 87   121 -7.27370e+01 1.01892e-02 9.86410e-02
 88   124 -7.39094e+01 9.68714e-03 9.70635e-02
 89   127 -7.45633e+01 1.07029e-02 1.03468e-01
 90   130 -7.34416e+01 9.16811e-03 9.12087e-02
 91   133 -7.10002e+01 1.09251e-02 1.00776e-01
 92   136 -7.30375e+01 1.00862e-02 1.02135e-01
 93   139 -7.24322e+01 1.08651e-02 1.01928e-01
 94   143 -7.26391e+01 1.06182e-02 1.01273e-01
 95   146 -7.58112e+01 9.51199e-03 9.42953e-02
 96   149 -7.41022e+01 9.48443e-03 8.85491e-02
 97   153 -7.15219e+01 1.00714e-02 9.48093e-02
 98   156 -7.28953e+01 1.03276e-02 9.20460e-02
 99   160 -7.49574e+01 9.64095e-03 9.17583e-02
100   164 -7.52858e+01 1.07759e-02 1.02420e-01
101   168 -7.29702e+01 1.00638e-02 1.03274e-01
102   172 -7.31019e+01 9.88852e-03 1.00375e-01
103   176 -7.26878e+01 1.08683e-02 1.02452e-01
104   180 -7.60600e+01 1.05677e-02 1.00258e-01
105   184 -7.38624e+01 1.20315e-02 1.16331e-01
106   188 -7.55960e+01 1.16759e-02 1.07801e-01
107   193 -7.19443e+01 1.30191e-02 1.16735e-01
108   197 -7.26865e+01 9.95376e-03 9.58293e-02
109   202 -7.73803e+01 9.78858e-03 9.67914e-02
110   206 -7.25637e+01 1.13758e-02 1.05062e-01
111   211 -7.52279e+01 1.08945e-02 1.13327e-01
112   216 -7.39372e+01 1.12387e-02 1.09246e-01
113   221 -7.21332e+01 1.11370e-02 1.02411e-01
114   226 -7.30796e+01 1.11077e-02 1.07539e-01
115   232 -7.22319e+01 1.06324e-02 1.01302e-01
116   237 -7.33199e+01 1.18067e-02 1.13554e-01
117   243 -7.48102e+01 1.04594e-02 9.77569e-02
118   248 -6.66543e+01 1.04271e-02 1.04477e-01
119   254 -7.20085e+01 1.16681e-02 1.08363e-01
120   260 -7.33229e+01 1.07129e-02 1.08395e-01
121   266 -7.28470e+01 1.14132e-02 1.14935e-01
122   272 -7.64853e+01 1.12346e-02 1.05448e-01
123   279 -7.52396e+01 1.30377e-02 1.23243e-01
124   285 -7.21908e+01 1.11637e-02 1.12071e-01
125   292 -7.44543e+01 1.14225e-02 1.05392e-01
126   299 -7.37301e+01 1.07179e-02 1.07095e-01
127   306 -7.35493e+01 1.08636e-02 1.04521e-01
128   313 -7.03414e+01 1.12099e-02 1.03501e-01
129   320 -7.02725e+01 1.08078e-02 1.06024e-01
130   328 -7.26378e+01 1.08674e-02 1.00512e-01
131   335 -7.48572e+01 1.01563e-02 9.81858e-02
132   343 -7.19440e+01 1.12539e-02 1.03635e-01
133   351 -7.39620e+01 1.16197e-02 1.06111e-01
134   360 -7.82885e+01 1.16616e-02 1.02684e-01
135   368 -7.43180e+01 1.11501e-02 1.11654e-01
136   377 -7.07286e+01 1.04977e-02 9.05344e-02
137   385 -7.20530e+01 1.06601e-02 1.06510e-01
138   394 -7.52030e+01 1.03607e-02 1.09577e-01
139   404 -7.53940e+01 1.06702e-02 1.02373e-01
140   413 -7.35090e+01 1.08890e-02 1.09063e-01
141   423 -7.37631e+01 1.11823e-02 1.05872e-01
142   433 -7.20415e+01 1.15516e-02 1.09600e-01
143   443 -6.89186e+01 1.14927e-02 1.10444e-01
144   453 -7.61128e+01 1.25185e-02 1.18547e-01
145   464 -7.12025e+01 1.14865e-02 1.11495e-01
146   474 -7.22716e+01 1.22296e-02 1.23232e-01
147   486 -7.43622e+01 1.25575e-02 1.17175e-01
148   497 -7.51330e+01 1.18448e-02 1.14523e-01
149   509 -7.31106e+01 1.29835e-02 1.26366e-01
150   520 -7.43143e+01 1.13118e-02 1.05563e-01
151   533 -7.20897e+01 1.20052e-02 1.14581e-01
152   545 -7.23813e+01 1.06811e-02 1.02225e-01
153   558 -7.69250e+01 1.19625e-02 1.19204e-01
154   571 -7.10093e+01 1.21654e-02 1.16815e-01
155   584 -7.45092e+01 1.14251e-02 1.15614e-01
156   598 -6.98670e+01 1.10108e-02 1.10246e-01
157   612 -7.41392e+01 1.18973e-02 1.16293e-01
158   626 -7.09394e+01 8.52868e-03 8.06345e-02
159   641 -7.58348e+01 8.28190e-03 8.65534e-02
160   656 -7.34064e+01 7.85383e-03 7.48715e-02
161   671 -7.21889e+01 8.36866e-03 8.09103e-02
162   687 -7.47442e+01 8.46203e-03 7.81724e-02
163   703 -7.37393e+01 9.01215e-03 9.06939e-02
164   719 -7.44970e+01 8.85716e-03 8.65214e-02
165   736 -7.37341e+01 8.66369e-03 8.58015e-02
166   753 -7.08595e+01 8.19792e-03 8.61710e-02
167   771 -7.29642e+01 9.22191e-03 8.53438e-02
168   789 -7.51539e+01 9.52711e-03 9.07693e-02
169   807 -7.52139e+01 8.77333e-03 9.01618e-02
170   826 -7.29223e+01 6.52392e-03 6.74983e-02
171   845 -7.12272e+01 6.30080e-03 6.27931e-02
172   865 -7.46247e+01 6.07994e-03 6.19008e-02
173   885 -7.65542e+01 6.44122e-03 6.42854e-02
174   906 -7.06190e+01 6.64240e-03 6.50952e-02
175   927 -7.53531e+01 7.01384e-03 6.94643e-02
176   949 -7.44620e+01 6.35403e-03 7.02857e-02
177   971 -7.51566e+01 7.27570e-03 6.86382e-02
178   994 -7.41331e+01 6.83168e-03 6.69579e-02
179  1017 -7.26314e+01 6.09918e-03 5.85401e-02
180  1041 -7.23004e+01 4.87417e-03 5.41104e-02
181  1065 -7.08632e+01 4.66722e-03 5.03295e-02
182  1090 -7.32442e+01 4.86846e-03 5.28465e-02
183  1115 -7.19461e+01 4.96096e-03 5.46015e-02
184  1141 -7.29564e+01 4.62239e-03 5.04388e-02
185  1168 -7.16381e+01 4.45263e-03 4.68378e-02
186  1195 -7.58008e+01 4.82932e-03 5.22076e-02
187  1223 -7.35999e+01 3.80707e-03 4.15971e-02
188  1252 -7.89810e+01 3.29535e-03 3.85019e-02
189  1281 -7.21430e+01 3.86524e-03 4.41270e-02
190  1311 -7.42051e+01 3.30456e-03 3.88401e-02
191  1342 -7.27473e+01 3.53448e-03 4.09694e-02
192  1373 -7.09397e+01 3.49337e-03 4.15726e-02
193  1405 -7.17479e+01 3.54408e-03 4.03013e-02
194  1438 -7.82380e+01 2.72274e-03 3.38209e-02
195  1472 -7.32347e+01 2.98232e-03 3.49462e-02
196  1506 -6.96402e+01 2.80286e-03 3.36473e-02
197  1541 -7.70725e+01 2.60111e-03 3.27798e-02
198  1577 -7.48400e+01 2.84999e-03 3.42108e-02
199  1614 -7.43927e+01 2.73638e-03 3.25587e-02
200  1652 -7.39419e+01 2.32890e-03 2.94954e-02
201  1690 -7.29009e+01 2.24767e-03 2.88702e-02
202  1730 -6.85304e+01 2.47354e-03 3.14354e-02
203  1770 -6.97953e+01 2.34045e-03 3.00421e-02
204  1811 -7.22789e+01 2.27379e-03 3.03333e-02
205  1854 -7.36442e+01 1.93624e-03 2.76887e-02
206  1897 -7.12889e+01 1.82277e-03 2.73131e-02
207  1941 -7.27017e+01 1.66316e-03 2.70096e-02
208  1987 -7.16107e+01 1.69307e-03 2.69535e-02
209  2033 -7.50127e+01 1.66772e-03 2.69058e-02
210  2081 -7.54757e+01 1.55307e-03 2.63977e-02
211  2129 -7.23380e+01 1.42980e-03 2.58275e-02
212  2179 -7.40553e+01 1.50300e-03 2.62180e-02
213  2230 -7.19147e+01 1.43547e-03 2.53549e-02
214  2282 -7.31223e+01 1.31513e-03 2.49133e-02
215  2335 -7.23844e+01 1.30494e-03 2.49478e-02
216  2390 -7.20578e+01 1.31543e-03 2.50902e-02
217  2446 -7.05525e+01 1.28907e-03 2.48894e-02
218  2503 -7.85767e+01 1.26070e-03 2.47116e-02
219  2561 -7.07642e+01 1.24362e-03 2.46369e-02
220  2621 -7.18851e+01 1.25220e-03 2.46610e-02
221  2682 -7.51814e+01 1.23322e-03 2.46256e-02
222  2745 -7.48783e+01 1.22133e-03 2.45757e-02
223  2809 -7.32736e+01 1.20771e-03 2.45048e-02
224  2875 -7.09206e+01 1.19202e-03 2.44640e-02
225  2942 -7.01430e+01 1.18095e-03 2.43974e-02
226  3010 -7.24288e+01 1.17496e-03 2.43991e-02
227  3081 -7.29710e+01 1.17416e-03 2.43826e-02
228  3153 -7.02411e+01 1.16759e-03 2.43637e-02
229  3226 -7.37736e+01 1.16053e-03 2.43480e-02
230  3302 -7.67090e+01 1.15757e-03 2.43542e-02
231  3379 -7.31294e+01 1.15498e-03 2.43496e-02
232  3458 -7.16040e+01 1.15405e-03 2.43449e-02
233  3538 -7.18672e+01 1.15293e-03 2.43411e-02
234  3621 -7.11057e+01 1.15157e-03 2.43368e-02
235  3706 -7.26652e+01 1.15130e-03 2.43341e-02
236  3792 -7.31706e+01 1.15062e-03 2.43299e-02
237  3881 -7.21406e+01 1.14956e-03 2.43263e-02
238  3971 -7.50175e+01 1.14836e-03 2.43217e-02
239  4064 -7.32290e+01 1.14783e-03 2.43212e-02
240  4159 -7.35905e+01 1.14716e-03 2.43243e-02
241  4256 -7.43020e+01 1.14654e-03 2.43228e-02
242  4356 -7.24228e+01 1.14575e-03 2.43169e-02
243  4457 -7.33881e+01 1.14449e-03 2.43128e-02
244  4561 -7.52690e+01 1.14330e-03 2.43123e-02
245  4668 -7.14965e+01 1.14239e-03 2.43103e-02
246  4777 -7.36846e+01 1.14188e-03 2.43090e-02
247  4889 -7.41574e+01 1.14150e-03 2.43042e-02
248  5003 -7.47891e+01 1.14065e-03 2.43030e-02
249  5120 -7.12631e+01 1.13969e-03 2.42993e-02
250  5239 -7.34558e+01 1.13853e-03 2.42968e-02
251  5361 -7.33974e+01 1.13732e-03 2.42918e-02
252  5487 -7.06460e+01 1.13625e-03 2.42820e-02
253  5615 -7.41374e+01 1.13575e-03 2.42837e-02
254  5746 -7.49889e+01 1.13492e-03 2.42785e-02
255  5880 -7.23431e+01 1.13391e-03 2.42789e-02
256  6017 -7.35535e+01 1.13340e-03 2.42785e-02
257  6158 -7.42092e+01 1.13289e-03 2.42791e-02
258  6302 -7.50862e+01 1.13179e-03 2.42799e-02
259  6449 -7.49017e+01 1.13089e-03 2.42756e-02
260  6600 -7.32449e+01 1.13025e-03 2.42801e-02
261  6754 -7.53874e+01 1.12921e-03 2.42750e-02
262  6911 -7.77406e+01 1.12856e-03 2.42809e-02
263  7073 -7.10597e+01 1.12780e-03 2.42817e-02
264  7238 -7.97500e+01 1.12798e-03 2.42783e-02
265  7407 -7.33326e+01 1.12776e-03 2.42808e-02
266  7580 -7.39293e+01 1.12663e-03 2.42806e-02
267  7757 -7.78321e+01 1.12582e-03 2.42788e-02
268  7938 -7.20470e+01 1.12514e-03 2.42744e-02
269  8124 -7.41363e+01 1.12416e-03 2.42711e-02
270  8313 -7.03155e+01 1.12302e-03 2.42726e-02
271  8507 -7.38575e+01 1.12241e-03 2.42715e-02
272  8706 -7.33194e+01 1.12237e-03 2.42743e-02
273  8909 -7.06204e+01 1.12151e-03 2.42710e-02
274  9118 -7.33387e+01 1.12105e-03 2.42735e-02
275  9330 -7.49970e+01 1.12066e-03 2.42708e-02
276  9548 -7.72024e+01 1.11987e-03 2.42640e-02
277  9771 -7.26117e+01 1.11916e-03 2.42587e-02
278 10000 -7.18850e+01 1.11877e-03 2.42545e-02
