i, epoch, loss, l2_err, h1_err
  0     1 -1.10631e+01 9.54247e-01 1.49899e+00
  1     2 -2.00873e+01 9.30982e-01 1.52329e+00
  2     3 -2.69906e+01 9.09234e-01 1.61377e+00
  3     4 -3.57027e+01 8.87425e-01 1.70005e+00
  4     5 -3.98375e+01 8.66043e-01 1.75819e+00
  5     6 -4.63007e+01 8.44930e-01 1.78156e+00
  6     7 -4.83797e+01 8.24505e-01 1.78037e+00
  7     8 -5.04930e+01 8.04908e-01 1.76212e+00
  8     9 -5.56741e+01 7.85935e-01 1.73523e+00
  9    10 -5.67521e+01 7.68130e-01 1.70887e+00
 10    11 -5.92854e+01 7.50812e-01 1.68314e+00
 11    12 -6.09748e+01 7.33855e-01 1.65763e+00
 12    13 -6.30124e+01 7.17004e-01 1.63117e+00
 13    14 -6.43573e+01 6.99938e-01 1.60093e+00
 14    15 -6.66337e+01 6.82405e-01 1.56349e+00
 15    16 -6.54397e+01 6.64447e-01 1.51900e+00
 16    17 -7.15670e+01 6.46080e-01 1.47051e+00
 17    18 -6.93946e+01 6.27329e-01 1.42112e+00
 18    19 -7.20119e+01 6.08161e-01 1.37166e+00
 19    20 -6.91300e+01 5.88591e-01 1.32351e+00
 20    21 -6.92209e+01 5.68956e-01 1.27728e+00
 21    22 -6.86574e+01 5.49378e-01 1.23288e+00
 22    23 -7.13796e+01 5.29899e-01 1.18890e+00
 23    24 -7.44885e+01 5.10653e-01 1.14569e+00
 24    25 -6.84820e+01 4.91679e-01 1.10477e+00
 25    26 -6.97733e+01 4.73120e-01 1.06617e+00
 26    27 -7.16029e+01 4.54841e-01 1.02929e+00
 27    28 -7.09748e+01 4.36743e-01 9.93344e-01
 28    29 -6.92727e+01 4.18882e-01 9.58106e-01
 29    30 -7.43132e+01 4.01443e-01 9.24528e-01
 30    31 -6.93761e+01 3.84341e-01 8.90803e-01
 31    32 -7.19138e+01 3.67830e-01 8.55298e-01
 32    33 -7.09889e+01 3.51778e-01 8.18887e-01
 33    34 -7.07590e+01 3.36062e-01 7.83692e-01
 34    35 -7.57670e+01 3.20902e-01 7.50332e-01
 35    36 -7.32386e+01 3.06460e-01 7.17561e-01
 36    37 -7.26535e+01 2.92736e-01 6.84812e-01
 37    38 -7.43084e+01 2.79883e-01 6.53216e-01
 38    39 -7.03535e+01 2.68042e-01 6.23371e-01
 39    40 -7.40343e+01 2.56919e-01 5.95053e-01
 40    41 -7.43891e+01 2.46220e-01 5.67183e-01
 41    42 -7.00070e+01 2.35675e-01 5.39026e-01
 42    43 -7.33572e+01 2.24990e-01 5.10459e-01
 43    44 -7.59265e+01 2.14654e-01 4.82559e-01
 44    45 -7.48481e+01 2.04854e-01 4.54826e-01
 45    46 -7.07410e+01 1.95675e-01 4.27875e-01
 46    47 -7.46397e+01 1.87112e-01 4.03773e-01
 47    48 -7.02950e+01 1.78814e-01 3.79969e-01
 48    49 -7.48801e+01 1.70439e-01 3.52683e-01
 49    50 -7.58902e+01 1.62123e-01 3.28081e-01
 50    51 -7.57271e+01 1.54124e-01 3.07171e-01
 51    53 -7.29963e+01 1.38489e-01 2.65638e-01
 52    54 -7.27231e+01 1.30768e-01 2.49321e-01
 53    55 -7.02332e+01 1.23300e-01 2.34900e-01
 54    56 -7.52208e+01 1.16041e-01 2.27631e-01
 55    58 -6.97031e+01 1.02634e-01 2.16558e-01
 56    59 -7.27857e+01 9.64315e-02 2.12103e-01
 57    60 -7.19116e+01 9.03579e-02 2.07821e-01
 58    62 -7.56076e+01 7.84617e-02 1.98394e-01
 59    63 -7.20614e+01 7.29907e-02 1.93968e-01
 60    65 -7.25086e+01 6.29403e-02 1.81061e-01
 61    66 -7.42118e+01 5.81850e-02 1.73603e-01
 62    68 -7.53138e+01 4.89916e-02 1.65951e-01
 63    69 -7.70135e+01 4.46690e-02 1.65567e-01
 64    71 -7.50774e+01 3.65756e-02 1.56076e-01
 65    73 -7.38399e+01 2.96903e-02 1.45036e-01
 66    74 -7.53502e+01 2.68102e-02 1.43354e-01
 67    76 -7.22724e+01 2.17441e-02 1.24487e-01
 68    78 -7.48313e+01 1.74828e-02 1.29385e-01
 69    80 -7.09516e+01 1.36453e-02 1.15051e-01
 70    82 -7.44903e+01 1.28714e-02 1.14031e-01
 71    84 -7.30359e+01 1.26679e-02 1.22011e-01
 72    86 -7.18263e+01 1.27251e-02 1.09076e-01
 73    88 -7.45316e+01 1.50108e-02 1.20433e-01
 74    90 -7.15302e+01 1.53828e-02 1.07139e-01
 75    92 -7.32660e+01 1.58867e-02 1.14775e-01
 76    94 -7.32708e+01 1.56416e-02 9.83896e-02
 77    96 -7.29198e+01 1.66430e-02 1.10058e-01
 78    98 -7.26607e+01 1.64129e-02 1.08414e-01
 79   101 -7.18532e+01 1.58850e-02 1.11792e-01
 80   103 -6.90786e+01 1.50524e-02 1.10046e-01
 81   105 -7.59873e+01 1.39754e-02 1.08072e-01
 82   108 -7.24420e+01 1.38267e-02 1.20646e-01
 83   110 -7.31645e+01 1.36939e-02 1.24587e-01
 84   113 -7.34109e+01 1.29110e-02 1.20218e-01
 85   116 -7.21045e+01 1.18657e-02 1.18967e-01
 86   118 -7.43331e+01 1.17377e-02 1.21872e-01
 87   121 -7.37388e+01 1.10785e-02 1.15580e-01
 88   124 -7.32074e+01 1.00265e-02 1.10154e-01
 89   127 -7.50819e+01 1.06774e-02 1.09193e-01
 90   130 -6.94610e+01 8.65868e-03 1.01973e-01
 91   133 -7.26969e+01 9.82072e-03 1.03891e-01
 92   136 -7.31078e+01 1.02194e-02 1.10495e-01
 93   139 -7.67931e+01 9.60404e-03 1.04832e-01
 94   143 -7.33698e+01 1.05079e-02 1.16080e-01
 95   146 -7.44389e+01 1.00044e-02 1.07220e-01
 96   149 -7.35631e+01 1.14946e-02 1.19414e-01
 97   153 -7.22747e+01 1.12580e-02 1.15219e-01
 98   156 -7.31448e+01 1.08321e-02 1.15796e-01
 99   160 -6.96020e+01 1.09627e-02 1.10573e-01
100   164 -7.38238e+01 1.10473e-02 1.20804e-01
101   168 -7.41992e+01 1.16110e-02 1.16528e-01
102   172 -7.17893e+01 1.04615e-02 1.07214e-01
103   176 -7.24478e+01 1.17838e-02 1.22134e-01
104   180 -7.16741e+01 1.13937e-02 1.24027e-01
105   184 -7.23632e+01 1.17559e-02 1.26130e-01
106   188 -7.18365e+01 1.05086e-02 1.15453e-01
107   193 -7.15169e+01 1.06447e-02 1.16494e-01
108   197 -7.35791e+01 1.16959e-02 1.20951e-01
109   202 -7.62450e+01 1.10102e-02 1.21471e-01
110   206 -7.32121e+01 1.11953e-02 1.29283e-01
111   211 -7.22086e+01 1.14127e-02 1.33753e-01
112   216 -6.79044e+01 1.11054e-02 1.32018e-01
113   221 -7.37782e+01 1.03893e-02 1.21879e-01
114   226 -7.46627e+01 1.10015e-02 1.23653e-01
115   232 -7.09289e+01 1.16770e-02 1.25241e-01
116   237 -7.01179e+01 1.20740e-02 1.31247e-01
117   243 -7.30371e+01 1.27010e-02 1.41417e-01
118   248 -7.38774e+01 1.23124e-02 1.30567e-01
119   254 -7.42748e+01 1.15557e-02 1.31459e-01
120   260 -7.26365e+01 1.18614e-02 1.33283e-01
121   266 -6.81379e+01 1.18946e-02 1.31689e-01
122   272 -7.33352e+01 1.21980e-02 1.30853e-01
123   279 -7.91699e+01 1.18740e-02 1.32806e-01
124   285 -7.39129e+01 1.02159e-02 1.12405e-01
125   292 -7.37236e+01 1.12301e-02 1.25984e-01
126   299 -6.86661e+01 1.12130e-02 1.27768e-01
127   306 -7.12901e+01 1.22975e-02 1.42053e-01
128   313 -7.25197e+01 1.17404e-02 1.24127e-01
129   320 -7.18432e+01 1.11389e-02 1.28053e-01
130   328 -7.33182e+01 1.11746e-02 1.20255e-01
131   335 -7.06572e+01 1.19654e-02 1.28214e-01
132   343 -7.24342e+01 1.23862e-02 1.40849e-01
133   351 -7.44864e+01 1.25656e-02 1.42243e-01
134   360 -7.42924e+01 1.19959e-02 1.36071e-01
135   368 -7.18060e+01 1.15825e-02 1.27402e-01
136   377 -7.19998e+01 1.13545e-02 1.24394e-01
137   385 -7.12804e+01 1.15550e-02 1.28917e-01
138   394 -7.37668e+01 1.11968e-02 1.28697e-01
139   404 -7.39197e+01 1.15149e-02 1.34329e-01
140   413 -7.03168e+01 1.19750e-02 1.31255e-01
141   423 -7.41897e+01 1.22056e-02 1.37321e-01
142   433 -7.16140e+01 1.10589e-02 1.24840e-01
143   443 -7.30118e+01 1.15134e-02 1.30171e-01
144   453 -7.47337e+01 1.31120e-02 1.43135e-01
145   464 -7.25240e+01 1.18968e-02 1.32192e-01
146   474 -7.28998e+01 1.24647e-02 1.38312e-01
147   486 -7.32458e+01 9.96532e-03 1.15274e-01
148   497 -7.46723e+01 9.05581e-03 1.03767e-01
149   509 -7.14022e+01 9.22475e-03 1.04308e-01
150   520 -7.20197e+01 9.28952e-03 9.95981e-02
151   533 -7.55982e+01 9.28162e-03 1.06998e-01
152   545 -7.67154e+01 1.02628e-02 1.16320e-01
153   558 -7.83544e+01 9.70864e-03 1.02342e-01
154   571 -7.13826e+01 8.50893e-03 8.89361e-02
155   584 -7.41019e+01 9.22839e-03 9.80646e-02
156   598 -7.36222e+01 9.01065e-03 1.02434e-01
157   612 -7.37059e+01 9.53852e-03 1.07147e-01
158   626 -6.70494e+01 9.41719e-03 1.06065e-01
159   641 -7.38221e+01 9.32772e-03 1.03927e-01
160   656 -7.57888e+01 8.42124e-03 9.65975e-02
161   671 -7.17480e+01 9.27891e-03 9.92586e-02
162   687 -7.48244e+01 6.29630e-03 6.94583e-02
163   703 -7.19232e+01 6.56415e-03 7.59108e-02
164   719 -7.42337e+01 6.14623e-03 7.16982e-02
165   736 -7.42372e+01 5.88483e-03 6.52828e-02
166   753 -7.63448e+01 6.12599e-03 6.86322e-02
167   771 -7.48048e+01 6.19262e-03 7.24990e-02
168   789 -7.34294e+01 6.62531e-03 8.02757e-02
169   807 -7.47867e+01 6.14333e-03 7.24519e-02
170   826 -7.62915e+01 6.73203e-03 7.01618e-02
171   845 -7.32329e+01 6.31580e-03 7.29099e-02
172   865 -7.14419e+01 6.63267e-03 7.86760e-02
173   885 -7.30922e+01 6.20747e-03 6.69197e-02
174   906 -7.31187e+01 5.18262e-03 5.97100e-02
175   927 -7.04401e+01 4.78626e-03 5.36063e-02
176   949 -7.49831e+01 4.68344e-03 5.48451e-02
177   971 -7.20623e+01 4.55798e-03 5.50731e-02
178   994 -7.09338e+01 4.67692e-03 5.50300e-02
179  1017 -7.48455e+01 4.63236e-03 5.59913e-02
180  1041 -7.65403e+01 4.70440e-03 5.22124e-02
181  1065 -7.51875e+01 4.55177e-03 5.23868e-02
182  1090 -7.03067e+01 4.11705e-03 4.26193e-02
183  1115 -7.38404e+01 3.22770e-03 3.86571e-02
184  1141 -7.67726e+01 3.43348e-03 4.11275e-02
185  1168 -7.33355e+01 3.27262e-03 4.06893e-02
186  1195 -7.26573e+01 3.50425e-03 4.33199e-02
187  1223 -7.32979e+01 3.55635e-03 4.40600e-02
188  1252 -7.33294e+01 3.74444e-03 4.37823e-02
189  1281 -7.49815e+01 3.76790e-03 4.55592e-02
190  1311 -7.36949e+01 2.52435e-03 3.45472e-02
191  1342 -7.33712e+01 2.55061e-03 3.21882e-02
192  1373 -7.30772e+01 2.25905e-03 3.01169e-02
193  1405 -7.49510e+01 2.79370e-03 3.49743e-02
194  1438 -6.91559e+01 2.66938e-03 3.38142e-02
195  1472 -7.44447e+01 2.56316e-03 3.25840e-02
196  1506 -7.53238e+01 2.08902e-03 2.88778e-02
197  1541 -7.35271e+01 2.17070e-03 2.94388e-02
198  1577 -6.72468e+01 1.97232e-03 2.75609e-02
199  1614 -7.55053e+01 2.03543e-03 2.76337e-02
200  1652 -6.91271e+01 1.98265e-03 2.69164e-02
201  1690 -7.03547e+01 1.99674e-03 2.72070e-02
202  1730 -7.42425e+01 1.61737e-03 2.39935e-02
203  1770 -7.12119e+01 1.43165e-03 2.22014e-02
204  1811 -7.30349e+01 1.52424e-03 2.33079e-02
205  1854 -7.23476e+01 1.63104e-03 2.47822e-02
206  1897 -7.45479e+01 1.44135e-03 2.30339e-02
207  1941 -7.21485e+01 1.24400e-03 2.13014e-02
208  1987 -7.21828e+01 1.22737e-03 2.10658e-02
209  2033 -7.27675e+01 1.26828e-03 2.19769e-02
210  2081 -7.61969e+01 1.25795e-03 2.15643e-02
211  2129 -7.39698e+01 1.12888e-03 2.04223e-02
212  2179 -7.24547e+01 1.04656e-03 2.02176e-02
213  2230 -7.15336e+01 1.07144e-03 2.03835e-02
214  2282 -7.24769e+01 1.04870e-03 2.06217e-02
215  2335 -7.42594e+01 9.76318e-04 1.99986e-02
216  2390 -7.21480e+01 9.12536e-04 1.97517e-02
217  2446 -7.25938e+01 8.82677e-04 1.95020e-02
218  2503 -7.16462e+01 9.04368e-04 1.95885e-02
219  2561 -7.33692e+01 8.74773e-04 1.93380e-02
220  2621 -7.57638e+01 8.43259e-04 1.92061e-02
221  2682 -7.37633e+01 8.28467e-04 1.91374e-02
222  2745 -7.45904e+01 8.18232e-04 1.91097e-02
223  2809 -7.73033e+01 8.02475e-04 1.90351e-02
224  2875 -7.52437e+01 7.93987e-04 1.89729e-02
225  2942 -7.09954e+01 7.89322e-04 1.89352e-02
226  3010 -7.13507e+01 7.85765e-04 1.89281e-02
227  3081 -7.21089e+01 7.79577e-04 1.88914e-02
228  3153 -7.30770e+01 7.76001e-04 1.88625e-02
229  3226 -7.41838e+01 7.72128e-04 1.88451e-02
230  3302 -7.59333e+01 7.70098e-04 1.88432e-02
231  3379 -7.36419e+01 7.67002e-04 1.88388e-02
232  3458 -7.17407e+01 7.65867e-04 1.88377e-02
233  3538 -7.08461e+01 7.65064e-04 1.88282e-02
234  3621 -7.09922e+01 7.64190e-04 1.88221e-02
235  3706 -7.38240e+01 7.62697e-04 1.88134e-02
236  3792 -6.87899e+01 7.61728e-04 1.88071e-02
237  3881 -7.37706e+01 7.60369e-04 1.87990e-02
238  3971 -7.23619e+01 7.59152e-04 1.87928e-02
239  4064 -7.37799e+01 7.58401e-04 1.87905e-02
240  4159 -7.09172e+01 7.57432e-04 1.87860e-02
241  4256 -7.26138e+01 7.56164e-04 1.87767e-02
242  4356 -7.49091e+01 7.54740e-04 1.87723e-02
243  4457 -7.13884e+01 7.53794e-04 1.87712e-02
244  4561 -7.32938e+01 7.52312e-04 1.87656e-02
245  4668 -7.15448e+01 7.52216e-04 1.87626e-02
246  4777 -7.24558e+01 7.51290e-04 1.87579e-02
247  4889 -7.68913e+01 7.50228e-04 1.87598e-02
248  5003 -7.48563e+01 7.49682e-04 1.87532e-02
249  5120 -7.19334e+01 7.49392e-04 1.87538e-02
250  5239 -7.40773e+01 7.48185e-04 1.87460e-02
251  5361 -7.24390e+01 7.48179e-04 1.87487e-02
252  5487 -7.11714e+01 7.47781e-04 1.87484e-02
253  5615 -7.02797e+01 7.47397e-04 1.87413e-02
254  5746 -7.55358e+01 7.46365e-04 1.87390e-02
255  5880 -7.53645e+01 7.45231e-04 1.87410e-02
256  6017 -7.39683e+01 7.44269e-04 1.87366e-02
257  6158 -7.20361e+01 7.43665e-04 1.87417e-02
258  6302 -7.50509e+01 7.43346e-04 1.87389e-02
259  6449 -7.44611e+01 7.43153e-04 1.87348e-02
260  6600 -7.57600e+01 7.42256e-04 1.87279e-02
261  6754 -7.52129e+01 7.41224e-04 1.87227e-02
262  6911 -7.29912e+01 7.40681e-04 1.87238e-02
263  7073 -7.24246e+01 7.40443e-04 1.87213e-02
264  7238 -6.87995e+01 7.39539e-04 1.87151e-02
265  7407 -7.65939e+01 7.38429e-04 1.87121e-02
266  7580 -7.23925e+01 7.37280e-04 1.87023e-02
267  7757 -7.38700e+01 7.36171e-04 1.87045e-02
268  7938 -6.97064e+01 7.35423e-04 1.86973e-02
269  8124 -7.41225e+01 7.34539e-04 1.86925e-02
270  8313 -7.37143e+01 7.33842e-04 1.86871e-02
271  8507 -7.32778e+01 7.33902e-04 1.86934e-02
272  8706 -7.10534e+01 7.33853e-04 1.87017e-02
273  8909 -7.21496e+01 7.33973e-04 1.87097e-02
274  9118 -7.79040e+01 7.33953e-04 1.87151e-02
275  9330 -7.38702e+01 7.33239e-04 1.87133e-02
276  9548 -7.55577e+01 7.32731e-04 1.87169e-02
277  9771 -7.20288e+01 7.32270e-04 1.87156e-02
278 10000 -7.14612e+01 7.30560e-04 1.87016e-02
