i, epoch, loss, l2_err, h1_err
  0     1 -5.92788e+00 9.50276e-01 1.73804e+00
  1     2 -1.57551e+01 9.33181e-01 1.82038e+00
  2     3 -2.31697e+01 9.17226e-01 1.94030e+00
  3     4 -3.20725e+01 9.02447e-01 2.03519e+00
  4     5 -3.55332e+01 8.88508e-01 2.09456e+00
  5     6 -4.00869e+01 8.74778e-01 2.12348e+00
  6     7 -4.65025e+01 8.61206e-01 2.13120e+00
  7     8 -4.95705e+01 8.47691e-01 2.12452e+00
  8     9 -5.26892e+01 8.33966e-01 2.09753e+00
  9    10 -5.58148e+01 8.20187e-01 2.05713e+00
 10    11 -5.86476e+01 8.06433e-01 2.01116e+00
 11    12 -6.14086e+01 7.92597e-01 1.96050e+00
 12    13 -5.68714e+01 7.78766e-01 1.90786e+00
 13    14 -6.15491e+01 7.65031e-01 1.85696e+00
 14    15 -6.34299e+01 7.51293e-01 1.80916e+00
 15    16 -6.56285e+01 7.37474e-01 1.76359e+00
 16    17 -6.68184e+01 7.23482e-01 1.71691e+00
 17    18 -6.51142e+01 7.09162e-01 1.66900e+00
 18    19 -6.93387e+01 6.94586e-01 1.62031e+00
 19    20 -6.64422e+01 6.79743e-01 1.57189e+00
 20    21 -7.02022e+01 6.64591e-01 1.52332e+00
 21    22 -6.95835e+01 6.49196e-01 1.47600e+00
 22    23 -7.05868e+01 6.33543e-01 1.43038e+00
 23    24 -6.72676e+01 6.17643e-01 1.38737e+00
 24    25 -7.03186e+01 6.01487e-01 1.34734e+00
 25    26 -7.01024e+01 5.85099e-01 1.30846e+00
 26    27 -7.16456e+01 5.68613e-01 1.27074e+00
 27    28 -7.50153e+01 5.52097e-01 1.23409e+00
 28    29 -6.88042e+01 5.35565e-01 1.19819e+00
 29    30 -7.28569e+01 5.19259e-01 1.16207e+00
 30    31 -6.98903e+01 5.03231e-01 1.12527e+00
 31    32 -7.11946e+01 4.87450e-01 1.08774e+00
 32    33 -6.89892e+01 4.71955e-01 1.05167e+00
 33    34 -7.33522e+01 4.56919e-01 1.01735e+00
 34    35 -7.15451e+01 4.42273e-01 9.82673e-01
 35    36 -7.18765e+01 4.27916e-01 9.45766e-01
 36    37 -6.97591e+01 4.13856e-01 9.07422e-01
 37    38 -7.40258e+01 4.00206e-01 8.68147e-01
 38    39 -7.47421e+01 3.86761e-01 8.29436e-01
 39    40 -6.90666e+01 3.73415e-01 7.90957e-01
 40    41 -7.01519e+01 3.60430e-01 7.53375e-01
 41    42 -7.53309e+01 3.47859e-01 7.16525e-01
 42    43 -7.31573e+01 3.35685e-01 6.79754e-01
 43    44 -7.14202e+01 3.24233e-01 6.45028e-01
 44    45 -7.39075e+01 3.13381e-01 6.13112e-01
 45    46 -6.89033e+01 3.03074e-01 5.82575e-01
 46    47 -7.03923e+01 2.93263e-01 5.52656e-01
 47    48 -7.35044e+01 2.83755e-01 5.23209e-01
 48    49 -7.49853e+01 2.74546e-01 4.97231e-01
 49    50 -6.92501e+01 2.65686e-01 4.74058e-01
 50    51 -7.49197e+01 2.57132e-01 4.54548e-01
 51    53 -7.36632e+01 2.40684e-01 4.16029e-01
 52    54 -7.23969e+01 2.32886e-01 3.96851e-01
 53    55 -7.58184e+01 2.25270e-01 3.79559e-01
 54    56 -7.11532e+01 2.17890e-01 3.64164e-01
 55    58 -7.17048e+01 2.04054e-01 3.36478e-01
 56    59 -7.05537e+01 1.97343e-01 3.27784e-01
 57    60 -7.26325e+01 1.90767e-01 3.20386e-01
 58    62 -7.25315e+01 1.77953e-01 3.00850e-01
 59    63 -7.63069e+01 1.71876e-01 2.95653e-01
 60    65 -7.11931e+01 1.60137e-01 2.87421e-01
 61    66 -7.15916e+01 1.54576e-01 2.79164e-01
 62    68 -7.50135e+01 1.43986e-01 2.60079e-01
 63    69 -7.27691e+01 1.38860e-01 2.57149e-01
 64    71 -7.37680e+01 1.28622e-01 2.42087e-01
 65    73 -7.17055e+01 1.18677e-01 2.24376e-01
 66    74 -7.21336e+01 1.13790e-01 2.22567e-01
 67    76 -7.73602e+01 1.04302e-01 2.12400e-01
 68    78 -7.43271e+01 9.47226e-02 1.95552e-01
 69    80 -7.19582e+01 8.58575e-02 2.00253e-01
 70    82 -7.39818e+01 7.77015e-02 1.82891e-01
 71    84 -7.50410e+01 6.99281e-02 1.77683e-01
 72    86 -7.34820e+01 6.25782e-02 1.71088e-01
 73    88 -7.41791e+01 5.59819e-02 1.68801e-01
 74    90 -7.24481e+01 5.00205e-02 1.72595e-01
 75    92 -7.46800e+01 4.42144e-02 1.51052e-01
 76    94 -7.54145e+01 3.89743e-02 1.49877e-01
 77    96 -7.54063e+01 3.48987e-02 1.52071e-01
 78    98 -6.98236e+01 3.13393e-02 1.58448e-01
 79   101 -7.71247e+01 2.60345e-02 1.52079e-01
 80   103 -7.64198e+01 2.39823e-02 1.67597e-01
 81   105 -7.18948e+01 2.11768e-02 1.45590e-01
 82   108 -7.32946e+01 1.89909e-02 1.69430e-01
 83   110 -7.66835e+01 1.63818e-02 1.50207e-01
 84   113 -7.35925e+01 1.46632e-02 1.45538e-01
 85   116 -7.42087e+01 1.39823e-02 1.51005e-01
 86   118 -7.73542e+01 1.33642e-02 1.53583e-01
 87   121 -7.24872e+01 1.18784e-02 1.44384e-01
 88   124 -7.27830e+01 1.17201e-02 1.51780e-01
 89   127 -7.16394e+01 1.06094e-02 1.46371e-01
 90   130 -7.72624e+01 1.08182e-02 1.55302e-01
 91   133 -7.55051e+01 1.12054e-02 1.52277e-01
 92   136 -7.34391e+01 9.73050e-03 1.37404e-01
 93   139 -7.23434e+01 1.13239e-02 1.58783e-01
 94   143 -7.23952e+01 1.06906e-02 1.51901e-01
 95   146 -7.35629e+01 1.11079e-02 1.63236e-01
 96   149 -6.96455e+01 1.10822e-02 1.57369e-01
 97   153 -7.16439e+01 1.18860e-02 1.65454e-01
 98   156 -7.21941e+01 1.22230e-02 1.69831e-01
 99   160 -7.16090e+01 1.14493e-02 1.66862e-01
100   164 -7.37318e+01 1.12600e-02 1.62367e-01
101   168 -7.42527e+01 1.20444e-02 1.71878e-01
102   172 -7.06189e+01 1.11152e-02 1.51107e-01
103   176 -7.49161e+01 1.10672e-02 1.55476e-01
104   180 -7.14304e+01 1.08801e-02 1.50669e-01
105   184 -7.13047e+01 1.09928e-02 1.60661e-01
106   188 -7.34542e+01 1.03349e-02 1.50712e-01
107   193 -7.45733e+01 1.07586e-02 1.48272e-01
108   197 -7.19698e+01 1.02870e-02 1.51040e-01
109   202 -7.17985e+01 1.09438e-02 1.55682e-01
110   206 -7.43681e+01 1.12776e-02 1.60037e-01
111   211 -7.23172e+01 1.15668e-02 1.59841e-01
112   216 -7.22402e+01 1.22678e-02 1.74886e-01
113   221 -7.24421e+01 1.15451e-02 1.65340e-01
114   226 -7.45018e+01 1.17579e-02 1.74859e-01
115   232 -7.57000e+01 1.22798e-02 1.78713e-01
116   237 -7.31814e+01 1.29194e-02 1.87201e-01
117   243 -7.46779e+01 1.31432e-02 1.77929e-01
118   248 -7.31348e+01 1.19171e-02 1.67694e-01
119   254 -7.10289e+01 1.17726e-02 1.73233e-01
120   260 -7.64128e+01 1.26311e-02 1.81790e-01
121   266 -7.25357e+01 1.28765e-02 1.67124e-01
122   272 -7.49421e+01 1.26708e-02 1.66724e-01
123   279 -7.52177e+01 1.26310e-02 1.75765e-01
124   285 -7.42624e+01 1.18275e-02 1.68327e-01
125   292 -7.03209e+01 1.19120e-02 1.72147e-01
126   299 -7.80334e+01 1.15414e-02 1.61257e-01
127   306 -7.45242e+01 1.19549e-02 1.69630e-01
128   313 -7.43668e+01 1.15320e-02 1.58943e-01
129   320 -7.33912e+01 1.20743e-02 1.69564e-01
130   328 -7.44426e+01 1.21052e-02 1.74092e-01
131   335 -7.25465e+01 1.25849e-02 1.81958e-01
132   343 -7.48995e+01 1.21716e-02 1.69456e-01
133   351 -7.24969e+01 9.90190e-03 1.35120e-01
134   360 -7.22583e+01 9.21150e-03 1.26713e-01
135   368 -7.44529e+01 8.88106e-03 1.25907e-01
136   377 -7.13464e+01 7.99048e-03 1.19885e-01
137   385 -7.06583e+01 8.12199e-03 1.20021e-01
138   394 -7.84066e+01 8.23027e-03 1.20528e-01
139   404 -6.94145e+01 7.91360e-03 1.10188e-01
140   413 -7.29225e+01 8.08876e-03 1.16627e-01
141   423 -7.02984e+01 8.42955e-03 1.25206e-01
142   433 -7.19720e+01 9.08492e-03 1.31172e-01
143   443 -7.30298e+01 9.60950e-03 1.37734e-01
144   453 -7.27203e+01 8.50586e-03 1.15993e-01
145   464 -7.54498e+01 7.88205e-03 1.10445e-01
146   474 -7.21743e+01 8.67444e-03 1.25372e-01
147   486 -7.14583e+01 8.87327e-03 1.26020e-01
148   497 -7.20288e+01 8.74614e-03 1.22687e-01
149   509 -7.20859e+01 8.77562e-03 1.22680e-01
150   520 -7.05743e+01 9.19159e-03 1.30057e-01
151   533 -7.43599e+01 8.72314e-03 1.24013e-01
152   545 -7.27178e+01 9.05606e-03 1.28839e-01
153   558 -7.22361e+01 9.07360e-03 1.26844e-01
154   571 -7.70054e+01 8.96328e-03 1.22642e-01
155   584 -7.55209e+01 8.56635e-03 1.21914e-01
156   598 -6.84922e+01 8.24992e-03 1.15319e-01
157   612 -7.35772e+01 9.24614e-03 1.31239e-01
158   626 -7.39423e+01 1.00921e-02 1.39254e-01
159   641 -7.45219e+01 8.54683e-03 1.23642e-01
160   656 -7.55247e+01 9.20784e-03 1.25397e-01
161   671 -7.49232e+01 7.12675e-03 1.07348e-01
162   687 -7.41120e+01 6.67234e-03 9.55534e-02
163   703 -7.32629e+01 7.04406e-03 9.45171e-02
164   719 -7.23848e+01 6.56285e-03 9.65472e-02
165   736 -7.26211e+01 7.13713e-03 9.64565e-02
166   753 -7.55515e+01 6.52248e-03 9.58066e-02
167   771 -7.15519e+01 6.74559e-03 8.92662e-02
168   789 -7.23107e+01 6.28863e-03 8.98171e-02
169   807 -7.35616e+01 6.54299e-03 9.44561e-02
170   826 -7.13532e+01 6.80897e-03 9.76173e-02
171   845 -7.31805e+01 6.73730e-03 9.49574e-02
172   865 -7.51928e+01 6.48127e-03 9.27692e-02
173   885 -7.58581e+01 4.48957e-03 6.30718e-02
174   906 -7.39954e+01 4.78404e-03 6.75323e-02
175   927 -6.98581e+01 4.35461e-03 6.08897e-02
176   949 -7.24215e+01 4.81158e-03 6.82126e-02
177   971 -7.26240e+01 4.78686e-03 6.88145e-02
178   994 -7.61991e+01 4.91453e-03 7.00296e-02
179  1017 -7.65333e+01 5.23258e-03 7.33244e-02
180  1041 -7.36191e+01 4.75132e-03 6.88225e-02
181  1065 -6.90699e+01 5.37284e-03 7.60319e-02
182  1090 -7.24984e+01 3.62644e-03 5.10374e-02
183  1115 -7.60608e+01 3.96966e-03 5.95276e-02
184  1141 -6.98967e+01 3.70106e-03 5.30445e-02
185  1168 -7.20536e+01 3.50237e-03 4.95129e-02
186  1195 -7.63083e+01 3.46613e-03 5.19037e-02
187  1223 -7.27934e+01 3.73848e-03 5.42852e-02
188  1252 -7.30693e+01 3.16313e-03 4.73375e-02
189  1281 -7.25272e+01 3.30469e-03 4.81756e-02
190  1311 -7.31194e+01 3.52439e-03 5.34015e-02
191  1342 -7.23233e+01 3.73341e-03 5.64948e-02
192  1373 -7.04558e+01 2.48868e-03 3.67662e-02
193  1405 -7.78005e+01 2.38592e-03 3.57497e-02
194  1438 -7.20196e+01 2.75801e-03 4.12370e-02
195  1472 -7.31417e+01 2.50269e-03 3.73171e-02
196  1506 -7.52393e+01 2.36992e-03 3.61710e-02
197  1541 -7.34756e+01 2.68355e-03 3.88165e-02
198  1577 -7.29957e+01 2.04151e-03 2.99332e-02
199  1614 -7.56541e+01 1.99385e-03 3.05316e-02
200  1652 -7.52322e+01 2.05187e-03 3.14861e-02
201  1690 -7.08777e+01 1.93300e-03 3.09139e-02
202  1730 -6.87547e+01 1.84520e-03 2.90389e-02
203  1770 -7.42867e+01 1.95778e-03 2.86000e-02
204  1811 -7.39935e+01 1.84336e-03 2.95707e-02
205  1854 -7.04140e+01 1.91326e-03 2.85251e-02
206  1897 -7.72411e+01 1.42595e-03 2.20764e-02
207  1941 -7.14207e+01 1.39100e-03 2.36024e-02
208  1987 -7.22617e+01 1.37348e-03 2.24926e-02
209  2033 -7.41091e+01 1.47330e-03 2.40951e-02
210  2081 -7.64637e+01 1.13854e-03 2.01595e-02
211  2129 -7.15590e+01 1.10541e-03 1.99880e-02
212  2179 -7.24427e+01 1.10394e-03 1.95300e-02
213  2230 -7.14606e+01 1.04694e-03 1.92854e-02
214  2282 -7.66386e+01 9.13303e-04 1.76263e-02
215  2335 -7.48887e+01 8.14853e-04 1.64480e-02
216  2390 -7.24540e+01 8.65560e-04 1.71329e-02
217  2446 -7.67516e+01 8.27561e-04 1.63925e-02
218  2503 -7.72641e+01 7.56176e-04 1.55958e-02
219  2561 -7.28136e+01 6.91912e-04 1.51007e-02
220  2621 -7.00849e+01 6.58249e-04 1.48083e-02
221  2682 -7.33371e+01 6.13803e-04 1.44481e-02
222  2745 -7.28393e+01 5.72553e-04 1.40456e-02
223  2809 -7.50966e+01 5.46712e-04 1.37491e-02
224  2875 -7.46833e+01 5.33668e-04 1.35779e-02
225  2942 -7.26949e+01 5.24259e-04 1.34464e-02
226  3010 -7.24565e+01 5.09846e-04 1.33477e-02
227  3081 -7.45308e+01 5.00672e-04 1.32171e-02
228  3153 -7.08366e+01 4.97486e-04 1.31797e-02
229  3226 -7.33345e+01 4.89284e-04 1.30987e-02
230  3302 -7.22684e+01 4.84316e-04 1.30753e-02
231  3379 -7.17897e+01 4.79165e-04 1.30404e-02
232  3458 -7.25482e+01 4.75666e-04 1.30182e-02
233  3538 -7.30467e+01 4.74323e-04 1.30043e-02
234  3621 -7.54121e+01 4.71337e-04 1.29824e-02
235  3706 -7.22231e+01 4.70174e-04 1.29746e-02
236  3792 -7.40190e+01 4.67912e-04 1.29555e-02
237  3881 -7.42165e+01 4.65828e-04 1.29461e-02
238  3971 -7.52506e+01 4.64545e-04 1.29305e-02
239  4064 -7.24814e+01 4.62712e-04 1.29252e-02
240  4159 -7.26996e+01 4.60983e-04 1.29107e-02
241  4256 -7.20924e+01 4.58730e-04 1.29017e-02
242  4356 -7.16193e+01 4.57536e-04 1.28996e-02
243  4457 -7.47501e+01 4.56110e-04 1.28868e-02
244  4561 -7.50119e+01 4.53771e-04 1.28709e-02
245  4668 -7.15468e+01 4.51893e-04 1.28579e-02
246  4777 -7.25703e+01 4.50416e-04 1.28414e-02
247  4889 -7.33933e+01 4.49335e-04 1.28355e-02
248  5003 -7.66449e+01 4.47095e-04 1.28171e-02
249  5120 -7.56591e+01 4.45774e-04 1.28090e-02
250  5239 -7.18016e+01 4.44799e-04 1.28024e-02
251  5361 -7.48642e+01 4.43454e-04 1.27928e-02
252  5487 -7.17161e+01 4.41939e-04 1.27910e-02
253  5615 -7.31663e+01 4.40843e-04 1.27890e-02
254  5746 -7.25141e+01 4.39770e-04 1.27741e-02
255  5880 -7.43473e+01 4.38955e-04 1.27704e-02
256  6017 -7.67904e+01 4.37598e-04 1.27600e-02
257  6158 -7.19135e+01 4.36539e-04 1.27591e-02
258  6302 -7.18975e+01 4.34434e-04 1.27434e-02
259  6449 -7.49378e+01 4.33546e-04 1.27312e-02
260  6600 -7.33264e+01 4.32533e-04 1.27248e-02
261  6754 -7.12311e+01 4.31332e-04 1.27046e-02
262  6911 -7.32008e+01 4.30655e-04 1.27031e-02
263  7073 -7.08710e+01 4.29241e-04 1.27011e-02
264  7238 -7.58002e+01 4.28420e-04 1.27133e-02
265  7407 -7.65792e+01 4.27042e-04 1.27064e-02
266  7580 -7.79380e+01 4.26250e-04 1.27087e-02
267  7757 -7.76447e+01 4.25201e-04 1.27000e-02
268  7938 -7.35360e+01 4.24473e-04 1.26873e-02
269  8124 -7.49609e+01 4.23613e-04 1.26791e-02
270  8313 -7.73022e+01 4.22403e-04 1.26783e-02
271  8507 -7.21609e+01 4.21070e-04 1.26716e-02
272  8706 -7.32846e+01 4.19344e-04 1.26568e-02
273  8909 -7.69243e+01 4.17667e-04 1.26515e-02
274  9118 -7.60120e+01 4.16338e-04 1.26500e-02
275  9330 -7.26827e+01 4.14821e-04 1.26340e-02
276  9548 -7.18215e+01 4.13393e-04 1.26223e-02
277  9771 -7.22982e+01 4.12013e-04 1.26176e-02
278 10000 -7.55924e+01 4.11561e-04 1.26172e-02
