i, epoch, loss, l2_err, h1_err
  0     1 -9.45075e+00 9.47889e-01 1.32729e+00
  1     2 -1.87102e+01 9.21528e-01 1.33976e+00
  2     3 -2.68824e+01 8.95274e-01 1.39161e+00
  3     4 -3.23291e+01 8.68977e-01 1.44718e+00
  4     5 -3.81233e+01 8.43000e-01 1.49025e+00
  5     6 -4.28207e+01 8.16658e-01 1.51271e+00
  6     7 -4.84147e+01 7.90335e-01 1.51385e+00
  7     8 -5.32733e+01 7.63715e-01 1.49434e+00
  8     9 -5.37485e+01 7.36997e-01 1.46333e+00
  9    10 -5.78076e+01 7.10440e-01 1.42717e+00
 10    11 -6.06277e+01 6.84543e-01 1.38833e+00
 11    12 -6.27991e+01 6.59360e-01 1.34684e+00
 12    13 -6.70593e+01 6.35029e-01 1.30290e+00
 13    14 -6.76187e+01 6.11361e-01 1.25643e+00
 14    15 -6.72692e+01 5.88620e-01 1.20761e+00
 15    16 -7.05597e+01 5.66488e-01 1.15965e+00
 16    17 -7.19047e+01 5.45191e-01 1.11378e+00
 17    18 -7.02589e+01 5.24230e-01 1.07195e+00
 18    19 -7.17866e+01 5.03540e-01 1.03390e+00
 19    20 -7.22642e+01 4.82902e-01 9.98165e-01
 20    21 -7.09477e+01 4.62282e-01 9.64382e-01
 21    22 -7.04460e+01 4.41743e-01 9.30965e-01
 22    23 -7.62386e+01 4.21325e-01 8.98051e-01
 23    24 -6.88150e+01 4.01407e-01 8.65308e-01
 24    25 -7.41952e+01 3.82120e-01 8.33078e-01
 25    26 -7.53739e+01 3.63497e-01 8.02911e-01
 26    27 -7.34863e+01 3.45445e-01 7.75440e-01
 27    28 -7.22014e+01 3.27720e-01 7.49878e-01
 28    29 -7.15162e+01 3.10361e-01 7.26431e-01
 29    30 -7.11337e+01 2.93275e-01 7.03235e-01
 30    31 -7.35225e+01 2.76468e-01 6.79734e-01
 31    32 -7.52482e+01 2.60179e-01 6.56021e-01
 32    33 -7.23797e+01 2.44291e-01 6.31652e-01
 33    34 -7.31528e+01 2.28488e-01 6.04511e-01
 34    35 -7.26840e+01 2.12791e-01 5.75584e-01
 35    36 -7.23066e+01 1.97330e-01 5.45443e-01
 36    37 -7.52449e+01 1.82353e-01 5.14387e-01
 37    38 -6.95240e+01 1.68226e-01 4.83368e-01
 38    39 -7.16639e+01 1.54807e-01 4.52876e-01
 39    40 -7.34591e+01 1.42350e-01 4.23610e-01
 40    41 -7.28109e+01 1.30499e-01 3.93799e-01
 41    42 -7.01204e+01 1.19557e-01 3.63734e-01
 42    43 -7.42402e+01 1.09256e-01 3.33641e-01
 43    44 -7.28118e+01 9.93843e-02 3.04169e-01
 44    45 -6.95408e+01 8.96597e-02 2.75829e-01
 45    46 -7.28295e+01 8.00856e-02 2.48459e-01
 46    47 -7.43296e+01 7.09895e-02 2.26236e-01
 47    48 -7.39774e+01 6.27276e-02 2.10221e-01
 48    49 -7.10988e+01 5.55752e-02 1.99862e-01
 49    50 -7.63619e+01 4.93057e-02 1.92844e-01
 50    51 -7.21857e+01 4.40715e-02 1.86820e-01
 51    53 -7.33658e+01 3.63990e-02 1.76784e-01
 52    54 -7.49776e+01 3.42155e-02 1.75796e-01
 53    55 -7.19077e+01 3.28702e-02 1.75166e-01
 54    56 -7.28853e+01 3.23108e-02 1.75216e-01
 55    58 -7.12112e+01 3.37904e-02 1.79506e-01
 56    59 -7.17999e+01 3.49920e-02 1.76646e-01
 57    60 -7.53993e+01 3.59246e-02 1.70161e-01
 58    62 -7.38526e+01 3.75615e-02 1.64881e-01
 59    63 -7.11462e+01 3.82531e-02 1.62060e-01
 60    65 -7.27197e+01 3.92090e-02 1.45188e-01
 61    66 -7.38513e+01 3.99845e-02 1.41708e-01
 62    68 -7.63799e+01 4.06267e-02 1.32977e-01
 63    69 -7.42254e+01 4.04053e-02 1.26199e-01
 64    71 -7.15570e+01 3.96891e-02 1.18020e-01
 65    73 -7.22713e+01 3.84889e-02 1.18732e-01
 66    74 -7.31977e+01 3.75660e-02 1.16601e-01
 67    76 -7.50722e+01 3.50504e-02 1.06653e-01
 68    78 -7.09235e+01 3.28140e-02 1.00631e-01
 69    80 -7.26746e+01 3.04490e-02 9.72624e-02
 70    82 -7.11886e+01 2.67579e-02 9.11177e-02
 71    84 -7.56579e+01 2.15469e-02 7.91695e-02
 72    86 -7.48500e+01 1.78903e-02 8.79987e-02
 73    88 -7.41695e+01 1.50012e-02 8.00667e-02
 74    90 -7.76695e+01 1.30788e-02 7.90043e-02
 75    92 -7.31068e+01 1.17621e-02 8.06540e-02
 76    94 -7.57569e+01 1.00692e-02 7.52884e-02
 77    96 -7.32886e+01 9.62126e-03 7.36355e-02
 78    98 -7.34529e+01 1.04903e-02 7.99998e-02
 79   101 -7.35614e+01 9.55531e-03 7.55505e-02
 80   103 -7.60272e+01 1.00735e-02 8.29128e-02
 81   105 -7.15149e+01 9.32990e-03 8.13341e-02
 82   108 -7.33938e+01 9.97158e-03 8.34562e-02
 83   110 -6.90158e+01 1.03483e-02 8.57385e-02
 84   113 -7.32561e+01 1.03209e-02 8.79876e-02
 85   116 -7.40084e+01 1.03309e-02 8.27367e-02
 86   118 -7.43533e+01 1.03930e-02 8.78993e-02
 87   121 -7.25035e+01 9.75491e-03 7.95998e-02
 88   124 -7.43566e+01 1.00424e-02 8.89717e-02
 89   127 -7.08486e+01 1.09748e-02 9.31271e-02
 90   130 -7.03149e+01 9.93100e-03 8.65921e-02
 91   133 -7.40770e+01 9.80439e-03 7.93825e-02
 92   136 -7.33543e+01 1.05317e-02 9.50596e-02
 93   139 -7.54506e+01 1.10294e-02 8.31059e-02
 94   143 -7.35760e+01 1.02786e-02 8.44554e-02
 95   146 -7.24231e+01 9.71450e-03 8.50746e-02
 96   149 -7.70183e+01 9.40060e-03 8.35987e-02
 97   153 -7.47852e+01 9.89544e-03 8.90384e-02
 98   156 -7.42753e+01 9.55966e-03 8.33941e-02
 99   160 -7.50089e+01 9.68334e-03 7.80653e-02
100   164 -7.30579e+01 9.26339e-03 8.00209e-02
101   168 -7.65957e+01 1.05532e-02 9.14084e-02
102   172 -7.44332e+01 1.06564e-02 8.86912e-02
103   176 -7.32039e+01 1.06089e-02 9.43193e-02
104   180 -7.62342e+01 1.11580e-02 9.28678e-02
105   184 -7.03345e+01 1.07760e-02 8.55890e-02
106   188 -7.15133e+01 1.06969e-02 9.22911e-02
107   193 -7.46147e+01 9.74975e-03 8.45825e-02
108   197 -7.35991e+01 1.08242e-02 9.60381e-02
109   202 -7.08331e+01 1.01928e-02 9.31739e-02
110   206 -7.44740e+01 1.00938e-02 8.68495e-02
111   211 -7.29565e+01 9.80734e-03 8.72369e-02
112   216 -6.77532e+01 9.79547e-03 8.33561e-02
113   221 -7.24452e+01 1.03977e-02 8.21771e-02
114   226 -7.11407e+01 1.13515e-02 9.46711e-02
115   232 -7.37235e+01 1.14465e-02 9.57487e-02
116   237 -7.41453e+01 1.19052e-02 9.21525e-02
117   243 -7.24462e+01 1.12147e-02 1.04405e-01
118   248 -7.66893e+01 1.10622e-02 9.83709e-02
119   254 -6.86291e+01 1.18757e-02 9.45617e-02
120   260 -7.26080e+01 1.27127e-02 9.96094e-02
121   266 -7.19675e+01 1.27352e-02 1.08307e-01
122   272 -7.40268e+01 1.07630e-02 8.24130e-02
123   279 -7.25137e+01 1.17157e-02 9.30463e-02
124   285 -7.21617e+01 1.08779e-02 8.74766e-02
125   292 -7.23450e+01 1.17713e-02 1.02715e-01
126   299 -7.18684e+01 1.07373e-02 9.49524e-02
127   306 -7.40892e+01 1.14076e-02 9.03947e-02
128   313 -7.43402e+01 1.01970e-02 8.89477e-02
129   320 -7.00275e+01 1.08194e-02 9.19841e-02
130   328 -7.58171e+01 1.19542e-02 1.02213e-01
131   335 -7.67642e+01 1.25694e-02 9.48532e-02
132   343 -7.09921e+01 1.11777e-02 9.90559e-02
133   351 -7.01354e+01 1.08674e-02 9.54099e-02
134   360 -7.51723e+01 1.22579e-02 1.10034e-01
135   368 -7.04136e+01 1.33224e-02 1.12432e-01
136   377 -7.51000e+01 1.11611e-02 1.03266e-01
137   385 -7.02721e+01 1.16751e-02 1.01010e-01
138   394 -7.47953e+01 1.11666e-02 9.60872e-02
139   404 -7.18029e+01 1.21626e-02 1.06528e-01
140   413 -7.48307e+01 1.36577e-02 1.17812e-01
141   423 -7.18467e+01 1.22160e-02 1.03323e-01
142   433 -7.06858e+01 1.16933e-02 9.75882e-02
143   443 -7.54434e+01 9.85181e-03 9.23288e-02
144   453 -7.49282e+01 1.22474e-02 9.97246e-02
145   464 -7.08068e+01 9.76732e-03 9.03891e-02
146   474 -7.24687e+01 1.13401e-02 9.95778e-02
147   486 -7.13387e+01 1.07389e-02 9.75784e-02
148   497 -7.00868e+01 1.11756e-02 1.03001e-01
149   509 -7.57254e+01 9.83819e-03 8.25920e-02
150   520 -7.63884e+01 1.07434e-02 8.93121e-02
151   533 -7.20457e+01 1.31537e-02 1.06723e-01
152   545 -7.36980e+01 1.12411e-02 9.44759e-02
153   558 -7.31119e+01 9.82562e-03 8.07235e-02
154   571 -7.23663e+01 1.06771e-02 9.30455e-02
155   584 -7.17340e+01 1.00211e-02 9.26419e-02
156   598 -7.22127e+01 9.88126e-03 8.64551e-02
157   612 -7.30341e+01 7.50161e-03 6.79315e-02
158   626 -7.37675e+01 8.49064e-03 7.17933e-02
159   641 -7.45105e+01 7.64401e-03 7.03100e-02
160   656 -7.49687e+01 9.02402e-03 7.85835e-02
161   671 -7.07255e+01 8.37694e-03 7.62334e-02
162   687 -7.61456e+01 8.27425e-03 7.30958e-02
163   703 -7.35465e+01 8.59548e-03 7.37466e-02
164   719 -7.38567e+01 9.16073e-03 7.97831e-02
165   736 -7.32732e+01 8.57646e-03 7.21019e-02
166   753 -7.06131e+01 8.47824e-03 7.39463e-02
167   771 -7.13532e+01 8.62536e-03 7.41228e-02
168   789 -7.41650e+01 8.56560e-03 7.85652e-02
169   807 -7.25003e+01 9.16123e-03 7.60307e-02
170   826 -7.40966e+01 9.98854e-03 8.63914e-02
171   845 -7.11823e+01 9.81755e-03 8.58856e-02
172   865 -7.40755e+01 9.04466e-03 7.78544e-02
173   885 -7.27353e+01 9.32699e-03 8.02574e-02
174   906 -7.54482e+01 8.23326e-03 7.90177e-02
175   927 -6.92648e+01 8.94144e-03 7.75962e-02
176   949 -7.25846e+01 9.21526e-03 7.92865e-02
177   971 -7.56777e+01 8.41332e-03 7.93942e-02
178   994 -7.43046e+01 8.10863e-03 6.73474e-02
179  1017 -7.34880e+01 6.88638e-03 6.57000e-02
180  1041 -7.32125e+01 6.84312e-03 6.14322e-02
181  1065 -7.13474e+01 6.26482e-03 5.75134e-02
182  1090 -7.48977e+01 6.54020e-03 5.94140e-02
183  1115 -7.39759e+01 6.28709e-03 6.12653e-02
184  1141 -7.35203e+01 6.95261e-03 6.21809e-02
185  1168 -7.31244e+01 6.92511e-03 6.19818e-02
186  1195 -7.72108e+01 6.08805e-03 5.53652e-02
187  1223 -7.57083e+01 4.94812e-03 5.00249e-02
188  1252 -7.20066e+01 4.81497e-03 5.05940e-02
189  1281 -7.28365e+01 4.54991e-03 4.51948e-02
190  1311 -7.28041e+01 5.34274e-03 5.01250e-02
191  1342 -7.11453e+01 4.35340e-03 4.84844e-02
192  1373 -7.84461e+01 5.17586e-03 5.23241e-02
193  1405 -7.36039e+01 5.24634e-03 5.12925e-02
194  1438 -7.21604e+01 4.82667e-03 4.88791e-02
195  1472 -7.45849e+01 5.16963e-03 5.25956e-02
196  1506 -7.27783e+01 4.59664e-03 4.82307e-02
197  1541 -7.28470e+01 3.92367e-03 4.44446e-02
198  1577 -7.49428e+01 3.58568e-03 4.29111e-02
199  1614 -7.63302e+01 4.01796e-03 4.32871e-02
200  1652 -7.47516e+01 4.08954e-03 4.30539e-02
201  1690 -7.83682e+01 3.74514e-03 4.32253e-02
202  1730 -7.27064e+01 3.64799e-03 4.35049e-02
203  1770 -7.50311e+01 3.07357e-03 3.89281e-02
204  1811 -7.28243e+01 3.32302e-03 3.91429e-02
205  1854 -7.44497e+01 3.09430e-03 3.90675e-02
206  1897 -7.45103e+01 3.09029e-03 3.87711e-02
207  1941 -7.28136e+01 3.05911e-03 3.86977e-02
208  1987 -7.31153e+01 3.03505e-03 3.86187e-02
209  2033 -7.62366e+01 3.25225e-03 3.76902e-02
210  2081 -7.00974e+01 2.72346e-03 3.51882e-02
211  2129 -7.62076e+01 2.75620e-03 3.62521e-02
212  2179 -7.34698e+01 2.68524e-03 3.54106e-02
213  2230 -7.08670e+01 2.73285e-03 3.67217e-02
214  2282 -6.90213e+01 2.26665e-03 3.46826e-02
215  2335 -7.16550e+01 2.30386e-03 3.49178e-02
216  2390 -7.40689e+01 2.32873e-03 3.50970e-02
217  2446 -7.06482e+01 2.28645e-03 3.47796e-02
218  2503 -7.18601e+01 2.12633e-03 3.40538e-02
219  2561 -7.43377e+01 2.11623e-03 3.39185e-02
220  2621 -7.10751e+01 2.05892e-03 3.37550e-02
221  2682 -7.72589e+01 2.03307e-03 3.33279e-02
222  2745 -7.16491e+01 2.01528e-03 3.32195e-02
223  2809 -7.32315e+01 2.02118e-03 3.34860e-02
224  2875 -7.51227e+01 1.98067e-03 3.33953e-02
225  2942 -7.01424e+01 1.95279e-03 3.33098e-02
226  3010 -7.09231e+01 1.96932e-03 3.34337e-02
227  3081 -7.20043e+01 1.94053e-03 3.32010e-02
228  3153 -7.64407e+01 1.94088e-03 3.32099e-02
229  3226 -7.67325e+01 1.94344e-03 3.32383e-02
230  3302 -7.11702e+01 1.93572e-03 3.32428e-02
231  3379 -7.32024e+01 1.93657e-03 3.32226e-02
232  3458 -7.16726e+01 1.93381e-03 3.32031e-02
233  3538 -7.27146e+01 1.93015e-03 3.31937e-02
234  3621 -7.13879e+01 1.92651e-03 3.31799e-02
235  3706 -7.26425e+01 1.92454e-03 3.31618e-02
236  3792 -6.96022e+01 1.92244e-03 3.31515e-02
237  3881 -7.50054e+01 1.92116e-03 3.31359e-02
238  3971 -7.51061e+01 1.92015e-03 3.31358e-02
239  4064 -7.15199e+01 1.91915e-03 3.31334e-02
240  4159 -7.48748e+01 1.91847e-03 3.31288e-02
241  4256 -7.27828e+01 1.91801e-03 3.31307e-02
242  4356 -7.08090e+01 1.91719e-03 3.31267e-02
243  4457 -7.80272e+01 1.91674e-03 3.31246e-02
244  4561 -7.15243e+01 1.91653e-03 3.31219e-02
245  4668 -7.35972e+01 1.91571e-03 3.31174e-02
246  4777 -7.25054e+01 1.91440e-03 3.31163e-02
247  4889 -7.11818e+01 1.91335e-03 3.31119e-02
248  5003 -7.42734e+01 1.91246e-03 3.31061e-02
249  5120 -7.21285e+01 1.91170e-03 3.31025e-02
250  5239 -7.40168e+01 1.91156e-03 3.30990e-02
251  5361 -7.34387e+01 1.91068e-03 3.30980e-02
252  5487 -7.01807e+01 1.91069e-03 3.30947e-02
253  5615 -7.34374e+01 1.91078e-03 3.30965e-02
254  5746 -7.61085e+01 1.91037e-03 3.30919e-02
255  5880 -7.23304e+01 1.90936e-03 3.30848e-02
256  6017 -7.36638e+01 1.90854e-03 3.30840e-02
257  6158 -7.50839e+01 1.90829e-03 3.30805e-02
258  6302 -7.24675e+01 1.90769e-03 3.30814e-02
259  6449 -7.08870e+01 1.90738e-03 3.30757e-02
260  6600 -7.54359e+01 1.90684e-03 3.30716e-02
261  6754 -7.26646e+01 1.90628e-03 3.30683e-02
262  6911 -7.54803e+01 1.90637e-03 3.30676e-02
263  7073 -7.18439e+01 1.90563e-03 3.30632e-02
264  7238 -7.45478e+01 1.90548e-03 3.30593e-02
265  7407 -7.26802e+01 1.90405e-03 3.30551e-02
266  7580 -7.32504e+01 1.90361e-03 3.30455e-02
267  7757 -7.66143e+01 1.90333e-03 3.30476e-02
268  7938 -7.43782e+01 1.90341e-03 3.30444e-02
269  8124 -7.35770e+01 1.90278e-03 3.30415e-02
270  8313 -7.40490e+01 1.90310e-03 3.30427e-02
271  8507 -7.47965e+01 1.90181e-03 3.30398e-02
272  8706 -7.48906e+01 1.90104e-03 3.30320e-02
273  8909 -7.16189e+01 1.90031e-03 3.30300e-02
274  9118 -7.55131e+01 1.89934e-03 3.30220e-02
275  9330 -7.46460e+01 1.89940e-03 3.30188e-02
276  9548 -7.10447e+01 1.89873e-03 3.30181e-02
277  9771 -7.53813e+01 1.89881e-03 3.30177e-02
278 10000 -7.39455e+01 1.89877e-03 3.30185e-02
