iteration	energy	residual_norm	L2-error	H1-error
0	0.000000e+00	1.278512e+03	1.000000e+00	1.000000e+00
10	-7.332760e+01	3.157342e-01	2.463139e-02	8.151440e-02
20	-7.334859e+01	2.951157e-02	1.420724e-02	4.076067e-02
30	-7.335156e+01	9.841195e-01	1.149366e-02	3.308353e-02
40	-7.335214e+01	2.702425e-03	1.365339e-02	3.778241e-02
50	-7.335361e+01	2.957444e-04	1.121050e-02	3.521702e-02
60	-7.335394e+01	2.598235e-03	1.238032e-02	3.932003e-02
70	-7.335453e+01	9.295884e-04	1.218465e-02	4.084307e-02
80	-7.335485e+01	1.055534e-04	1.222872e-02	4.315841e-02
90	-7.335486e+01	2.812105e-04	1.244585e-02	4.369433e-02
100	-7.335498e+01	1.559560e-01	1.078503e-02	4.163769e-02
110	-7.335516e+01	2.167618e-02	1.176451e-02	4.201435e-02
120	-7.335519e+01	8.838074e-04	1.169352e-02	4.248168e-02
130	-7.335543e+01	5.027551e-03	1.242023e-02	4.727547e-02
140	-7.335543e+01	7.386300e-02	1.238854e-02	4.730597e-02
150	-7.335545e+01	1.750046e-03	1.321508e-02	4.788232e-02
160	-7.335589e+01	2.009498e-04	1.292263e-02	5.319853e-02
170	-7.335602e+01	7.076032e-03	1.310329e-02	5.512705e-02
180	-7.335608e+01	2.752640e-03	1.343266e-02	5.586092e-02
190	-7.335609e+01	4.480464e-02	1.352857e-02	5.565694e-02
200	-7.335610e+01	8.527920e-04	1.386942e-02	5.619655e-02
210	-7.335610e+01	8.403512e-05	1.377678e-02	5.625251e-02
220	-7.335615e+01	3.684349e-03	1.340680e-02	5.495349e-02
230	-7.335634e+01	6.515806e-04	1.269535e-02	5.456960e-02
240	-7.335660e+01	4.788065e-03	1.329531e-02	5.785098e-02
250	-7.335661e+01	1.169005e-04	1.326350e-02	5.804424e-02
260	-7.335661e+01	7.608103e-02	1.334825e-02	5.807947e-02
270	-7.335662e+01	2.406482e-03	1.336692e-02	5.810238e-02
280	-7.335663e+01	6.036677e-04	1.310654e-02	5.799477e-02
290	-7.335674e+01	7.727688e-04	1.329169e-02	5.877590e-02
300	-7.335677e+01	3.556754e-02	1.455573e-02	5.970008e-02
310	-7.335685e+01	2.537676e-04	1.357269e-02	6.019095e-02
320	-7.335685e+01	3.875519e-03	1.359087e-02	6.006279e-02
330	-7.335685e+01	5.548619e-04	1.336018e-02	5.971170e-02
340	-7.335685e+01	5.637668e-04	1.338482e-02	5.979636e-02
350	-7.335686e+01	4.322601e-05	1.337863e-02	5.979517e-02
360	-7.335686e+01	6.111129e-01	1.321500e-02	5.967642e-02
370	-7.335707e+01	3.238501e-03	1.349595e-02	6.135638e-02
380	-7.335731e+01	1.947937e+00	1.424938e-02	6.428873e-02
390	-7.335735e+01	7.558850e-04	1.380961e-02	6.474639e-02
400	-7.335736e+01	4.524647e-04	1.379366e-02	6.482609e-02
410	-7.335737e+01	1.811591e-02	1.376461e-02	6.488793e-02
420	-7.335737e+01	1.800896e-04	1.391262e-02	6.496040e-02
430	-7.335745e+01	1.410069e-02	1.356774e-02	6.557937e-02
440	-7.335748e+01	2.266048e-04	1.387992e-02	6.611577e-02
450	-7.335750e+01	3.134434e-01	1.383584e-02	6.591390e-02
460	-7.335756e+01	5.287318e-04	1.453739e-02	6.845790e-02
470	-7.335812e+01	2.635443e-03	1.465822e-02	7.471904e-02
480	-7.335812e+01	1.315230e-03	1.441431e-02	7.463365e-02
490	-7.335813e+01	1.131277e-03	1.444975e-02	7.465845e-02
500	-7.335814e+01	3.542692e-04	1.420434e-02	7.453275e-02
510	-7.335817e+01	6.671775e-03	1.463356e-02	7.459753e-02
520	-7.335817e+01	7.717326e-05	1.448695e-02	7.432443e-02
530	-7.335817e+01	3.014509e-02	1.443984e-02	7.425409e-02
540	-7.335817e+01	6.607655e-03	1.446636e-02	7.425322e-02
550	-7.335818e+01	5.760749e-04	1.447129e-02	7.426842e-02
560	-7.335824e+01	6.178099e-04	1.393621e-02	7.412060e-02
570	-7.335825e+01	6.157874e-02	1.431043e-02	7.402363e-02
580	-7.335826e+01	4.559980e-03	1.419782e-02	7.393426e-02
590	-7.335828e+01	1.935618e-03	1.416961e-02	7.414382e-02
600	-7.335829e+01	4.483975e-02	1.423811e-02	7.421208e-02
610	-7.335830e+01	5.181585e-03	1.421513e-02	7.416059e-02
620	-7.335831e+01	9.136991e-03	1.410389e-02	7.420036e-02
630	-7.335843e+01	2.435731e-03	1.425512e-02	7.518521e-02
640	-7.335844e+01	8.345421e-03	1.429124e-02	7.523548e-02
650	-7.335851e+01	1.029150e-03	1.410614e-02	7.464170e-02
660	-7.335852e+01	1.961550e-01	1.406778e-02	7.469338e-02
670	-7.335853e+01	1.515341e-02	1.415523e-02	7.467380e-02
680	-7.335855e+01	2.025083e-02	1.437665e-02	7.493897e-02
690	-7.335859e+01	2.021432e-02	1.433931e-02	7.543562e-02
700	-7.335862e+01	5.606769e-05	1.398099e-02	7.465647e-02
710	-7.335862e+01	4.436825e-03	1.395157e-02	7.453697e-02
720	-7.335863e+01	6.830176e-03	1.398411e-02	7.476288e-02
730	-7.335864e+01	4.048480e-02	1.400087e-02	7.483411e-02
740	-7.335864e+01	2.525492e-03	1.419242e-02	7.490678e-02
750	-7.335864e+01	1.218822e-04	1.390640e-02	7.476695e-02
760	-7.335871e+01	1.858967e-03	1.416579e-02	7.674872e-02
770	-7.335871e+01	4.087699e-03	1.390801e-02	7.673504e-02
780	-7.335872e+01	7.300986e-04	1.418973e-02	7.695399e-02
790	-7.335872e+01	1.362431e-05	1.419619e-02	7.695689e-02
800	-7.335872e+01	3.259858e-04	1.430426e-02	7.703926e-02
810	-7.335872e+01	8.370425e-05	1.415850e-02	7.707995e-02
820	-7.335872e+01	1.218476e-02	1.422803e-02	7.741856e-02
830	-7.335873e+01	1.707996e-01	1.440645e-02	7.774066e-02
840	-7.335873e+01	1.693847e-04	1.421327e-02	7.766706e-02
850	-7.335874e+01	1.288353e-03	1.434773e-02	7.777709e-02
860	-7.335882e+01	1.871368e-04	1.495622e-02	8.082178e-02
870	-7.335882e+01	1.692989e-04	1.506131e-02	8.088795e-02
880	-7.335883e+01	4.280135e-03	1.526088e-02	8.113775e-02
890	-7.335886e+01	5.594027e-03	1.468539e-02	8.093354e-02
900	-7.335894e+01	3.827976e-03	1.582983e-02	8.223658e-02
910	-7.335920e+01	7.285661e-03	1.411614e-02	8.441898e-02
920	-7.335927e+01	2.358610e-02	1.549242e-02	8.606485e-02
930	-7.335941e+01	2.511321e-01	1.490081e-02	8.692095e-02
940	-7.335944e+01	2.258422e-01	1.511621e-02	8.733737e-02
950	-7.335947e+01	2.837122e-03	1.513821e-02	8.765666e-02
960	-7.335947e+01	2.394092e-03	1.509157e-02	8.767310e-02
970	-7.335965e+01	2.850832e-02	1.599575e-02	9.145120e-02
980	-7.335975e+01	6.260749e-03	1.730106e-02	9.193695e-02
990	-7.335981e+01	1.138325e-03	1.553586e-02	9.114519e-02
1000	-7.335981e+01	1.547270e-05	1.560678e-02	9.120348e-02
1010	-7.335981e+01	1.200780e-04	1.560015e-02	9.119749e-02
1020	-7.335981e+01	1.871346e-03	1.566602e-02	9.123647e-02
1030	-7.335981e+01	8.312779e-04	1.563472e-02	9.124844e-02
1040	-7.335981e+01	1.349044e-01	1.571889e-02	9.130865e-02
1050	-7.335983e+01	3.396291e-04	1.569049e-02	9.137726e-02
1060	-7.335983e+01	3.964289e-03	1.552097e-02	9.130946e-02
1070	-7.335991e+01	1.204414e-03	1.561949e-02	9.194461e-02
1080	-7.335991e+01	2.028658e-02	1.558707e-02	9.191192e-02
1090	-7.335991e+01	1.543689e-04	1.559444e-02	9.192083e-02
1100	-7.335991e+01	3.286279e-02	1.544676e-02	9.183856e-02
1110	-7.336002e+01	1.868456e-02	1.541854e-02	9.131097e-02
1120	-7.336005e+01	3.262741e-02	1.501772e-02	9.097423e-02
1130	-7.336009e+01	5.044966e-02	1.452808e-02	9.196429e-02
1140	-7.336011e+01	1.443329e-02	1.560890e-02	9.295579e-02
1150	-7.336019e+01	5.093464e-02	1.553712e-02	9.382640e-02
1160	-7.336019e+01	5.185404e-02	1.557913e-02	9.393670e-02
1170	-7.336020e+01	3.719081e-01	1.565625e-02	9.410310e-02
1180	-7.336021e+01	3.254477e-03	1.570985e-02	9.417924e-02
1190	-7.336022e+01	4.195820e-02	1.573000e-02	9.444810e-02
1200	-7.336022e+01	2.996300e-04	1.585207e-02	9.451383e-02
1210	-7.336022e+01	6.450038e-04	1.590064e-02	9.453482e-02
1220	-7.336023e+01	3.529529e-03	1.591044e-02	9.454147e-02
1230	-7.336023e+01	7.150064e-03	1.587137e-02	9.451936e-02
1240	-7.336023e+01	6.694742e-03	1.591270e-02	9.457803e-02
1250	-7.336024e+01	2.822279e-03	1.578825e-02	9.450948e-02
1260	-7.336024e+01	3.316941e-03	1.580834e-02	9.452033e-02
1270	-7.336024e+01	5.974168e-04	1.590609e-02	9.485230e-02
1280	-7.336024e+01	4.852118e-03	1.590770e-02	9.485790e-02
1290	-7.336024e+01	3.296419e-04	1.598718e-02	9.506728e-02
1300	-7.336025e+01	2.407836e-02	1.596448e-02	9.505613e-02
1310	-7.336026e+01	7.127773e-03	1.578206e-02	9.488364e-02
1320	-7.336026e+01	1.588970e-02	1.578862e-02	9.488980e-02
1330	-7.336027e+01	1.554028e-01	1.585421e-02	9.472516e-02
1340	-7.336027e+01	1.142399e-03	1.577575e-02	9.467217e-02
1350	-7.336027e+01	4.588035e-04	1.579918e-02	9.467528e-02
1360	-7.336027e+01	3.414321e-04	1.577876e-02	9.465475e-02
1370	-7.336028e+01	4.190734e-03	1.587556e-02	9.479597e-02
1380	-7.336028e+01	6.894644e-04	1.579716e-02	9.476153e-02
1390	-7.336028e+01	2.522127e-03	1.581775e-02	9.477589e-02
1400	-7.336028e+01	6.557524e-04	1.562380e-02	9.467496e-02
1410	-7.336029e+01	4.178513e-03	1.554027e-02	9.472869e-02
1420	-7.336029e+01	7.441381e-04	1.578837e-02	9.484004e-02
1430	-7.336030e+01	1.257190e-04	1.577740e-02	9.485584e-02
1440	-7.336030e+01	3.120228e-03	1.578032e-02	9.487797e-02
1450	-7.336045e+01	1.947144e-03	1.636540e-02	9.733360e-02
1460	-7.336047e+01	1.555643e-01	1.635098e-02	9.751773e-02
1470	-7.336053e+01	5.849478e-03	1.574095e-02	9.639272e-02
1480	-7.336053e+01	2.284212e-03	1.582113e-02	9.642604e-02
1490	-7.336053e+01	4.952523e-03	1.575278e-02	9.640399e-02
1500	-7.336055e+01	1.054452e-02	1.623138e-02	9.688209e-02
1510	-7.336056e+01	2.098768e-02	1.590237e-02	9.688309e-02
1520	-7.336057e+01	7.229814e-04	1.595998e-02	9.705306e-02
1530	-7.336057e+01	3.149086e-03	1.590219e-02	9.701214e-02
1540	-7.336065e+01	6.092024e-05	1.597233e-02	9.783143e-02
1550	-7.336065e+01	9.368346e-04	1.606368e-02	9.787253e-02
1560	-7.336065e+01	2.040796e-04	1.601693e-02	9.786958e-02
1570	-7.336065e+01	3.120542e-03	1.601782e-02	9.787168e-02
1580	-7.336065e+01	3.519640e-03	1.590510e-02	9.773734e-02
1590	-7.336065e+01	4.692315e-03	1.591371e-02	9.773426e-02
1600	-7.336065e+01	8.622538e-03	1.590919e-02	9.782030e-02
1610	-7.336065e+01	2.487999e-03	1.592381e-02	9.783255e-02
1620	-7.336065e+01	1.029457e-03	1.587003e-02	9.770388e-02
1630	-7.336066e+01	2.729837e-01	1.584020e-02	9.760563e-02
1640	-7.336066e+01	1.124049e-01	1.570518e-02	9.738836e-02
1650	-7.336067e+01	1.528866e-03	1.590318e-02	9.773248e-02
1660	-7.336067e+01	1.151090e-04	1.593780e-02	9.785227e-02
1670	-7.336067e+01	1.627441e-05	1.593889e-02	9.785316e-02
1680	-7.336067e+01	1.961898e-05	1.588926e-02	9.777180e-02
1690	-7.336067e+01	2.888445e-05	1.588467e-02	9.776753e-02
1700	-7.336067e+01	3.752690e-03	1.573717e-02	9.770745e-02
1710	-7.336068e+01	9.013813e-02	1.599137e-02	9.777818e-02
1720	-7.336068e+01	1.439479e-01	1.588298e-02	9.773820e-02
1730	-7.336068e+01	2.112295e-03	1.592134e-02	9.779619e-02
1740	-7.336068e+01	3.531824e-04	1.595309e-02	9.786820e-02
1750	-7.336069e+01	3.527150e-05	1.600314e-02	9.818482e-02
1760	-7.336069e+01	5.099953e-05	1.599735e-02	9.821296e-02
1770	-7.336069e+01	6.028791e-05	1.600980e-02	9.821938e-02
1780	-7.336069e+01	9.585848e-04	1.592763e-02	9.816270e-02
1790	-7.336069e+01	1.032849e-04	1.592427e-02	9.802702e-02
1800	-7.336069e+01	2.964162e-03	1.599578e-02	9.816107e-02
1810	-7.336069e+01	2.808032e-03	1.603022e-02	9.826918e-02
1820	-7.336069e+01	7.335382e-03	1.600902e-02	9.822020e-02
1830	-7.336069e+01	1.872517e-03	1.598152e-02	9.813678e-02
1840	-7.336070e+01	6.444517e-04	1.604339e-02	9.805688e-02
1850	-7.336070e+01	9.216948e-05	1.600282e-02	9.803912e-02
1860	-7.336070e+01	2.785262e-03	1.609102e-02	9.806588e-02
1870	-7.336075e+01	7.568509e-04	1.598919e-02	9.782342e-02
1880	-7.336075e+01	2.773257e-03	1.589923e-02	9.778003e-02
1890	-7.336075e+01	7.473094e-03	1.589427e-02	9.777943e-02
1900	-7.336081e+01	1.569052e-02	1.592074e-02	9.829559e-02
1910	-7.336083e+01	1.366964e-02	1.601805e-02	9.854463e-02
1920	-7.336084e+01	7.624242e-04	1.608599e-02	9.862195e-02
1930	-7.336085e+01	5.450175e-04	1.571567e-02	9.798530e-02
1940	-7.336086e+01	1.384159e-03	1.565555e-02	9.792044e-02
1950	-7.336089e+01	2.998133e-01	1.559814e-02	9.843996e-02
1960	-7.336093e+01	3.674453e-03	1.595861e-02	9.943589e-02
1970	-7.336093e+01	3.031557e-05	1.595900e-02	9.940184e-02
1980	-7.336093e+01	6.222727e-05	1.595341e-02	9.940070e-02
1990	-7.336093e+01	1.006427e-04	1.598723e-02	9.942264e-02
2000	-7.336093e+01	1.479914e-04	1.592225e-02	9.939749e-02
2010	-7.336094e+01	1.324491e-03	1.588722e-02	9.942884e-02
2020	-7.336094e+01	7.826985e-05	1.597636e-02	9.948219e-02
2030	-7.336094e+01	1.060794e-03	1.597843e-02	9.947562e-02
2040	-7.336094e+01	1.042606e-03	1.590985e-02	9.941654e-02
2050	-7.336094e+01	3.280191e-04	1.591548e-02	9.941947e-02
2060	-7.336094e+01	6.964970e-06	1.591110e-02	9.941754e-02
2070	-7.336094e+01	3.311199e-04	1.586208e-02	9.940768e-02
2080	-7.336095e+01	2.772205e-04	1.593848e-02	9.988011e-02
2090	-7.336095e+01	6.733850e-03	1.608767e-02	9.992719e-02
2100	-7.336095e+01	1.068052e-03	1.602211e-02	9.987347e-02
2110	-7.336096e+01	4.883660e-04	1.589139e-02	1.000347e-01
2120	-7.336096e+01	1.771488e-04	1.592523e-02	1.000530e-01
2130	-7.336096e+01	3.843524e-04	1.587253e-02	9.999705e-02
2140	-7.336096e+01	1.059147e-02	1.586859e-02	9.999342e-02
2150	-7.336096e+01	6.947166e-04	1.588261e-02	9.999840e-02
2160	-7.336106e+01	7.455991e-03	1.710170e-02	1.036733e-01
2170	-7.336107e+01	6.176507e-04	1.643362e-02	1.035433e-01
2180	-7.336107e+01	7.157607e-03	1.662269e-02	1.037414e-01
2190	-7.336108e+01	4.338005e-04	1.646646e-02	1.038346e-01
2200	-7.336108e+01	1.588229e-03	1.647890e-02	1.038538e-01
2210	-7.336110e+01	5.417004e-02	1.637539e-02	1.040291e-01
2220	-7.336110e+01	1.323634e-03	1.638272e-02	1.040374e-01
2230	-7.336110e+01	1.732596e-02	1.653522e-02	1.041580e-01
2240	-7.336139e+01	1.569155e-02	1.606939e-02	1.046450e-01
2250	-7.336154e+01	1.352139e-03	1.634342e-02	1.055846e-01
2260	-7.336155e+01	1.496746e-01	1.608146e-02	1.050440e-01
2270	-7.336155e+01	1.290820e-03	1.605039e-02	1.049689e-01
2280	-7.336155e+01	2.816220e-03	1.619790e-02	1.051658e-01
2290	-7.336157e+01	7.326678e-05	1.614902e-02	1.055517e-01
2300	-7.336157e+01	1.456069e-04	1.612968e-02	1.055550e-01
2310	-7.336157e+01	2.404312e-03	1.596964e-02	1.054872e-01
2320	-7.336157e+01	1.342984e-02	1.621380e-02	1.056519e-01
2330	-7.336229e+01	2.372894e-03	1.700849e-02	1.135344e-01
2340	-7.336231e+01	2.486534e-03	1.695570e-02	1.135804e-01
2350	-7.336239e+01	9.798236e-03	1.717167e-02	1.147684e-01
2360	-7.336243e+01	2.422665e-04	1.697247e-02	1.151591e-01
2370	-7.336243e+01	3.009771e-03	1.696951e-02	1.151752e-01
2380	-7.336245e+01	1.457509e-03	1.738249e-02	1.156695e-01
2390	-7.336246e+01	2.054038e-02	1.708870e-02	1.156199e-01
2400	-7.336253e+01	2.636783e-01	1.750251e-02	1.166216e-01
2410	-7.336257e+01	2.858356e-03	1.717836e-02	1.169167e-01
2420	-7.336257e+01	5.242205e-03	1.727192e-02	1.170636e-01
2430	-7.336257e+01	1.385292e-02	1.732852e-02	1.171840e-01
2440	-7.336257e+01	3.116529e-02	1.726992e-02	1.171744e-01
2450	-7.336262e+01	3.398769e-04	1.674128e-02	1.169104e-01
2460	-7.336262e+01	3.003473e-02	1.686739e-02	1.169619e-01
2470	-7.336264e+01	8.340237e-02	1.694540e-02	1.170972e-01
2480	-7.336270e+01	2.795652e-02	1.752886e-02	1.177723e-01
2490	-7.336276e+01	2.518369e-04	1.723942e-02	1.185064e-01
2500	-7.336276e+01	1.239689e-02	1.722862e-02	1.185057e-01
2510	-7.336279e+01	2.170036e-02	1.766856e-02	1.187455e-01
2520	-7.336279e+01	5.944183e-03	1.694352e-02	1.184741e-01
2530	-7.336280e+01	1.844030e-02	1.694442e-02	1.185786e-01
2540	-7.336281e+01	2.545793e-02	1.693477e-02	1.187262e-01
2550	-7.336281e+01	9.261959e-04	1.709015e-02	1.188058e-01
2560	-7.336282e+01	9.555377e-04	1.705982e-02	1.188559e-01
2570	-7.336282e+01	2.160883e-04	1.704630e-02	1.188528e-01
2580	-7.336282e+01	3.536427e-05	1.705961e-02	1.188555e-01
2590	-7.336282e+01	1.140881e-02	1.707279e-02	1.188592e-01
2600	-7.336282e+01	1.774281e-03	1.708549e-02	1.188675e-01
2610	-7.336282e+01	1.610513e-05	1.706510e-02	1.188656e-01
2620	-7.336282e+01	4.712553e-05	1.705667e-02	1.188630e-01
2630	-7.336282e+01	8.344397e-05	1.706802e-02	1.188925e-01
2640	-7.336282e+01	1.552828e-05	1.711731e-02	1.189504e-01
2650	-7.336282e+01	1.305663e-04	1.709860e-02	1.188994e-01
2660	-7.336282e+01	3.940284e-03	1.709861e-02	1.188977e-01
2670	-7.336282e+01	3.700944e-02	1.712075e-02	1.189221e-01
2680	-7.336286e+01	1.316816e-01	1.696160e-02	1.199850e-01
2690	-7.336287e+01	1.683868e-03	1.723307e-02	1.202271e-01
2700	-7.336287e+01	3.525016e-04	1.724976e-02	1.202341e-01
2710	-7.336287e+01	2.766101e-04	1.722832e-02	1.202450e-01
2720	-7.336287e+01	3.058401e-04	1.719735e-02	1.202211e-01
2730	-7.336288e+01	1.756412e-04	1.718344e-02	1.204301e-01
2740	-7.336288e+01	1.001746e-02	1.719397e-02	1.204380e-01
2750	-7.336288e+01	3.812394e-03	1.719706e-02	1.205756e-01
2760	-7.336288e+01	1.113032e-03	1.723871e-02	1.205946e-01
2770	-7.336288e+01	4.046141e-04	1.719002e-02	1.205756e-01
2780	-7.336288e+01	5.114175e-03	1.732221e-02	1.205435e-01
2790	-7.336288e+01	9.335893e-04	1.722514e-02	1.204782e-01
2800	-7.336288e+01	6.294548e-04	1.720986e-02	1.204490e-01
2810	-7.336288e+01	4.056118e-04	1.717766e-02	1.203602e-01
2820	-7.336288e+01	3.516514e-03	1.719272e-02	1.204045e-01
2830	-7.336288e+01	6.567571e-03	1.722596e-02	1.204921e-01
2840	-7.336289e+01	5.062224e-02	1.761316e-02	1.207835e-01
2850	-7.336290e+01	5.260092e-02	1.754599e-02	1.209147e-01
2860	-7.336290e+01	4.665951e-02	1.733853e-02	1.208697e-01
2870	-7.336290e+01	2.997613e-02	1.731005e-02	1.208583e-01
2880	-7.336290e+01	4.843927e-03	1.732848e-02	1.208687e-01
2890	-7.336290e+01	6.939973e-04	1.734068e-02	1.208742e-01
2900	-7.336292e+01	7.656880e-03	1.719493e-02	1.206686e-01
2910	-7.336293e+01	5.522632e-03	1.713935e-02	1.205694e-01
2920	-7.336293e+01	5.688135e-04	1.717381e-02	1.205911e-01
2930	-7.336295e+01	2.610478e-04	1.689773e-02	1.203683e-01
2940	-7.336295e+01	8.948138e-05	1.711066e-02	1.204473e-01
2950	-7.336295e+01	7.137993e-04	1.714494e-02	1.204537e-01
2960	-7.336295e+01	2.380500e-05	1.712034e-02	1.204749e-01
2970	-7.336296e+01	4.333168e-04	1.711942e-02	1.204802e-01
2980	-7.336297e+01	3.077454e-04	1.732077e-02	1.208458e-01
2990	-7.336297e+01	2.884359e-03	1.742869e-02	1.209274e-01
3000	-7.336297e+01	4.227924e-04	1.737001e-02	1.208959e-01
3010	-7.336297e+01	2.954593e-04	1.727342e-02	1.207403e-01
3020	-7.336298e+01	3.623304e-04	1.675393e-02	1.202935e-01
3030	-7.336298e+01	3.180937e-04	1.709649e-02	1.203351e-01
3040	-7.336300e+01	1.191542e-03	1.711413e-02	1.209272e-01
3050	-7.336301e+01	7.062998e-03	1.706096e-02	1.208903e-01
3060	-7.336301e+01	4.412729e-03	1.708130e-02	1.209082e-01
3070	-7.336302e+01	2.803922e-03	1.727492e-02	1.211012e-01
3080	-7.336304e+01	1.842307e-03	1.725541e-02	1.213971e-01
3090	-7.336304e+01	3.506252e-04	1.724143e-02	1.213744e-01
3100	-7.336305e+01	2.882918e-04	1.730888e-02	1.214765e-01
3110	-7.336305e+01	9.368917e-04	1.725971e-02	1.214580e-01
3120	-7.336305e+01	1.442610e-04	1.721269e-02	1.213902e-01
3130	-7.336305e+01	7.537769e-04	1.720780e-02	1.213720e-01
3140	-7.336304e+01	5.090986e-04	1.720171e-02	1.213744e-01
3150	-7.336305e+01	1.620236e-04	1.719292e-02	1.213626e-01
3160	-7.336305e+01	3.207637e-04	1.718483e-02	1.213580e-01
3170	-7.336305e+01	9.600393e-04	1.712235e-02	1.210023e-01
3180	-7.336305e+01	7.506995e-04	1.720597e-02	1.210476e-01
3190	-7.336305e+01	1.000741e-03	1.723044e-02	1.209849e-01
3200	-7.336305e+01	3.296292e-05	1.714219e-02	1.209511e-01
3210	-7.336306e+01	1.599812e-04	1.709782e-02	1.208527e-01
3220	-7.336305e+01	3.939755e-04	1.708929e-02	1.208364e-01
3230	-7.336305e+01	1.854349e-02	1.707434e-02	1.208064e-01
3240	-7.336306e+01	6.100243e-04	1.709067e-02	1.208023e-01
3250	-7.336306e+01	2.302275e-04	1.709829e-02	1.207521e-01
3260	-7.336306e+01	2.799290e-02	1.703108e-02	1.207589e-01
3270	-7.336306e+01	5.251890e-03	1.712843e-02	1.207996e-01
3280	-7.336306e+01	2.599456e-03	1.721875e-02	1.208613e-01
3290	-7.336308e+01	7.563502e-04	1.720721e-02	1.215690e-01
3300	-7.336308e+01	3.877781e-03	1.721672e-02	1.216015e-01
3310	-7.336308e+01	2.303322e-04	1.722149e-02	1.216027e-01
3320	-7.336308e+01	2.580234e-03	1.722385e-02	1.216025e-01
3330	-7.336308e+01	3.653199e-03	1.720631e-02	1.215684e-01
3340	-7.336308e+01	2.038122e-03	1.725507e-02	1.216064e-01
3350	-7.336308e+01	5.196342e-03	1.717511e-02	1.215596e-01
3360	-7.336308e+01	6.871429e-03	1.717833e-02	1.214591e-01
3370	-7.336308e+01	2.148984e-03	1.717361e-02	1.214468e-01
3380	-7.336308e+01	9.383056e-04	1.716955e-02	1.214433e-01
3390	-7.336308e+01	7.422728e-02	1.730903e-02	1.215308e-01
3400	-7.336309e+01	3.391042e-03	1.718147e-02	1.215007e-01
3410	-7.336308e+01	8.521817e-02	1.715668e-02	1.215048e-01
3420	-7.336309e+01	7.139028e-03	1.718073e-02	1.215212e-01
3430	-7.336309e+01	4.383913e-02	1.718445e-02	1.216476e-01
3440	-7.336309e+01	8.017723e-02	1.710035e-02	1.216534e-01
3450	-7.336309e+01	4.597967e-02	1.724742e-02	1.218904e-01
3460	-7.336309e+01	1.804399e-03	1.724585e-02	1.219169e-01
3470	-7.336309e+01	6.368484e-05	1.723929e-02	1.219117e-01
3480	-7.336309e+01	2.655855e-02	1.718523e-02	1.218869e-01
3490	-7.336309e+01	5.849530e-04	1.715186e-02	1.217784e-01
3500	-7.336309e+01	3.301169e-03	1.714772e-02	1.217767e-01
3510	-7.336310e+01	6.591814e-02	1.699443e-02	1.216545e-01
3520	-7.336309e+01	1.094836e-02	1.715767e-02	1.216131e-01
3530	-7.336310e+01	3.822371e-03	1.710031e-02	1.215967e-01
3540	-7.336310e+01	4.308660e-03	1.720106e-02	1.216464e-01
3550	-7.336310e+01	5.287256e-03	1.718858e-02	1.216457e-01
3560	-7.336309e+01	2.237063e-03	1.721030e-02	1.216879e-01
3570	-7.336310e+01	9.780863e-03	1.723003e-02	1.216998e-01
3580	-7.336310e+01	1.021236e-02	1.711662e-02	1.215783e-01
3590	-7.336310e+01	2.207099e-03	1.711405e-02	1.215665e-01
3600	-7.336310e+01	2.255357e-02	1.712119e-02	1.215632e-01
3610	-7.336310e+01	1.126152e-01	1.706076e-02	1.215543e-01
3620	-7.336310e+01	8.665921e-02	1.710991e-02	1.215341e-01
3630	-7.336310e+01	8.141779e-02	1.692331e-02	1.214591e-01
3640	-7.336313e+01	3.546415e-02	1.709491e-02	1.216406e-01
3650	-7.336313e+01	1.455392e-02	1.715331e-02	1.217458e-01
3660	-7.336313e+01	3.987772e-03	1.710017e-02	1.217352e-01
3670	-7.336313e+01	4.432970e-03	1.714898e-02	1.217591e-01
3680	-7.336314e+01	7.174147e-03	1.721163e-02	1.218675e-01
3690	-7.336315e+01	1.487671e-02	1.703235e-02	1.218445e-01
3700	-7.336323e+01	1.209062e-01	1.819998e-02	1.229137e-01
3710	-7.336325e+01	1.378550e-02	1.735531e-02	1.228529e-01
3720	-7.336325e+01	1.778612e-02	1.742576e-02	1.228842e-01
3730	-7.336328e+01	1.637929e-02	1.713343e-02	1.225175e-01
3740	-7.336329e+01	6.836256e-03	1.717358e-02	1.225907e-01
3750	-7.336329e+01	2.256417e-02	1.761622e-02	1.232295e-01
3760	-7.336330e+01	8.961371e-04	1.742289e-02	1.232272e-01
3770	-7.336330e+01	1.548505e-03	1.743239e-02	1.232349e-01
3780	-7.336330e+01	4.433683e-03	1.711332e-02	1.231069e-01
3790	-7.336336e+01	1.104454e-01	1.724076e-02	1.231694e-01
3800	-7.336337e+01	3.845228e-03	1.727127e-02	1.231683e-01
3810	-7.336337e+01	4.127241e-03	1.720169e-02	1.231425e-01
3820	-7.336339e+01	1.362481e-02	1.728525e-02	1.232205e-01
3830	-7.336340e+01	1.949410e-01	1.716104e-02	1.231519e-01
3840	-7.336340e+01	6.970605e-02	1.716517e-02	1.232117e-01
3850	-7.336340e+01	3.647953e-01	1.715562e-02	1.232234e-01
3860	-7.336340e+01	5.848772e-02	1.717921e-02	1.232028e-01
3870	-7.336341e+01	2.053139e-02	1.719576e-02	1.232014e-01
3880	-7.336341e+01	5.487933e-03	1.709290e-02	1.230835e-01
3890	-7.336341e+01	1.012725e-02	1.708791e-02	1.230823e-01
3900	-7.336341e+01	1.068960e-04	1.716386e-02	1.232476e-01
3910	-7.336341e+01	3.105556e-05	1.717017e-02	1.232452e-01
3920	-7.336341e+01	1.395191e-03	1.714384e-02	1.232181e-01
3930	-7.336341e+01	4.956307e-04	1.713904e-02	1.232054e-01
3940	-7.336341e+01	3.372025e-03	1.716418e-02	1.232002e-01
3950	-7.336341e+01	4.165650e-04	1.715924e-02	1.231877e-01
3960	-7.336342e+01	3.280305e-04	1.708547e-02	1.230667e-01
3970	-7.336342e+01	2.339196e-03	1.707471e-02	1.230174e-01
3980	-7.336342e+01	6.921598e-02	1.699877e-02	1.231045e-01
3990	-7.336342e+01	3.871987e-03	1.709447e-02	1.231803e-01
4000	-7.336342e+01	3.267729e-03	1.727483e-02	1.233177e-01
4010	-7.336342e+01	2.575111e-04	1.723388e-02	1.233099e-01
4020	-7.336342e+01	9.070992e-03	1.728161e-02	1.233413e-01
4030	-7.336342e+01	6.334587e-05	1.721563e-02	1.234229e-01
4040	-7.336342e+01	1.882007e-04	1.721547e-02	1.234230e-01
4050	-7.336342e+01	5.884679e-04	1.723847e-02	1.234581e-01
4060	-7.336342e+01	1.390905e-03	1.723499e-02	1.234596e-01
4070	-7.336342e+01	1.679831e-03	1.724444e-02	1.234668e-01
4080	-7.336342e+01	4.989484e-04	1.721316e-02	1.234544e-01
4090	-7.336342e+01	4.865076e-04	1.726539e-02	1.234715e-01
4100	-7.336342e+01	8.627012e-04	1.717254e-02	1.233084e-01
4110	-7.336343e+01	3.015981e-03	1.698653e-02	1.232606e-01
4120	-7.336343e+01	5.842943e-05	1.723358e-02	1.234064e-01
4130	-7.336343e+01	9.038387e-04	1.722978e-02	1.234074e-01
4140	-7.336343e+01	2.901045e-04	1.724867e-02	1.233422e-01
4150	-7.336343e+01	2.393322e-04	1.719706e-02	1.232512e-01
4160	-7.336343e+01	1.765260e-04	1.711091e-02	1.231944e-01
4170	-7.336343e+01	2.561782e-04	1.715375e-02	1.232113e-01
4180	-7.336343e+01	3.823385e-05	1.713670e-02	1.232007e-01
4190	-7.336345e+01	3.448670e-03	1.718757e-02	1.235378e-01
4200	-7.336345e+01	5.789347e-03	1.722430e-02	1.235582e-01
4210	-7.336345e+01	5.802678e-03	1.721702e-02	1.235522e-01
4220	-7.336345e+01	1.011464e-03	1.719021e-02	1.235445e-01
4230	-7.336345e+01	5.962186e-03	1.719088e-02	1.235435e-01
4240	-7.336345e+01	3.322210e-03	1.716951e-02	1.234744e-01
4250	-7.336345e+01	2.606300e-03	1.715849e-02	1.234722e-01
4260	-7.336345e+01	1.036218e-03	1.716175e-02	1.234978e-01
4270	-7.336345e+01	3.710745e-04	1.721163e-02	1.235979e-01
4280	-7.336345e+01	5.338050e-04	1.711067e-02	1.235033e-01
4290	-7.336346e+01	3.599915e-04	1.715072e-02	1.235178e-01
4300	-7.336346e+01	3.570830e-04	1.729418e-02	1.236147e-01
4310	-7.336347e+01	7.385522e-04	1.717451e-02	1.237460e-01
4320	-7.336347e+01	1.082340e-03	1.724939e-02	1.238521e-01
4330	-7.336348e+01	2.177804e-02	1.731998e-02	1.239700e-01
4340	-7.336348e+01	2.388390e-02	1.732496e-02	1.239795e-01
4350	-7.336350e+01	1.487636e-01	1.814334e-02	1.246457e-01
4360	-7.336355e+01	7.696342e-03	1.777236e-02	1.252025e-01
4370	-7.336365e+01	3.907883e-02	1.673378e-02	1.260079e-01
4380	-7.336368e+01	1.429452e-03	1.782106e-02	1.267629e-01
4390	-7.336368e+01	5.054331e-04	1.780822e-02	1.267455e-01
4400	-7.336368e+01	1.888665e-04	1.780479e-02	1.267492e-01
4410	-7.336371e+01	7.391066e-04	1.756164e-02	1.265398e-01
4420	-7.336371e+01	6.393694e-04	1.746900e-02	1.264563e-01
4430	-7.336371e+01	5.441981e-02	1.747796e-02	1.264249e-01
4440	-7.336371e+01	8.233923e-05	1.739590e-02	1.261964e-01
4450	-7.336371e+01	7.603800e-04	1.788130e-02	1.264343e-01
4460	-7.336372e+01	1.505396e-04	1.767639e-02	1.266201e-01
4470	-7.336372e+01	2.961256e-04	1.770780e-02	1.266472e-01
4480	-7.336372e+01	1.544643e-02	1.767911e-02	1.266385e-01
4490	-7.336373e+01	1.729490e-02	1.809562e-02	1.268718e-01
4500	-7.336374e+01	2.659869e-03	1.775794e-02	1.267840e-01
4510	-7.336375e+01	4.221179e-03	1.770990e-02	1.268272e-01
4520	-7.336379e+01	1.118535e+00	1.700702e-02	1.266294e-01
4530	-7.336382e+01	2.960134e-01	1.741644e-02	1.267976e-01
4540	-7.336382e+01	2.913305e-01	1.745620e-02	1.267886e-01
4550	-7.336382e+01	1.482115e-01	1.732005e-02	1.266394e-01
4560	-7.336383e+01	2.239388e-03	1.741683e-02	1.266277e-01
4570	-7.336383e+01	9.248729e-01	1.734614e-02	1.265732e-01
4580	-7.336385e+01	3.894298e-03	1.735572e-02	1.259063e-01
4590	-7.336386e+01	1.809790e-02	1.738001e-02	1.259187e-01
4600	-7.336387e+01	3.888998e-04	1.754978e-02	1.262506e-01
4610	-7.336387e+01	1.625654e-03	1.733436e-02	1.261958e-01
4620	-7.336387e+01	4.229851e-04	1.741299e-02	1.263140e-01
4630	-7.336388e+01	1.325902e-03	1.740517e-02	1.263103e-01
4640	-7.336388e+01	3.092246e-03	1.742712e-02	1.262750e-01
4650	-7.336388e+01	5.693150e-04	1.734469e-02	1.262075e-01
4660	-7.336388e+01	3.014883e-03	1.733529e-02	1.262015e-01
4670	-7.336388e+01	8.714731e-04	1.753827e-02	1.269494e-01
4680	-7.336389e+01	1.417049e-03	1.767460e-02	1.270359e-01
4690	-7.336389e+01	3.588000e-04	1.777472e-02	1.270873e-01
4700	-7.336390e+01	1.773255e-03	1.747951e-02	1.276329e-01
4710	-7.336390e+01	7.442235e-05	1.761493e-02	1.277243e-01
4720	-7.336390e+01	2.487396e-03	1.759880e-02	1.277392e-01
4730	-7.336390e+01	3.153301e-04	1.759114e-02	1.277507e-01
4740	-7.336391e+01	6.847416e-05	1.758595e-02	1.277443e-01
4750	-7.336390e+01	1.294427e-04	1.759285e-02	1.277537e-01
4760	-7.336391e+01	6.080413e-03	1.759785e-02	1.277640e-01
4770	-7.336391e+01	9.756554e-05	1.761372e-02	1.277739e-01
4780	-7.336390e+01	1.154939e-03	1.762601e-02	1.277850e-01
4790	-7.336390e+01	1.239010e-03	1.759819e-02	1.277637e-01
4800	-7.336390e+01	3.113660e-04	1.758929e-02	1.277596e-01
4810	-7.336391e+01	4.650890e-04	1.759384e-02	1.277617e-01
4820	-7.336394e+01	7.888436e-02	1.793499e-02	1.285363e-01
4830	-7.336397e+01	2.280418e-02	1.826925e-02	1.298117e-01
4840	-7.336409e+01	6.592143e-03	1.804131e-02	1.297820e-01
4850	-7.336409e+01	1.187615e-02	1.772021e-02	1.296568e-01
4860	-7.336409e+01	1.643159e-04	1.775757e-02	1.296856e-01
4870	-7.336409e+01	1.174821e-02	1.773327e-02	1.296657e-01
4880	-7.336409e+01	2.355658e-03	1.782083e-02	1.296883e-01
4890	-7.336410e+01	6.363690e-04	1.771822e-02	1.296324e-01
4900	-7.336413e+01	2.554692e-03	1.758102e-02	1.294869e-01
4910	-7.336413e+01	3.167011e-03	1.761258e-02	1.295217e-01
4920	-7.336413e+01	1.090452e-02	1.756948e-02	1.295672e-01
4930	-7.336413e+01	3.745628e-02	1.766111e-02	1.296020e-01
4940	-7.336414e+01	1.559951e-01	1.820237e-02	1.298898e-01
4950	-7.336414e+01	1.832782e-01	1.801447e-02	1.298191e-01
4960	-7.336415e+01	2.591342e-03	1.785740e-02	1.298996e-01
4970	-7.336416e+01	1.810429e-03	1.789130e-02	1.299101e-01
4980	-7.336415e+01	1.082340e-03	1.783738e-02	1.298479e-01
4990	-7.336416e+01	7.035354e-03	1.785977e-02	1.298787e-01
5000	-7.336416e+01	1.491759e-02	1.768049e-02	1.296963e-01
5010	-7.336417e+01	2.587304e-03	1.765974e-02	1.296865e-01
5020	-7.336416e+01	1.053481e-01	1.766217e-02	1.296443e-01
5030	-7.336415e+01	9.395283e-04	1.764319e-02	1.296161e-01
5040	-7.336416e+01	5.093191e-03	1.766399e-02	1.296300e-01
5050	-7.336416e+01	2.534514e-02	1.753193e-02	1.294701e-01
5060	-7.336417e+01	1.581599e-01	1.747655e-02	1.291987e-01
5070	-7.336422e+01	9.789272e-01	1.777242e-02	1.297695e-01
5080	-7.336425e+01	1.119794e-03	1.755066e-02	1.300361e-01
5090	-7.336424e+01	3.791298e-05	1.762857e-02	1.300650e-01
5100	-7.336424e+01	5.079074e-03	1.764187e-02	1.300806e-01
5110	-7.336425e+01	5.041225e-03	1.762428e-02	1.302976e-01
5120	-7.336425e+01	2.492231e-04	1.763819e-02	1.303115e-01
5130	-7.336425e+01	5.976756e-02	1.767939e-02	1.303360e-01
5140	-7.336425e+01	2.971055e-04	1.766427e-02	1.303812e-01
5150	-7.336425e+01	9.051726e-04	1.766795e-02	1.303847e-01
5160	-7.336425e+01	1.272851e-02	1.767986e-02	1.304347e-01
5170	-7.336425e+01	2.888687e-03	1.765966e-02	1.304222e-01
5180	-7.336426e+01	5.273701e-03	1.771142e-02	1.307746e-01
5190	-7.336425e+01	2.059501e-04	1.770503e-02	1.307987e-01
5200	-7.336426e+01	2.211028e-01	1.793589e-02	1.309117e-01
5210	-7.336426e+01	8.035887e-03	1.778248e-02	1.309217e-01
5220	-7.336426e+01	1.653812e-03	1.777583e-02	1.309104e-01
5230	-7.336426e+01	1.169188e-03	1.782030e-02	1.309288e-01
5240	-7.336429e+01	3.063009e-03	1.772249e-02	1.306387e-01
5250	-7.336428e+01	2.690573e-03	1.772389e-02	1.306423e-01
5260	-7.336428e+01	6.012608e-03	1.778757e-02	1.307535e-01
5270	-7.336429e+01	7.324475e-04	1.788583e-02	1.309720e-01
5280	-7.336430e+01	2.925593e-03	1.747148e-02	1.304611e-01
5290	-7.336430e+01	2.325872e-04	1.771012e-02	1.305224e-01
5300	-7.336430e+01	1.141584e-03	1.768258e-02	1.304944e-01
5310	-7.336431e+01	1.019886e-03	1.766262e-02	1.305176e-01
5320	-7.336436e+01	1.579220e-01	1.706628e-02	1.308360e-01
5330	-7.336437e+01	3.892979e-04	1.772202e-02	1.313064e-01
5340	-7.336438e+01	3.111947e-03	1.777776e-02	1.314374e-01
5350	-7.336440e+01	1.836193e-03	1.772055e-02	1.315131e-01
5360	-7.336439e+01	2.046684e-02	1.774126e-02	1.315347e-01
5370	-7.336441e+01	2.069412e-03	1.806510e-02	1.318694e-01
5380	-7.336441e+01	3.306837e-03	1.771247e-02	1.317598e-01
5390	-7.336443e+01	2.435365e-02	1.785471e-02	1.319018e-01
5400	-7.336445e+01	8.178894e-03	1.798051e-02	1.322689e-01
5410	-7.336446e+01	7.768938e-05	1.783469e-02	1.322494e-01
5420	-7.336446e+01	1.863378e-03	1.779217e-02	1.322306e-01
5430	-7.336446e+01	1.136227e-04	1.774181e-02	1.321645e-01
5440	-7.336447e+01	8.662223e-04	1.770733e-02	1.321215e-01
5450	-7.336459e+01	9.629428e-03	1.808079e-02	1.342650e-01
5460	-7.336458e+01	7.742302e-03	1.844106e-02	1.344113e-01
5470	-7.336460e+01	5.896731e-03	1.824360e-02	1.342616e-01
5480	-7.336459e+01	1.911649e-03	1.825626e-02	1.342778e-01
5490	-7.336460e+01	5.435587e-04	1.824506e-02	1.342559e-01
5500	-7.336459e+01	3.123148e-02	1.815169e-02	1.341718e-01
5510	-7.336461e+01	9.909669e-02	1.799252e-02	1.337881e-01
5520	-7.336468e+01	9.179648e-02	1.690622e-02	1.339587e-01
5530	-7.336473e+01	1.145529e-02	1.803329e-02	1.352709e-01
5540	-7.336474e+01	3.218758e-02	1.796470e-02	1.352941e-01
5550	-7.336473e+01	1.998492e-02	1.799142e-02	1.353130e-01
5560	-7.336474e+01	3.100106e-03	1.817609e-02	1.355312e-01
5570	-7.336474e+01	5.978753e-04	1.824327e-02	1.355703e-01
5580	-7.336475e+01	1.098098e-02	1.824307e-02	1.355850e-01
5590	-7.336473e+01	6.957388e-04	1.821489e-02	1.355784e-01
5600	-7.336474e+01	1.214236e-04	1.829653e-02	1.356741e-01
5610	-7.336474e+01	6.003791e-03	1.829828e-02	1.356774e-01
5620	-7.336475e+01	8.429248e-03	1.832402e-02	1.357041e-01
5630	-7.336475e+01	7.718786e-03	1.847090e-02	1.358126e-01
5640	-7.336476e+01	3.576292e-02	1.856180e-02	1.361108e-01
5650	-7.336479e+01	1.937854e-03	1.841377e-02	1.366627e-01
5660	-7.336479e+01	2.074048e-01	1.821951e-02	1.366412e-01
5670	-7.336480e+01	6.858547e-03	1.846799e-02	1.368548e-01
5680	-7.336480e+01	3.897368e-04	1.856667e-02	1.371641e-01
5690	-7.336480e+01	3.761295e-03	1.853817e-02	1.371920e-01
5700	-7.336482e+01	5.496253e-03	1.841566e-02	1.373858e-01
5710	-7.336483e+01	6.537535e-03	1.837370e-02	1.375202e-01
5720	-7.336483e+01	1.512900e-03	1.842599e-02	1.375629e-01
5730	-7.336483e+01	1.453837e-03	1.851753e-02	1.377181e-01
5740	-7.336483e+01	3.448273e-03	1.860494e-02	1.378034e-01
5750	-7.336485e+01	1.558192e-03	1.904593e-02	1.382224e-01
5760	-7.336485e+01	4.431736e-03	1.852649e-02	1.381378e-01
5770	-7.336485e+01	2.307666e-05	1.853580e-02	1.381423e-01
5780	-7.336486e+01	7.926752e-05	1.852210e-02	1.381286e-01
5790	-7.336486e+01	1.998574e-05	1.853175e-02	1.381415e-01
5800	-7.336485e+01	1.263423e-02	1.852983e-02	1.381491e-01
5810	-7.336485e+01	2.655286e-04	1.850544e-02	1.381417e-01
5820	-7.336486e+01	1.159964e-03	1.852625e-02	1.381879e-01
5830	-7.336485e+01	8.386587e-05	1.852438e-02	1.381878e-01
5840	-7.336486e+01	1.547477e-03	1.853845e-02	1.381881e-01
5850	-7.336485e+01	9.629414e-03	1.854606e-02	1.381923e-01
5860	-7.336486e+01	6.243022e-04	1.849628e-02	1.382069e-01
5870	-7.336491e+01	2.550672e-03	1.868634e-02	1.393032e-01
5880	-7.336490e+01	4.325736e-03	1.871255e-02	1.393609e-01
5890	-7.336491e+01	2.105628e-03	1.865828e-02	1.392656e-01
5900	-7.336490e+01	3.413472e-02	1.863409e-02	1.392214e-01
5910	-7.336492e+01	4.134518e-03	1.864609e-02	1.390534e-01
5920	-7.336492e+01	4.290736e-02	1.849904e-02	1.385153e-01
5930	-7.336492e+01	9.022629e-02	1.823215e-02	1.383792e-01
5940	-7.336492e+01	2.061347e-02	1.822981e-02	1.384314e-01
5950	-7.336492e+01	1.753999e-04	1.844715e-02	1.384954e-01
5960	-7.336492e+01	1.188222e-04	1.843957e-02	1.384925e-01
5970	-7.336493e+01	2.776595e-04	1.844890e-02	1.385017e-01
5980	-7.336493e+01	3.460625e-03	1.842139e-02	1.384741e-01
5990	-7.336495e+01	1.247515e-03	1.843796e-02	1.385661e-01
6000	-7.336498e+01	1.742906e-02	1.848119e-02	1.387450e-01
6010	-7.336498e+01	1.170729e-02	1.854323e-02	1.387734e-01
6020	-7.336497e+01	1.663977e-03	1.874361e-02	1.388283e-01
6030	-7.336499e+01	1.672574e-04	1.852991e-02	1.387336e-01
6040	-7.336499e+01	6.018316e-05	1.851428e-02	1.387160e-01
6050	-7.336498e+01	5.818933e-05	1.851546e-02	1.387183e-01
6060	-7.336499e+01	3.196514e-04	1.854776e-02	1.387472e-01
6070	-7.336499e+01	6.113389e-03	1.855194e-02	1.387983e-01
6080	-7.336500e+01	2.316255e-04	1.856870e-02	1.388671e-01
6090	-7.336500e+01	4.883233e-04	1.853899e-02	1.388421e-01
6100	-7.336500e+01	1.259783e-03	1.858018e-02	1.388509e-01
6110	-7.336499e+01	1.753327e-03	1.840366e-02	1.387710e-01
6120	-7.336500e+01	9.415520e-05	1.856145e-02	1.388252e-01
6130	-7.336499e+01	2.251006e-03	1.861428e-02	1.389052e-01
6140	-7.336499e+01	1.565267e-04	1.865468e-02	1.389878e-01
6150	-7.336500e+01	8.251510e-05	1.864065e-02	1.390190e-01
6160	-7.336499e+01	2.357243e-05	1.865530e-02	1.390306e-01
6170	-7.336500e+01	1.784600e-04	1.865201e-02	1.391056e-01
6180	-7.336499e+01	2.761326e-04	1.864639e-02	1.391015e-01
6190	-7.336500e+01	1.731864e-04	1.867055e-02	1.391210e-01
6200	-7.336500e+01	9.195360e-05	1.867846e-02	1.391259e-01
6210	-7.336499e+01	2.409728e-03	1.861599e-02	1.391065e-01
6220	-7.336500e+01	1.009181e-04	1.855285e-02	1.390976e-01
6230	-7.336499e+01	1.292211e-04	1.863181e-02	1.391377e-01
6240	-7.336500e+01	4.336288e-04	1.861490e-02	1.391225e-01
6250	-7.336500e+01	2.154300e-04	1.859179e-02	1.391248e-01
6260	-7.336499e+01	2.799448e-05	1.859024e-02	1.391254e-01
6270	-7.336499e+01	2.590874e-05	1.857760e-02	1.391458e-01
6280	-7.336500e+01	3.951149e-04	1.856728e-02	1.391506e-01
6290	-7.336500e+01	1.791056e-03	1.868423e-02	1.393231e-01
6300	-7.336500e+01	4.073017e-03	1.871587e-02	1.396032e-01
6310	-7.336500e+01	2.053329e-03	1.871267e-02	1.396101e-01
6320	-7.336501e+01	1.755098e-03	1.869601e-02	1.396045e-01
6330	-7.336501e+01	5.515294e-04	1.872893e-02	1.396718e-01
6340	-7.336501e+01	7.418935e-03	1.873097e-02	1.398010e-01
6350	-7.336501e+01	1.774538e-03	1.882198e-02	1.398820e-01
6360	-7.336503e+01	1.710060e-02	1.859274e-02	1.392724e-01
6370	-7.336502e+01	5.673840e-04	1.857538e-02	1.392593e-01
6380	-7.336503e+01	7.055840e-03	1.853149e-02	1.391846e-01
6390	-7.336502e+01	2.587635e-02	1.856197e-02	1.391989e-01
6400	-7.336502e+01	1.563910e-02	1.885803e-02	1.393589e-01
6410	-7.336504e+01	4.763466e-03	1.880333e-02	1.393542e-01
6420	-7.336504e+01	3.361112e-02	1.861163e-02	1.394622e-01
6430	-7.336503e+01	5.795501e-03	1.859926e-02	1.394647e-01
6440	-7.336503e+01	2.232228e-02	1.856375e-02	1.394351e-01
6450	-7.336503e+01	6.445688e-04	1.858054e-02	1.394560e-01
6460	-7.336504e+01	1.096067e-03	1.858769e-02	1.394741e-01
6470	-7.336504e+01	1.704045e-03	1.862469e-02	1.395899e-01
6480	-7.336504e+01	2.473429e-02	1.864635e-02	1.396437e-01
6490	-7.336505e+01	1.227333e-02	1.851899e-02	1.395327e-01
6500	-7.336504e+01	2.895364e-02	1.860017e-02	1.395616e-01
6510	-7.336505e+01	2.903635e-02	1.859183e-02	1.395053e-01
6520	-7.336505e+01	1.888288e-03	1.857405e-02	1.393702e-01
6530	-7.336505e+01	8.572810e-02	1.854981e-02	1.392766e-01
6540	-7.336506e+01	2.773900e-03	1.854682e-02	1.392876e-01
6550	-7.336506e+01	1.056343e-01	1.866049e-02	1.392070e-01
6560	-7.336506e+01	2.725515e-03	1.849447e-02	1.391251e-01
6570	-7.336507e+01	5.243681e-02	1.912305e-02	1.395578e-01
6580	-7.336509e+01	7.983324e-04	1.851469e-02	1.394873e-01
6590	-7.336509e+01	8.357424e-03	1.827293e-02	1.395303e-01
6600	-7.336510e+01	2.604074e-02	1.861394e-02	1.400124e-01
6610	-7.336510e+01	4.903800e-02	1.865632e-02	1.400367e-01
6620	-7.336510e+01	3.650983e-03	1.863558e-02	1.400366e-01
6630	-7.336511e+01	8.891998e-03	1.860931e-02	1.401061e-01
6640	-7.336513e+01	1.299540e-02	1.843167e-02	1.400721e-01
6650	-7.336517e+01	3.170334e-04	1.857414e-02	1.407814e-01
6660	-7.336519e+01	2.540964e-03	1.867973e-02	1.412348e-01
6670	-7.336520e+01	5.652720e-02	1.873734e-02	1.412571e-01
6680	-7.336519e+01	1.899813e-03	1.878586e-02	1.414198e-01
6690	-7.336520e+01	7.351504e-04	1.875704e-02	1.414015e-01
6700	-7.336520e+01	4.886037e-02	1.873415e-02	1.413986e-01
6710	-7.336520e+01	3.119507e-02	1.868017e-02	1.413850e-01
6720	-7.336521e+01	2.566678e-03	1.870164e-02	1.414000e-01
6730	-7.336520e+01	1.362063e-02	1.869683e-02	1.414036e-01
6740	-7.336521e+01	7.159810e-05	1.869234e-02	1.414159e-01
6750	-7.336520e+01	7.516171e-05	1.868340e-02	1.414053e-01
6760	-7.336521e+01	8.924235e-02	1.851209e-02	1.416892e-01
6770	-7.336521e+01	7.395146e-02	1.872290e-02	1.420092e-01
6780	-7.336522e+01	1.526927e-03	1.870819e-02	1.420142e-01
6790	-7.336522e+01	1.618181e-03	1.875416e-02	1.420460e-01
6800	-7.336522e+01	2.575686e-03	1.877923e-02	1.420673e-01
6810	-7.336520e+01	8.256587e-03	1.876991e-02	1.421228e-01
6820	-7.336521e+01	8.400319e-04	1.877578e-02	1.421322e-01
6830	-7.336521e+01	1.474746e-03	1.885112e-02	1.422467e-01
6840	-7.336521e+01	1.934614e-03	1.884625e-02	1.422373e-01
6850	-7.336521e+01	6.059772e-04	1.885452e-02	1.422384e-01
6860	-7.336521e+01	3.619471e-03	1.884982e-02	1.422355e-01
6870	-7.336522e+01	5.033039e-01	1.883138e-02	1.421985e-01
6880	-7.336522e+01	5.417637e-02	1.875271e-02	1.422529e-01
6890	-7.336522e+01	5.757531e-03	1.880277e-02	1.422792e-01
6900	-7.336523e+01	3.015696e-03	1.864875e-02	1.421845e-01
6910	-7.336523e+01	1.213132e-04	1.880033e-02	1.423482e-01
6920	-7.336523e+01	8.147134e-04	1.880672e-02	1.423583e-01
6930	-7.336523e+01	3.434028e-04	1.880541e-02	1.423994e-01
6940	-7.336523e+01	6.415568e-04	1.880974e-02	1.424048e-01
6950	-7.336523e+01	2.669167e-03	1.885891e-02	1.423985e-01
6960	-7.336528e+01	5.703004e-04	1.885120e-02	1.425515e-01
6970	-7.336527e+01	5.027235e-04	1.885225e-02	1.425530e-01
6980	-7.336527e+01	5.835465e-04	1.882118e-02	1.425470e-01
6990	-7.336527e+01	4.302330e-04	1.879738e-02	1.425448e-01
7000	-7.336528e+01	2.700230e-02	1.879088e-02	1.425538e-01
7010	-7.336527e+01	4.098940e-02	1.866960e-02	1.425790e-01
7020	-7.336527e+01	9.710512e-03	1.886585e-02	1.428806e-01
7030	-7.336527e+01	1.855680e-04	1.886631e-02	1.428918e-01
7040	-7.336529e+01	1.084907e-04	1.877714e-02	1.427080e-01
7050	-7.336527e+01	9.766549e-05	1.879013e-02	1.427220e-01
7060	-7.336528e+01	3.362507e-03	1.930189e-02	1.431042e-01
7070	-7.336530e+01	2.699855e-03	1.897337e-02	1.433192e-01
7080	-7.336530e+01	1.625550e-02	1.897733e-02	1.433172e-01
7090	-7.336529e+01	7.831577e-03	1.894521e-02	1.432166e-01
7100	-7.336531e+01	5.516645e-03	1.893823e-02	1.432129e-01
7110	-7.336531e+01	9.930044e-03	1.895225e-02	1.431922e-01
7120	-7.336530e+01	4.716058e-03	1.890856e-02	1.431688e-01
7130	-7.336530e+01	3.051575e-04	1.893574e-02	1.431661e-01
7140	-7.336531e+01	6.086229e-04	1.891147e-02	1.431635e-01
7150	-7.336532e+01	2.428368e-03	1.890794e-02	1.431504e-01
7160	-7.336531e+01	6.371688e-05	1.896159e-02	1.431742e-01
7170	-7.336531e+01	3.374896e-04	1.891473e-02	1.431491e-01
7180	-7.336531e+01	2.930269e-04	1.890862e-02	1.431483e-01
7190	-7.336531e+01	2.805583e-03	1.890082e-02	1.431787e-01
7200	-7.336531e+01	8.078528e-03	1.887913e-02	1.431464e-01
7210	-7.336532e+01	1.643216e-02	1.892161e-02	1.431972e-01
7220	-7.336530e+01	2.743153e-02	1.887182e-02	1.432043e-01
7230	-7.336531e+01	2.223930e-03	1.891894e-02	1.432652e-01
7240	-7.336532e+01	3.639931e-04	1.889472e-02	1.432566e-01
7250	-7.336531e+01	1.763534e-03	1.897546e-02	1.433446e-01
7260	-7.336533e+01	8.285502e-04	1.894126e-02	1.433682e-01
7270	-7.336531e+01	2.610654e-04	1.895758e-02	1.433858e-01
7280	-7.336532e+01	1.165289e-03	1.892840e-02	1.433212e-01
7290	-7.336533e+01	1.961761e-03	1.891083e-02	1.432714e-01
7300	-7.336533e+01	4.935058e-03	1.892011e-02	1.432819e-01
7310	-7.336532e+01	1.417695e-02	1.887422e-02	1.431907e-01
7320	-7.336531e+01	6.645289e-02	1.905024e-02	1.432433e-01
7330	-7.336534e+01	2.188682e-03	1.882331e-02	1.429972e-01
7340	-7.336534e+01	1.124678e-03	1.874846e-02	1.429395e-01
7350	-7.336534e+01	2.455612e-03	1.880596e-02	1.429891e-01
7360	-7.336535e+01	7.485686e-03	1.885791e-02	1.429566e-01
7370	-7.336536e+01	1.235638e-04	1.888139e-02	1.429628e-01
7380	-7.336536e+01	2.738414e-03	1.891075e-02	1.429746e-01
7390	-7.336536e+01	1.355966e-05	1.887274e-02	1.429547e-01
7400	-7.336536e+01	4.290876e-05	1.887037e-02	1.429517e-01
7410	-7.336536e+01	3.849075e-05	1.886543e-02	1.429493e-01
7420	-7.336536e+01	2.744085e-04	1.883353e-02	1.429158e-01
7430	-7.336535e+01	9.794543e-05	1.884856e-02	1.429199e-01
7440	-7.336536e+01	3.408584e-05	1.883791e-02	1.429138e-01
7450	-7.336536e+01	8.003035e-06	1.883436e-02	1.429101e-01
7460	-7.336537e+01	1.792800e-03	1.880822e-02	1.428960e-01
7470	-7.336536e+01	2.963788e-03	1.884042e-02	1.428909e-01
7480	-7.336536e+01	3.036586e-04	1.884147e-02	1.428814e-01
7490	-7.336535e+01	2.465053e-04	1.884891e-02	1.428804e-01
7500	-7.336535e+01	8.827029e-04	1.882440e-02	1.428370e-01
7510	-7.336536e+01	5.919558e-04	1.882260e-02	1.428325e-01
7520	-7.336535e+01	1.398889e-03	1.884950e-02	1.428483e-01
7530	-7.336536e+01	2.246036e-04	1.883045e-02	1.428400e-01
7540	-7.336536e+01	2.712383e-03	1.881112e-02	1.428016e-01
7550	-7.336537e+01	7.000203e-03	1.880553e-02	1.427357e-01
7560	-7.336536e+01	1.312994e-03	1.880032e-02	1.427212e-01
7570	-7.336535e+01	1.057673e-04	1.879580e-02	1.427195e-01
7580	-7.336537e+01	1.786510e-04	1.880132e-02	1.427272e-01
7590	-7.336536e+01	1.984997e-04	1.879542e-02	1.427182e-01
7600	-7.336537e+01	4.647119e-04	1.886258e-02	1.428271e-01
7610	-7.336536e+01	9.613096e-06	1.881842e-02	1.428146e-01
7620	-7.336536e+01	2.299593e-04	1.883382e-02	1.428222e-01
7630	-7.336536e+01	2.797445e-04	1.881869e-02	1.428258e-01
7640	-7.336537e+01	4.182425e-02	1.883302e-02	1.428322e-01
7650	-7.336535e+01	1.001142e-03	1.884219e-02	1.428646e-01
7660	-7.336536e+01	2.093171e-04	1.882848e-02	1.428622e-01
7670	-7.336536e+01	1.497584e-03	1.882876e-02	1.428648e-01
7680	-7.336537e+01	3.271464e-03	1.864762e-02	1.427264e-01
7690	-7.336536e+01	1.164014e-01	1.873318e-02	1.427576e-01
7700	-7.336537e+01	6.350549e-04	1.879092e-02	1.427603e-01
7710	-7.336536e+01	3.030590e-05	1.881683e-02	1.428364e-01
7720	-7.336537e+01	1.400100e-04	1.882007e-02	1.428424e-01
7730	-7.336537e+01	7.707928e-03	1.882666e-02	1.428592e-01
7740	-7.336536e+01	7.050272e-05	1.883369e-02	1.428686e-01
7750	-7.336537e+01	2.327387e-05	1.882960e-02	1.428609e-01
7760	-7.336537e+01	6.846277e-05	1.881654e-02	1.428159e-01
7770	-7.336537e+01	1.788581e-02	1.875408e-02	1.428006e-01
7780	-7.336536e+01	2.609764e-03	1.880085e-02	1.428164e-01
7790	-7.336536e+01	3.838900e-05	1.881760e-02	1.428255e-01
7800	-7.336536e+01	1.479611e-03	1.881926e-02	1.428276e-01
7810	-7.336536e+01	1.426941e-03	1.881084e-02	1.428266e-01
7820	-7.336537e+01	5.692855e-04	1.881958e-02	1.428392e-01
7830	-7.336536e+01	8.323041e-04	1.882049e-02	1.428410e-01
7840	-7.336536e+01	1.915836e-04	1.880721e-02	1.428314e-01
7850	-7.336536e+01	1.755858e-05	1.881481e-02	1.428365e-01
7860	-7.336536e+01	1.329583e-03	1.899862e-02	1.429256e-01
7870	-7.336537e+01	1.179128e-03	1.883133e-02	1.429390e-01
7880	-7.336536e+01	5.796251e-04	1.886162e-02	1.430201e-01
7890	-7.336537e+01	4.529902e-04	1.882399e-02	1.430000e-01
7900	-7.336537e+01	1.278072e-04	1.886614e-02	1.430367e-01
7910	-7.336537e+01	7.440303e-02	1.888325e-02	1.430417e-01
7920	-7.336538e+01	1.043671e-03	1.886478e-02	1.430404e-01
7930	-7.336537e+01	1.187923e-03	1.886989e-02	1.430462e-01
7940	-7.336538e+01	2.163223e-04	1.880277e-02	1.429801e-01
7950	-7.336537e+01	1.197720e-03	1.879287e-02	1.429743e-01
7960	-7.336538e+01	3.169604e-02	1.887010e-02	1.430375e-01
7970	-7.336538e+01	1.056962e-04	1.887919e-02	1.430451e-01
7980	-7.336537e+01	2.701651e-05	1.886533e-02	1.430484e-01
7990	-7.336536e+01	2.804117e-05	1.886816e-02	1.430507e-01
8000	-7.336537e+01	1.991791e-04	1.892291e-02	1.431102e-01
8010	-7.336537e+01	6.446761e-05	1.892144e-02	1.431104e-01
8020	-7.336537e+01	4.408995e-05	1.893427e-02	1.431186e-01
8030	-7.336538e+01	2.018224e-04	1.892942e-02	1.431130e-01
8040	-7.336537e+01	4.004580e-04	1.891754e-02	1.431103e-01
8050	-7.336537e+01	2.683334e-04	1.882124e-02	1.430359e-01
8060	-7.336537e+01	2.012626e-04	1.888402e-02	1.430551e-01
8070	-7.336537e+01	1.137473e-03	1.888413e-02	1.430550e-01
8080	-7.336537e+01	7.092009e-03	1.887288e-02	1.430391e-01
8090	-7.336537e+01	1.117969e-02	1.877587e-02	1.429799e-01
8100	-7.336538e+01	5.035819e-03	1.881938e-02	1.429099e-01
8110	-7.336538e+01	8.714574e-04	1.879621e-02	1.428899e-01
8120	-7.336538e+01	2.179466e-02	1.878019e-02	1.428820e-01
8130	-7.336538e+01	1.356816e-03	1.885932e-02	1.428472e-01
8140	-7.336538e+01	2.112998e-04	1.886716e-02	1.427871e-01
8150	-7.336537e+01	1.111615e-03	1.870482e-02	1.427270e-01
8160	-7.336539e+01	1.829234e-03	1.883795e-02	1.428524e-01
8170	-7.336539e+01	8.114572e-04	1.880462e-02	1.427653e-01
8180	-7.336538e+01	1.726662e-05	1.881904e-02	1.427877e-01
8190	-7.336538e+01	2.786439e-05	1.881871e-02	1.427832e-01
8200	-7.336538e+01	5.629021e-03	1.878932e-02	1.427181e-01
8210	-7.336539e+01	1.790552e-03	1.877555e-02	1.426993e-01
8220	-7.336540e+01	4.090704e-03	1.889587e-02	1.427911e-01
8230	-7.336539e+01	1.097995e-03	1.913646e-02	1.431343e-01
8240	-7.336539e+01	2.283547e-03	1.886266e-02	1.431558e-01
8250	-7.336540e+01	2.275254e-02	1.882110e-02	1.429333e-01
8260	-7.336541e+01	1.858590e-03	1.880604e-02	1.429032e-01
8270	-7.336541e+01	5.491885e-03	1.881604e-02	1.429171e-01
8280	-7.336541e+01	8.357771e-03	1.880884e-02	1.429062e-01
8290	-7.336540e+01	5.158541e-05	1.880487e-02	1.429030e-01
8300	-7.336541e+01	4.957374e-06	1.880732e-02	1.429041e-01
8310	-7.336540e+01	2.284416e-03	1.879294e-02	1.428988e-01
8320	-7.336541e+01	1.392542e-04	1.880514e-02	1.429097e-01
8330	-7.336541e+01	1.858012e-05	1.880624e-02	1.429052e-01
8340	-7.336540e+01	2.799830e-05	1.881731e-02	1.429268e-01
8350	-7.336541e+01	6.749564e-05	1.881638e-02	1.429273e-01
8360	-7.336541e+01	1.311216e-04	1.880349e-02	1.429226e-01
8370	-7.336540e+01	1.484607e-04	1.881124e-02	1.429343e-01
8380	-7.336541e+01	1.503316e-02	1.878387e-02	1.429198e-01
8390	-7.336542e+01	5.588832e-03	1.889233e-02	1.429231e-01
8400	-7.336542e+01	5.297938e-04	1.859692e-02	1.428593e-01
8410	-7.336542e+01	2.810956e-02	1.867541e-02	1.432589e-01
8420	-7.336544e+01	3.956486e-02	1.902935e-02	1.439558e-01
8430	-7.336543e+01	2.498597e-04	1.899336e-02	1.439432e-01
8440	-7.336543e+01	1.059936e-03	1.899049e-02	1.439412e-01
8450	-7.336544e+01	8.772704e-04	1.897631e-02	1.438823e-01
8460	-7.336543e+01	1.393120e-01	1.905985e-02	1.439217e-01
8470	-7.336544e+01	2.559538e-03	1.900172e-02	1.436223e-01
8480	-7.336543e+01	8.378757e-05	1.886310e-02	1.435379e-01
8490	-7.336545e+01	3.259216e-05	1.892269e-02	1.435582e-01
8500	-7.336544e+01	1.526468e-03	1.879745e-02	1.432688e-01
8510	-7.336545e+01	3.385127e-04	1.889451e-02	1.433143e-01
8520	-7.336547e+01	1.129198e-04	1.884847e-02	1.432595e-01
8530	-7.336546e+01	1.467110e-04	1.879843e-02	1.430147e-01
8540	-7.336546e+01	5.022024e-02	1.885372e-02	1.430399e-01
8550	-7.336547e+01	1.274361e-03	1.886910e-02	1.430393e-01
8560	-7.336547e+01	2.211529e-03	1.899721e-02	1.430474e-01
8570	-7.336546e+01	4.910439e-02	1.894629e-02	1.429949e-01
8580	-7.336547e+01	3.168914e-02	1.879081e-02	1.426598e-01
8590	-7.336547e+01	1.320243e-03	1.870647e-02	1.426080e-01
8600	-7.336547e+01	7.148578e-03	1.873331e-02	1.426216e-01
8610	-7.336546e+01	7.474349e-04	1.873459e-02	1.426243e-01
8620	-7.336547e+01	7.281297e-04	1.875830e-02	1.427001e-01
8630	-7.336548e+01	6.539951e-03	1.886638e-02	1.430300e-01
8640	-7.336550e+01	5.256639e-03	1.833008e-02	1.424506e-01
8650	-7.336552e+01	6.004898e-03	1.838057e-02	1.425260e-01
8660	-7.336552e+01	7.685023e-05	1.850540e-02	1.425413e-01
8670	-7.336553e+01	8.586360e-03	1.857733e-02	1.425712e-01
8680	-7.336551e+01	2.311752e-03	1.821887e-02	1.424742e-01
8690	-7.336554e+01	5.024447e-04	1.887187e-02	1.428221e-01
8700	-7.336554e+01	1.085254e-03	1.883998e-02	1.427975e-01
8710	-7.336553e+01	6.644642e-02	1.890546e-02	1.428063e-01
8720	-7.336556e+01	4.919703e-02	1.869661e-02	1.424960e-01
8730	-7.336556e+01	1.930842e-03	1.870896e-02	1.424973e-01
8740	-7.336556e+01	7.264867e-04	1.863621e-02	1.424839e-01
8750	-7.336557e+01	4.528089e-02	1.849575e-02	1.423714e-01
8760	-7.336556e+01	4.918253e-02	1.837183e-02	1.423921e-01
8770	-7.336556e+01	6.913683e-04	1.860071e-02	1.424727e-01
8780	-7.336558e+01	9.774065e-05	1.852880e-02	1.424503e-01
8790	-7.336561e+01	1.975911e-02	1.859060e-02	1.430865e-01
8800	-7.336560e+01	6.253435e-04	1.875632e-02	1.434311e-01
8810	-7.336561e+01	1.879966e-04	1.885592e-02	1.440871e-01
8820	-7.336562e+01	1.013961e-04	1.887574e-02	1.441242e-01
8830	-7.336563e+01	5.997330e-04	1.877632e-02	1.438937e-01
8840	-7.336563e+01	4.401101e-03	1.873296e-02	1.438719e-01
8850	-7.336562e+01	3.211316e-03	1.850577e-02	1.437527e-01
8860	-7.336563e+01	6.090078e-03	1.851547e-02	1.437638e-01
8870	-7.336563e+01	2.149432e-02	1.878282e-02	1.440410e-01
8880	-7.336563e+01	4.234838e-04	1.876893e-02	1.440335e-01
8890	-7.336564e+01	4.001865e-03	1.879300e-02	1.440465e-01
8900	-7.336563e+01	3.687413e-04	1.880047e-02	1.440522e-01
8910	-7.336563e+01	1.055122e-03	1.880478e-02	1.441283e-01
8920	-7.336564e+01	1.902105e-03	1.885234e-02	1.441621e-01
8930	-7.336562e+01	4.202068e-04	1.889585e-02	1.441773e-01
8940	-7.336564e+01	1.949475e-02	1.884462e-02	1.441577e-01
8950	-7.336562e+01	4.460836e-04	1.885740e-02	1.441636e-01
8960	-7.336564e+01	3.296289e-03	1.884694e-02	1.441530e-01
8970	-7.336564e+01	2.088737e-03	1.885646e-02	1.441357e-01
8980	-7.336564e+01	2.189816e-03	1.884863e-02	1.441430e-01
8990	-7.336564e+01	5.212672e-04	1.888403e-02	1.442240e-01
9000	-7.336563e+01	7.260169e-04	1.887251e-02	1.442152e-01
9010	-7.336562e+01	3.690866e-04	1.870003e-02	1.441418e-01
9020	-7.336565e+01	6.556931e-05	1.889494e-02	1.442121e-01
9030	-7.336564e+01	1.086861e-03	1.887290e-02	1.442102e-01
9040	-7.336563e+01	1.734817e-03	1.886761e-02	1.442234e-01
9050	-7.336564e+01	7.464731e-05	1.888288e-02	1.442347e-01
9060	-7.336564e+01	5.211303e-04	1.889643e-02	1.442430e-01
9070	-7.336565e+01	2.384359e-05	1.888460e-02	1.442382e-01
9080	-7.336565e+01	3.578134e-04	1.890271e-02	1.442339e-01
9090	-7.336565e+01	3.610087e-04	1.889378e-02	1.442434e-01
9100	-7.336564e+01	1.136031e-03	1.884745e-02	1.442182e-01
9110	-7.336565e+01	5.821248e-02	1.861636e-02	1.441790e-01
9120	-7.336566e+01	2.897556e-02	1.908459e-02	1.445002e-01
9130	-7.336565e+01	2.174611e-03	1.890540e-02	1.444720e-01
9140	-7.336568e+01	8.154631e-04	1.872357e-02	1.443181e-01
9150	-7.336569e+01	3.054777e-03	1.881932e-02	1.444867e-01
9160	-7.336569e+01	1.974684e-05	1.885051e-02	1.445697e-01
9170	-7.336570e+01	5.697033e-04	1.886379e-02	1.445777e-01
9180	-7.336568e+01	1.690338e-04	1.892412e-02	1.447041e-01
9190	-7.336569e+01	6.230325e-03	1.888271e-02	1.447018e-01
9200	-7.336570e+01	1.543438e-03	1.891206e-02	1.447156e-01
9210	-7.336569e+01	1.520167e-04	1.891819e-02	1.447474e-01
9220	-7.336569e+01	1.075067e-04	1.891056e-02	1.447463e-01
9230	-7.336570e+01	2.184482e-03	1.890290e-02	1.447437e-01
9240	-7.336570e+01	9.699380e-04	1.890914e-02	1.447443e-01
9250	-7.336569e+01	1.099878e-04	1.890343e-02	1.447413e-01
9260	-7.336571e+01	1.145164e-04	1.886344e-02	1.446887e-01
9270	-7.336569e+01	5.343149e-04	1.888145e-02	1.446938e-01
9280	-7.336569e+01	8.097688e-04	1.891088e-02	1.446600e-01
9290	-7.336569e+01	4.537755e-05	1.891137e-02	1.446588e-01
9300	-7.336569e+01	1.210271e-04	1.891225e-02	1.446582e-01
9310	-7.336570e+01	2.629631e-03	1.891071e-02	1.446556e-01
9320	-7.336570e+01	1.068913e-04	1.891574e-02	1.446565e-01
9330	-7.336569e+01	1.439740e-02	1.891067e-02	1.446606e-01
9340	-7.336570e+01	1.370284e-04	1.890531e-02	1.446966e-01
9350	-7.336570e+01	1.191520e-03	1.886141e-02	1.447001e-01
9360	-7.336570e+01	8.081304e-05	1.890920e-02	1.447215e-01
9370	-7.336569e+01	2.962378e-03	1.890631e-02	1.447183e-01
9380	-7.336570e+01	3.930951e-05	1.889354e-02	1.446887e-01
9390	-7.336571e+01	1.098258e-04	1.889395e-02	1.446885e-01
9400	-7.336570e+01	7.020258e-04	1.889409e-02	1.446877e-01
9410	-7.336571e+01	3.725782e-03	1.865441e-02	1.445706e-01
9420	-7.336571e+01	7.240920e-02	1.894912e-02	1.447060e-01
9430	-7.336571e+01	7.393563e-05	1.899867e-02	1.447189e-01
9440	-7.336571e+01	3.207166e-04	1.890666e-02	1.446851e-01
9450	-7.336570e+01	1.573800e-03	1.890777e-02	1.446809e-01
9460	-7.336571e+01	1.657604e-03	1.891962e-02	1.446840e-01
9470	-7.336571e+01	1.331802e-03	1.892417e-02	1.446852e-01
9480	-7.336572e+01	2.354462e-03	1.890486e-02	1.446377e-01
9490	-7.336570e+01	8.396289e-05	1.890477e-02	1.446310e-01
9500	-7.336572e+01	9.650410e-04	1.898803e-02	1.446873e-01
9510	-7.336571e+01	4.349810e-04	1.885229e-02	1.445566e-01
9520	-7.336570e+01	3.956313e-05	1.889237e-02	1.445723e-01
9530	-7.336571e+01	8.626467e-05	1.895005e-02	1.446590e-01
9540	-7.336571e+01	9.763156e-04	1.893109e-02	1.446771e-01
9550	-7.336571e+01	3.788193e-04	1.888096e-02	1.445324e-01
9560	-7.336572e+01	9.357413e-04	1.886731e-02	1.445206e-01
9570	-7.336571e+01	1.463396e-04	1.887762e-02	1.445241e-01
9580	-7.336572e+01	5.478528e-05	1.887237e-02	1.445018e-01
9590	-7.336571e+01	1.366001e-04	1.883657e-02	1.444881e-01
9600	-7.336571e+01	8.180518e-05	1.886738e-02	1.445008e-01
9610	-7.336571e+01	7.750838e-03	1.888855e-02	1.445096e-01
9620	-7.336572e+01	3.387116e-04	1.885917e-02	1.444692e-01
9630	-7.336573e+01	2.376508e-04	1.886153e-02	1.444722e-01
9640	-7.336572e+01	5.119040e-03	1.887290e-02	1.444778e-01
9650	-7.336572e+01	4.289488e-04	1.888762e-02	1.444872e-01
9660	-7.336572e+01	3.731939e-02	1.885918e-02	1.444771e-01
9670	-7.336572e+01	5.560459e-03	1.886010e-02	1.444464e-01
9680	-7.336573e+01	1.314272e-04	1.883190e-02	1.444152e-01
9690	-7.336573e+01	3.162496e-05	1.880294e-02	1.444069e-01
9700	-7.336572e+01	4.071055e-02	1.877123e-02	1.444102e-01
9710	-7.336572e+01	9.454002e-05	1.889326e-02	1.447173e-01
9720	-7.336571e+01	2.119582e-04	1.887827e-02	1.447484e-01
9730	-7.336573e+01	1.290856e-03	1.887643e-02	1.447426e-01
9740	-7.336573e+01	1.001270e-04	1.884344e-02	1.446750e-01
9750	-7.336572e+01	6.670612e-05	1.882226e-02	1.446124e-01
9760	-7.336574e+01	4.032677e-04	1.880263e-02	1.445804e-01
9770	-7.336574e+01	6.445389e-04	1.908639e-02	1.448765e-01
9780	-7.336573e+01	6.258655e-03	1.894773e-02	1.448306e-01
9790	-7.336574e+01	2.617917e-03	1.893388e-02	1.447958e-01
9800	-7.336573e+01	2.611359e-03	1.894996e-02	1.448008e-01
9810	-7.336573e+01	3.629582e-03	1.884340e-02	1.447181e-01
9820	-7.336574e+01	1.301711e-03	1.878095e-02	1.446426e-01
9830	-7.336574e+01	8.596396e-05	1.878672e-02	1.446432e-01
9840	-7.336573e+01	3.170041e-03	1.878150e-02	1.446412e-01
9850	-7.336574e+01	4.778559e-02	1.877784e-02	1.446443e-01
9860	-7.336575e+01	7.187751e-03	1.857982e-02	1.446683e-01
9870	-7.336574e+01	7.794768e-03	1.886255e-02	1.448883e-01
9880	-7.336575e+01	3.700304e-03	1.894794e-02	1.449340e-01
9890	-7.336575e+01	3.424695e-02	1.886677e-02	1.449717e-01
9900	-7.336575e+01	2.229987e-04	1.888145e-02	1.449750e-01
9910	-7.336576e+01	5.971197e-03	1.880725e-02	1.448579e-01
9920	-7.336575e+01	4.216811e-02	1.880646e-02	1.447708e-01
9930	-7.336576e+01	5.769504e-03	1.873901e-02	1.447396e-01
9940	-7.336575e+01	5.962515e-03	1.854108e-02	1.447575e-01
9950	-7.336575e+01	1.736893e-03	1.889764e-02	1.450878e-01
9960	-7.336575e+01	5.006555e-05	1.889126e-02	1.450851e-01
9970	-7.336576e+01	3.062160e-02	1.888966e-02	1.451586e-01
9980	-7.336577e+01	4.174513e-05	1.890004e-02	1.451675e-01
9990	-7.336575e+01	1.679770e-04	1.889781e-02	1.451640e-01
10000	-7.336576e+01	2.301548e-03	1.886062e-02	1.451477e-01
