i, epoch, loss, l2_err, h1_err
  0     1 -5.41664e+00 9.80946e-01 2.08794e+00
  1     2 -1.63935e+01 9.63579e-01 2.25398e+00
  2     3 -2.53820e+01 9.47799e-01 2.42840e+00
  3     4 -3.14267e+01 9.33201e-01 2.56274e+00
  4     5 -3.58929e+01 9.19346e-01 2.65601e+00
  5     6 -4.07050e+01 9.06062e-01 2.70252e+00
  6     7 -4.47874e+01 8.93119e-01 2.70631e+00
  7     8 -4.95369e+01 8.80581e-01 2.68335e+00
  8     9 -5.15208e+01 8.68855e-01 2.64240e+00
  9    10 -5.41034e+01 8.57968e-01 2.59462e+00
 10    11 -5.68072e+01 8.47857e-01 2.54023e+00
 11    12 -5.58636e+01 8.38155e-01 2.47887e+00
 12    13 -5.87300e+01 8.28982e-01 2.41649e+00
 13    14 -6.19221e+01 8.20055e-01 2.35404e+00
 14    15 -6.23945e+01 8.11011e-01 2.29207e+00
 15    16 -6.63888e+01 8.01731e-01 2.22906e+00
 16    17 -6.44267e+01 7.92179e-01 2.16340e+00
 17    18 -6.68422e+01 7.82298e-01 2.09445e+00
 18    19 -6.54366e+01 7.71919e-01 2.02531e+00
 19    20 -6.77228e+01 7.60902e-01 1.95658e+00
 20    21 -6.82775e+01 7.49469e-01 1.89064e+00
 21    22 -6.74546e+01 7.37684e-01 1.82847e+00
 22    23 -6.59138e+01 7.25453e-01 1.76859e+00
 23    24 -6.98295e+01 7.13018e-01 1.71277e+00
 24    25 -6.77239e+01 7.00387e-01 1.65995e+00
 25    26 -6.87774e+01 6.87593e-01 1.61016e+00
 26    27 -7.01406e+01 6.74596e-01 1.56362e+00
 27    28 -7.22247e+01 6.61377e-01 1.51973e+00
 28    29 -6.93263e+01 6.47943e-01 1.47782e+00
 29    30 -6.50416e+01 6.34327e-01 1.43814e+00
 30    31 -6.88675e+01 6.20663e-01 1.40075e+00
 31    32 -7.21068e+01 6.06977e-01 1.36402e+00
 32    33 -6.99746e+01 5.93638e-01 1.32842e+00
 33    34 -6.69921e+01 5.80467e-01 1.29341e+00
 34    35 -7.13784e+01 5.67435e-01 1.25890e+00
 35    36 -6.83698e+01 5.54352e-01 1.22426e+00
 36    37 -7.20203e+01 5.41314e-01 1.19032e+00
 37    38 -6.93230e+01 5.28355e-01 1.15677e+00
 38    39 -7.32388e+01 5.15529e-01 1.12332e+00
 39    40 -7.36645e+01 5.02903e-01 1.08984e+00
 40    41 -7.55264e+01 4.90369e-01 1.05530e+00
 41    42 -7.16333e+01 4.77825e-01 1.01971e+00
 42    43 -7.26758e+01 4.65329e-01 9.83890e-01
 43    44 -7.41898e+01 4.52862e-01 9.49458e-01
 44    45 -7.03197e+01 4.40497e-01 9.14823e-01
 45    46 -7.18843e+01 4.28253e-01 8.80963e-01
 46    47 -7.10874e+01 4.16234e-01 8.48065e-01
 47    48 -7.08609e+01 4.04464e-01 8.15000e-01
 48    49 -6.73862e+01 3.92983e-01 7.81406e-01
 49    50 -7.61605e+01 3.81809e-01 7.47355e-01
 50    51 -7.52233e+01 3.70868e-01 7.14103e-01
 51    53 -7.05087e+01 3.49622e-01 6.52435e-01
 52    54 -7.20008e+01 3.39402e-01 6.24006e-01
 53    55 -7.13571e+01 3.29455e-01 5.97611e-01
 54    56 -7.00829e+01 3.19731e-01 5.72824e-01
 55    58 -7.10159e+01 3.00618e-01 5.22661e-01
 56    59 -6.85059e+01 2.91335e-01 4.99210e-01
 57    60 -7.52714e+01 2.82254e-01 4.77999e-01
 58    62 -7.39773e+01 2.64481e-01 4.38296e-01
 59    63 -7.48735e+01 2.55985e-01 4.22179e-01
 60    65 -7.25095e+01 2.39824e-01 3.91128e-01
 61    66 -7.17446e+01 2.32015e-01 3.75121e-01
 62    68 -7.05580e+01 2.17076e-01 3.51522e-01
 63    69 -7.31821e+01 2.09963e-01 3.40005e-01
 64    71 -7.00846e+01 1.96266e-01 3.17646e-01
 65    73 -7.09758e+01 1.83156e-01 3.00278e-01
 66    74 -7.33168e+01 1.76858e-01 2.90638e-01
 67    76 -7.27257e+01 1.64865e-01 2.71516e-01
 68    78 -7.38275e+01 1.53752e-01 2.56524e-01
 69    80 -7.08717e+01 1.43261e-01 2.38293e-01
 70    82 -7.22344e+01 1.33296e-01 2.25943e-01
 71    84 -7.04886e+01 1.23286e-01 2.12633e-01
 72    86 -7.21449e+01 1.14080e-01 2.04262e-01
 73    88 -7.47113e+01 1.05391e-01 1.91592e-01
 74    90 -7.37009e+01 9.71235e-02 1.80122e-01
 75    92 -7.65112e+01 8.97442e-02 1.72571e-01
 76    94 -7.59923e+01 8.30300e-02 1.65985e-01
 77    96 -7.72601e+01 7.65266e-02 1.50990e-01
 78    98 -7.43244e+01 7.01142e-02 1.57518e-01
 79   101 -7.14247e+01 6.06573e-02 1.45456e-01
 80   103 -7.34881e+01 5.49880e-02 1.47736e-01
 81   105 -7.33771e+01 4.99208e-02 1.38699e-01
 82   108 -7.44607e+01 4.33238e-02 1.39394e-01
 83   110 -7.52507e+01 3.89724e-02 1.39110e-01
 84   113 -7.71503e+01 3.31873e-02 1.31951e-01
 85   116 -7.06198e+01 2.86053e-02 1.31096e-01
 86   118 -7.51634e+01 2.57697e-02 1.26499e-01
 87   121 -7.41574e+01 2.19177e-02 1.35923e-01
 88   124 -6.95877e+01 1.84171e-02 1.22372e-01
 89   127 -7.28690e+01 1.55018e-02 1.19501e-01
 90   130 -6.84503e+01 1.39715e-02 1.28248e-01
 91   133 -7.55441e+01 1.24945e-02 1.27251e-01
 92   136 -7.35343e+01 1.13876e-02 1.21781e-01
 93   139 -7.45224e+01 1.21853e-02 1.38114e-01
 94   143 -7.42241e+01 1.12318e-02 1.29716e-01
 95   146 -6.88278e+01 1.13438e-02 1.36914e-01
 96   149 -7.38915e+01 1.10173e-02 1.36417e-01
 97   153 -7.22985e+01 1.15761e-02 1.40393e-01
 98   156 -7.07612e+01 1.13181e-02 1.43146e-01
 99   160 -7.37132e+01 1.14765e-02 1.49725e-01
100   164 -7.15244e+01 1.19727e-02 1.59776e-01
101   168 -7.73929e+01 1.04529e-02 1.31815e-01
102   172 -7.37527e+01 1.08451e-02 1.36054e-01
103   176 -7.47773e+01 1.05835e-02 1.32608e-01
104   180 -7.22872e+01 1.17890e-02 1.50285e-01
105   184 -7.44513e+01 1.04733e-02 1.34322e-01
106   188 -7.62912e+01 1.12421e-02 1.41290e-01
107   193 -7.59274e+01 1.21137e-02 1.57378e-01
108   197 -7.24713e+01 1.10652e-02 1.37142e-01
109   202 -7.07376e+01 1.06174e-02 1.37501e-01
110   206 -6.89321e+01 1.13661e-02 1.52897e-01
111   211 -7.48772e+01 1.06993e-02 1.36636e-01
112   216 -7.52610e+01 1.01578e-02 1.31536e-01
113   221 -7.05799e+01 1.08852e-02 1.45470e-01
114   226 -7.26041e+01 1.18623e-02 1.52898e-01
115   232 -7.07960e+01 1.04518e-02 1.41618e-01
116   237 -7.30531e+01 1.05008e-02 1.45312e-01
117   243 -7.07140e+01 1.09716e-02 1.39479e-01
118   248 -7.29216e+01 1.09654e-02 1.37353e-01
119   254 -7.38615e+01 1.20172e-02 1.46779e-01
120   260 -7.47511e+01 1.13897e-02 1.49924e-01
121   266 -7.03694e+01 1.17837e-02 1.55310e-01
122   272 -7.49363e+01 1.17258e-02 1.58386e-01
123   279 -7.33930e+01 1.10814e-02 1.42356e-01
124   285 -7.30488e+01 1.17394e-02 1.55998e-01
125   292 -7.63996e+01 1.14030e-02 1.56335e-01
126   299 -7.34203e+01 1.10920e-02 1.39647e-01
127   306 -7.20242e+01 1.03115e-02 1.37105e-01
128   313 -7.11857e+01 1.04828e-02 1.31608e-01
129   320 -7.22376e+01 9.86584e-03 1.33055e-01
130   328 -7.04161e+01 1.04393e-02 1.37602e-01
131   335 -7.03021e+01 1.10092e-02 1.42788e-01
132   343 -7.12260e+01 1.15580e-02 1.45941e-01
133   351 -7.64868e+01 1.14920e-02 1.41389e-01
134   360 -7.28334e+01 1.11701e-02 1.49177e-01
135   368 -7.67184e+01 1.07124e-02 1.44332e-01
136   377 -7.13847e+01 1.29231e-02 1.61321e-01
137   385 -7.17976e+01 1.21491e-02 1.58977e-01
138   394 -7.74724e+01 1.21201e-02 1.57704e-01
139   404 -7.20833e+01 1.24151e-02 1.60166e-01
140   413 -7.28092e+01 1.25825e-02 1.59571e-01
141   423 -7.46217e+01 1.06998e-02 1.44135e-01
142   433 -7.52905e+01 1.24542e-02 1.66793e-01
143   443 -7.25935e+01 1.28487e-02 1.58323e-01
144   453 -7.38469e+01 1.15849e-02 1.48798e-01
145   464 -7.07121e+01 8.79630e-03 1.14319e-01
146   474 -7.19137e+01 8.87636e-03 1.11159e-01
147   486 -7.34235e+01 8.65276e-03 1.16635e-01
148   497 -7.14391e+01 8.09945e-03 1.05695e-01
149   509 -7.40301e+01 8.03370e-03 9.95596e-02
150   520 -7.19396e+01 7.48833e-03 9.43220e-02
151   533 -6.99764e+01 7.59495e-03 1.00939e-01
152   545 -7.55400e+01 8.08405e-03 1.05656e-01
153   558 -7.01614e+01 7.86897e-03 9.65188e-02
154   571 -7.48241e+01 8.57265e-03 1.10004e-01
155   584 -7.24467e+01 9.90314e-03 1.18704e-01
156   598 -6.97303e+01 8.46312e-03 1.06887e-01
157   612 -6.97043e+01 8.35594e-03 1.08194e-01
158   626 -7.34186e+01 8.18970e-03 1.07375e-01
159   641 -7.23207e+01 8.84266e-03 1.15089e-01
160   656 -7.50987e+01 9.34784e-03 1.10748e-01
161   671 -7.49154e+01 9.35585e-03 1.20720e-01
162   687 -7.34636e+01 9.20050e-03 1.18163e-01
163   703 -7.52281e+01 8.88327e-03 1.14850e-01
164   719 -7.42035e+01 9.81843e-03 1.22714e-01
165   736 -7.38503e+01 8.20249e-03 1.09323e-01
166   753 -7.48154e+01 8.44370e-03 1.12867e-01
167   771 -7.36443e+01 9.05939e-03 1.18181e-01
168   789 -7.53011e+01 8.96256e-03 1.18134e-01
169   807 -7.25500e+01 6.17348e-03 7.90458e-02
170   826 -6.97100e+01 5.93257e-03 7.86063e-02
171   845 -7.41212e+01 5.81482e-03 7.71607e-02
172   865 -7.18333e+01 6.59585e-03 8.29552e-02
173   885 -7.26193e+01 6.20584e-03 7.92679e-02
174   906 -7.41699e+01 6.31796e-03 8.19903e-02
175   927 -7.28779e+01 6.86912e-03 9.31654e-02
176   949 -7.60534e+01 6.92963e-03 9.08796e-02
177   971 -7.39327e+01 6.70740e-03 8.37294e-02
178   994 -7.54960e+01 5.20721e-03 6.34598e-02
179  1017 -7.05931e+01 4.65062e-03 5.75782e-02
180  1041 -7.11620e+01 4.53527e-03 6.17380e-02
181  1065 -7.41169e+01 4.60273e-03 5.75620e-02
182  1090 -7.60936e+01 4.91029e-03 6.71925e-02
183  1115 -7.43658e+01 4.38428e-03 5.81752e-02
184  1141 -7.45298e+01 5.07940e-03 6.64730e-02
185  1168 -7.40564e+01 5.15905e-03 6.49865e-02
186  1195 -7.50712e+01 4.84143e-03 6.21652e-02
187  1223 -7.35212e+01 4.93253e-03 6.09198e-02
188  1252 -7.44440e+01 4.83980e-03 6.00376e-02
189  1281 -7.46637e+01 3.31223e-03 4.31332e-02
190  1311 -7.56723e+01 3.80057e-03 4.92018e-02
191  1342 -7.30694e+01 3.29025e-03 4.44243e-02
192  1373 -7.29635e+01 3.40609e-03 4.43167e-02
193  1405 -7.45232e+01 3.64194e-03 4.74503e-02
194  1438 -7.15677e+01 3.88560e-03 5.12905e-02
195  1472 -7.03534e+01 2.65469e-03 3.30988e-02
196  1506 -7.51695e+01 2.37428e-03 3.26473e-02
197  1541 -7.25694e+01 2.32870e-03 3.00364e-02
198  1577 -7.51417e+01 2.56200e-03 3.35820e-02
199  1614 -7.09922e+01 2.47443e-03 3.24902e-02
200  1652 -7.27701e+01 2.51777e-03 3.35026e-02
201  1690 -7.35342e+01 1.95403e-03 2.67569e-02
202  1730 -7.01428e+01 2.04651e-03 2.68294e-02
203  1770 -7.29894e+01 1.85595e-03 2.34168e-02
204  1811 -7.58355e+01 1.90547e-03 2.55465e-02
205  1854 -7.56381e+01 1.90971e-03 2.58984e-02
206  1897 -7.37265e+01 1.69367e-03 2.20996e-02
207  1941 -7.57580e+01 1.47279e-03 2.00111e-02
208  1987 -7.90483e+01 1.41363e-03 1.84035e-02
209  2033 -7.21410e+01 1.47491e-03 1.88470e-02
210  2081 -7.40363e+01 1.44338e-03 1.99156e-02
211  2129 -7.71518e+01 1.14144e-03 1.52003e-02
212  2179 -7.65617e+01 1.12869e-03 1.52205e-02
213  2230 -6.96176e+01 1.09901e-03 1.48034e-02
214  2282 -7.35642e+01 1.12891e-03 1.58768e-02
215  2335 -7.16089e+01 8.87071e-04 1.27237e-02
216  2390 -7.01561e+01 7.98180e-04 1.15089e-02
217  2446 -7.10664e+01 8.25096e-04 1.16006e-02
218  2503 -7.69040e+01 7.73359e-04 1.17200e-02
219  2561 -7.39942e+01 8.19431e-04 1.23310e-02
220  2621 -7.52766e+01 7.17557e-04 1.09200e-02
221  2682 -7.34780e+01 6.16030e-04 9.68337e-03
222  2745 -7.44303e+01 6.41556e-04 1.01847e-02
223  2809 -7.42918e+01 6.37808e-04 9.94585e-03
224  2875 -7.00838e+01 6.10682e-04 9.54949e-03
225  2942 -7.73567e+01 5.61401e-04 9.03252e-03
226  3010 -7.55661e+01 5.64410e-04 9.17058e-03
227  3081 -7.19773e+01 5.44599e-04 9.00831e-03
228  3153 -7.56153e+01 5.24953e-04 8.80246e-03
229  3226 -7.47378e+01 5.08140e-04 8.69604e-03
230  3302 -7.53243e+01 4.98297e-04 8.55822e-03
231  3379 -7.30573e+01 4.91858e-04 8.49019e-03
232  3458 -7.29500e+01 4.84407e-04 8.38599e-03
233  3538 -7.54594e+01 4.76469e-04 8.31544e-03
234  3621 -7.46837e+01 4.70060e-04 8.22948e-03
235  3706 -7.14416e+01 4.67711e-04 8.20186e-03
236  3792 -7.32875e+01 4.65195e-04 8.17813e-03
237  3881 -7.52421e+01 4.60899e-04 8.13732e-03
238  3971 -7.66956e+01 4.58576e-04 8.10667e-03
239  4064 -7.42261e+01 4.56233e-04 8.08768e-03
240  4159 -6.74326e+01 4.53428e-04 8.05233e-03
241  4256 -7.42142e+01 4.52578e-04 8.05280e-03
242  4356 -7.45555e+01 4.50064e-04 8.02622e-03
243  4457 -7.21714e+01 4.47962e-04 8.01160e-03
244  4561 -7.22407e+01 4.45364e-04 7.98057e-03
245  4668 -7.35279e+01 4.43055e-04 7.95000e-03
246  4777 -7.26550e+01 4.40574e-04 7.92445e-03
247  4889 -7.66796e+01 4.36841e-04 7.88984e-03
248  5003 -7.40370e+01 4.34196e-04 7.87337e-03
249  5120 -7.18437e+01 4.31926e-04 7.85064e-03
250  5239 -7.24570e+01 4.29376e-04 7.82473e-03
251  5361 -7.61783e+01 4.27598e-04 7.80927e-03
252  5487 -7.29098e+01 4.25549e-04 7.79752e-03
253  5615 -7.84269e+01 4.23696e-04 7.78136e-03
254  5746 -7.19702e+01 4.22308e-04 7.75777e-03
255  5880 -7.23159e+01 4.20976e-04 7.74693e-03
256  6017 -7.42299e+01 4.19670e-04 7.72628e-03
257  6158 -7.45883e+01 4.16906e-04 7.71099e-03
258  6302 -7.62884e+01 4.12756e-04 7.66776e-03
259  6449 -7.48979e+01 4.10785e-04 7.64551e-03
260  6600 -7.10393e+01 4.07837e-04 7.61441e-03
261  6754 -7.39058e+01 4.05086e-04 7.58104e-03
262  6911 -7.60814e+01 4.03189e-04 7.58179e-03
263  7073 -7.50567e+01 4.00363e-04 7.55036e-03
264  7238 -7.41972e+01 3.97548e-04 7.55107e-03
265  7407 -7.03011e+01 3.96171e-04 7.54820e-03
266  7580 -7.05581e+01 3.93444e-04 7.51902e-03
267  7757 -7.18602e+01 3.91071e-04 7.48705e-03
268  7938 -7.20385e+01 3.88616e-04 7.46708e-03
269  8124 -7.29406e+01 3.87007e-04 7.45521e-03
270  8313 -6.99927e+01 3.85065e-04 7.43393e-03
271  8507 -7.59419e+01 3.81692e-04 7.41378e-03
272  8706 -7.57213e+01 3.77547e-04 7.36788e-03
273  8909 -7.32905e+01 3.75575e-04 7.33728e-03
274  9118 -7.38396e+01 3.73392e-04 7.32017e-03
275  9330 -7.05867e+01 3.73044e-04 7.31806e-03
276  9548 -7.73486e+01 3.70499e-04 7.30035e-03
277  9771 -7.02371e+01 3.69153e-04 7.31043e-03
278 10000 -7.17716e+01 3.68338e-04 7.30751e-03
