i, epoch, loss, l2_err, h1_err
  0     1 -3.15533e+00 9.76773e-01 1.90769e+00
  1     2 -1.52903e+01 9.62619e-01 2.05457e+00
  2     3 -2.25936e+01 9.49960e-01 2.22809e+00
  3     4 -2.99601e+01 9.38004e-01 2.37944e+00
  4     5 -3.75056e+01 9.25284e-01 2.48070e+00
  5     6 -4.08490e+01 9.12070e-01 2.54363e+00
  6     7 -4.67010e+01 8.98079e-01 2.56789e+00
  7     8 -4.85026e+01 8.83664e-01 2.56128e+00
  8     9 -5.06615e+01 8.68787e-01 2.53172e+00
  9    10 -5.65169e+01 8.53955e-01 2.48792e+00
 10    11 -5.67716e+01 8.39234e-01 2.43168e+00
 11    12 -6.05418e+01 8.25014e-01 2.37020e+00
 12    13 -6.03041e+01 8.11383e-01 2.30578e+00
 13    14 -5.95999e+01 7.98242e-01 2.23893e+00
 14    15 -6.45711e+01 7.85860e-01 2.17290e+00
 15    16 -6.31854e+01 7.74290e-01 2.10511e+00
 16    17 -6.96957e+01 7.63387e-01 2.03588e+00
 17    18 -6.74833e+01 7.53163e-01 1.96666e+00
 18    19 -6.65963e+01 7.43531e-01 1.90000e+00
 19    20 -7.06914e+01 7.34437e-01 1.83787e+00
 20    21 -6.94552e+01 7.25496e-01 1.78050e+00
 21    22 -6.64594e+01 7.16600e-01 1.72812e+00
 22    23 -6.80827e+01 7.07559e-01 1.68061e+00
 23    24 -6.81435e+01 6.98168e-01 1.63633e+00
 24    25 -7.09865e+01 6.88295e-01 1.59463e+00
 25    26 -7.04296e+01 6.77766e-01 1.55460e+00
 26    27 -7.23920e+01 6.66597e-01 1.51641e+00
 27    28 -7.07732e+01 6.54805e-01 1.47933e+00
 28    29 -6.89682e+01 6.42305e-01 1.44325e+00
 29    30 -7.32370e+01 6.29111e-01 1.40748e+00
 30    31 -7.04780e+01 6.15286e-01 1.37221e+00
 31    32 -7.00132e+01 6.01054e-01 1.33757e+00
 32    33 -6.74361e+01 5.86393e-01 1.30223e+00
 33    34 -7.24622e+01 5.71414e-01 1.26650e+00
 34    35 -6.96564e+01 5.56241e-01 1.23049e+00
 35    36 -7.34299e+01 5.40810e-01 1.19471e+00
 36    37 -7.57602e+01 5.25277e-01 1.15935e+00
 37    38 -7.34423e+01 5.09738e-01 1.12311e+00
 38    39 -7.58800e+01 4.94360e-01 1.08610e+00
 39    40 -6.65524e+01 4.79248e-01 1.04848e+00
 40    41 -7.06698e+01 4.64464e-01 1.01144e+00
 41    42 -7.22581e+01 4.50100e-01 9.74897e-01
 42    43 -7.21676e+01 4.36143e-01 9.39739e-01
 43    44 -6.97180e+01 4.22703e-01 9.06510e-01
 44    45 -7.22219e+01 4.09839e-01 8.74998e-01
 45    46 -7.16497e+01 3.97679e-01 8.43279e-01
 46    47 -7.55627e+01 3.85978e-01 8.13158e-01
 47    48 -7.11039e+01 3.74762e-01 7.83953e-01
 48    49 -7.15833e+01 3.63848e-01 7.54905e-01
 49    50 -7.16798e+01 3.53207e-01 7.26227e-01
 50    51 -7.36960e+01 3.42840e-01 6.96580e-01
 51    53 -7.19816e+01 3.23205e-01 6.38710e-01
 52    54 -7.20973e+01 3.13957e-01 6.10812e-01
 53    55 -7.52235e+01 3.04953e-01 5.81982e-01
 54    56 -7.22400e+01 2.96224e-01 5.53306e-01
 55    58 -7.36403e+01 2.79573e-01 5.00876e-01
 56    59 -7.81230e+01 2.71492e-01 4.78348e-01
 57    60 -7.11052e+01 2.63580e-01 4.57525e-01
 58    62 -7.12649e+01 2.48007e-01 4.18838e-01
 59    63 -7.12337e+01 2.40341e-01 4.00400e-01
 60    65 -7.27786e+01 2.25764e-01 3.70281e-01
 61    66 -7.07105e+01 2.18709e-01 3.57748e-01
 62    68 -7.62250e+01 2.04472e-01 3.30918e-01
 63    69 -7.35720e+01 1.97403e-01 3.21447e-01
 64    71 -7.17390e+01 1.83886e-01 3.03341e-01
 65    73 -7.38479e+01 1.71165e-01 2.84919e-01
 66    74 -7.41469e+01 1.65032e-01 2.77509e-01
 67    76 -7.79064e+01 1.52890e-01 2.56405e-01
 68    78 -7.14005e+01 1.41007e-01 2.36319e-01
 69    80 -7.21607e+01 1.29641e-01 2.18404e-01
 70    82 -7.24882e+01 1.18990e-01 2.02471e-01
 71    84 -7.18086e+01 1.09319e-01 1.91433e-01
 72    86 -7.43587e+01 1.00508e-01 1.74427e-01
 73    88 -7.33414e+01 9.19202e-02 1.64607e-01
 74    90 -7.51239e+01 8.35250e-02 1.59617e-01
 75    92 -7.36802e+01 7.59338e-02 1.47380e-01
 76    94 -7.34047e+01 6.93000e-02 1.37923e-01
 77    96 -7.55632e+01 6.31965e-02 1.28219e-01
 78    98 -7.48665e+01 5.71122e-02 1.31920e-01
 79   101 -7.07607e+01 4.80817e-02 1.19100e-01
 80   103 -7.53446e+01 4.32092e-02 1.07649e-01
 81   105 -7.53620e+01 3.93372e-02 1.07968e-01
 82   108 -7.42278e+01 3.31816e-02 1.12042e-01
 83   110 -7.40728e+01 2.95166e-02 1.07681e-01
 84   113 -7.46286e+01 2.50115e-02 1.02203e-01
 85   116 -7.38380e+01 2.05172e-02 1.10003e-01
 86   118 -7.24184e+01 1.80375e-02 1.00791e-01
 87   121 -7.00748e+01 1.57174e-02 1.16314e-01
 88   124 -7.33906e+01 1.36961e-02 1.18841e-01
 89   127 -7.34795e+01 1.18261e-02 1.15917e-01
 90   130 -7.34324e+01 1.09220e-02 1.13564e-01
 91   133 -7.29434e+01 1.05437e-02 1.12494e-01
 92   136 -7.18629e+01 1.00765e-02 1.20071e-01
 93   139 -7.41179e+01 9.93110e-03 1.09346e-01
 94   143 -7.62662e+01 9.81131e-03 1.14957e-01
 95   146 -7.33936e+01 9.68731e-03 1.04190e-01
 96   149 -7.17298e+01 1.04078e-02 1.12119e-01
 97   153 -7.58581e+01 9.85573e-03 1.09292e-01
 98   156 -7.08040e+01 9.57589e-03 1.10246e-01
 99   160 -7.72857e+01 1.06326e-02 1.16834e-01
100   164 -7.33432e+01 9.70736e-03 1.18582e-01
101   168 -7.30586e+01 1.22942e-02 1.35861e-01
102   172 -7.72318e+01 1.08283e-02 1.27125e-01
103   176 -7.54081e+01 1.03176e-02 1.17571e-01
104   180 -7.29748e+01 9.38063e-03 1.12262e-01
105   184 -7.22384e+01 1.01159e-02 1.20354e-01
106   188 -7.43270e+01 1.03116e-02 1.19175e-01
107   193 -7.42231e+01 1.07024e-02 1.22632e-01
108   197 -7.41967e+01 9.83923e-03 1.10270e-01
109   202 -7.38172e+01 1.02181e-02 1.15792e-01
110   206 -7.39716e+01 9.67307e-03 1.02448e-01
111   211 -7.22467e+01 1.04331e-02 1.12102e-01
112   216 -6.89006e+01 9.71973e-03 1.05074e-01
113   221 -7.24034e+01 9.39102e-03 1.00457e-01
114   226 -7.82417e+01 1.03852e-02 1.16045e-01
115   232 -7.16050e+01 1.09364e-02 1.28801e-01
116   237 -7.28844e+01 1.04992e-02 1.16247e-01
117   243 -7.09059e+01 1.06294e-02 1.26934e-01
118   248 -7.09852e+01 1.17103e-02 1.32836e-01
119   254 -7.17405e+01 1.00849e-02 1.18895e-01
120   260 -7.82246e+01 1.06331e-02 1.22593e-01
121   266 -7.35470e+01 1.02044e-02 1.12716e-01
122   272 -6.91419e+01 1.08333e-02 1.16841e-01
123   279 -7.06791e+01 1.24499e-02 1.35755e-01
124   285 -7.00779e+01 1.28299e-02 1.52061e-01
125   292 -7.16326e+01 1.02940e-02 1.20536e-01
126   299 -7.17580e+01 1.15958e-02 1.30477e-01
127   306 -7.06711e+01 1.11026e-02 1.33614e-01
128   313 -7.50744e+01 1.12669e-02 1.28560e-01
129   320 -7.55604e+01 1.10391e-02 1.22647e-01
130   328 -7.53892e+01 1.09520e-02 1.27476e-01
131   335 -7.08514e+01 1.08726e-02 1.29246e-01
132   343 -7.22010e+01 9.97081e-03 1.12931e-01
133   351 -7.18190e+01 1.00670e-02 1.15824e-01
134   360 -7.22765e+01 1.18976e-02 1.35538e-01
135   368 -7.51858e+01 1.03174e-02 1.22673e-01
136   377 -7.39472e+01 1.08856e-02 1.24044e-01
137   385 -7.40779e+01 1.14528e-02 1.26411e-01
138   394 -7.20109e+01 1.04468e-02 1.21564e-01
139   404 -7.23015e+01 1.04742e-02 1.20775e-01
140   413 -7.70736e+01 1.17550e-02 1.34954e-01
141   423 -7.15418e+01 1.19907e-02 1.41808e-01
142   433 -6.86221e+01 1.17169e-02 1.41543e-01
143   443 -7.33835e+01 1.17712e-02 1.26551e-01
144   453 -7.48017e+01 1.19047e-02 1.32138e-01
145   464 -7.00762e+01 1.16310e-02 1.35278e-01
146   474 -7.33319e+01 1.12463e-02 1.31981e-01
147   486 -7.47061e+01 1.11001e-02 1.24963e-01
148   497 -7.40634e+01 1.14175e-02 1.33666e-01
149   509 -7.57467e+01 1.12610e-02 1.32107e-01
150   520 -6.49614e+01 1.23355e-02 1.40112e-01
151   533 -7.16717e+01 1.17547e-02 1.34986e-01
152   545 -7.13666e+01 1.13097e-02 1.26196e-01
153   558 -7.22270e+01 1.28356e-02 1.49489e-01
154   571 -7.12217e+01 1.14006e-02 1.34382e-01
155   584 -7.39393e+01 1.21216e-02 1.30429e-01
156   598 -7.12351e+01 1.15742e-02 1.30673e-01
157   612 -6.95715e+01 1.34374e-02 1.49356e-01
158   626 -7.56575e+01 1.41971e-02 1.63734e-01
159   641 -7.24599e+01 9.70163e-03 1.06337e-01
160   656 -7.51245e+01 8.18750e-03 9.53371e-02
161   671 -7.48657e+01 8.93150e-03 9.65546e-02
162   687 -7.37367e+01 8.10125e-03 8.64791e-02
163   703 -7.59159e+01 9.03497e-03 9.64390e-02
164   719 -7.19431e+01 8.66628e-03 9.83531e-02
165   736 -7.34219e+01 9.86509e-03 1.16633e-01
166   753 -7.12843e+01 8.33507e-03 9.70472e-02
167   771 -7.16894e+01 9.49825e-03 1.03486e-01
168   789 -7.31621e+01 7.69313e-03 8.63291e-02
169   807 -7.47422e+01 8.54107e-03 1.03808e-01
170   826 -7.64865e+01 8.23994e-03 9.17826e-02
171   845 -7.04801e+01 8.97097e-03 1.02595e-01
172   865 -6.86732e+01 7.21029e-03 7.74986e-02
173   885 -7.38631e+01 6.54883e-03 7.19056e-02
174   906 -7.10599e+01 6.05834e-03 7.24065e-02
175   927 -7.52114e+01 5.66640e-03 6.51095e-02
176   949 -7.11148e+01 5.64374e-03 6.72499e-02
177   971 -7.38777e+01 6.45995e-03 7.40442e-02
178   994 -7.49739e+01 6.09223e-03 6.84248e-02
179  1017 -7.34769e+01 6.65118e-03 7.94806e-02
180  1041 -7.54583e+01 6.74597e-03 7.05534e-02
181  1065 -6.77529e+01 4.60952e-03 4.99090e-02
182  1090 -7.53070e+01 4.17611e-03 4.91493e-02
183  1115 -7.36565e+01 4.55651e-03 4.89172e-02
184  1141 -7.35250e+01 4.41431e-03 5.21087e-02
185  1168 -7.04846e+01 4.75718e-03 5.36444e-02
186  1195 -7.04342e+01 4.80563e-03 5.31121e-02
187  1223 -7.19986e+01 4.66894e-03 5.32217e-02
188  1252 -7.36943e+01 4.41929e-03 5.13995e-02
189  1281 -7.48201e+01 4.63702e-03 5.21001e-02
190  1311 -7.41577e+01 3.45989e-03 4.02147e-02
191  1342 -7.32355e+01 3.14471e-03 3.74421e-02
192  1373 -7.29290e+01 3.42771e-03 3.98294e-02
193  1405 -7.55274e+01 3.40180e-03 3.49026e-02
194  1438 -7.55713e+01 3.62345e-03 4.29315e-02
195  1472 -7.21250e+01 3.81890e-03 4.50850e-02
196  1506 -7.38581e+01 3.20800e-03 3.78952e-02
197  1541 -7.48831e+01 2.41674e-03 2.83405e-02
198  1577 -7.25597e+01 2.45796e-03 3.03003e-02
199  1614 -7.53797e+01 2.30503e-03 2.99417e-02
200  1652 -7.36864e+01 2.83291e-03 3.44377e-02
201  1690 -7.59655e+01 2.55552e-03 3.04674e-02
202  1730 -6.83694e+01 1.77469e-03 2.11021e-02
203  1770 -7.24518e+01 2.05405e-03 2.59439e-02
204  1811 -7.29347e+01 1.96408e-03 2.36294e-02
205  1854 -7.76106e+01 1.99897e-03 2.38215e-02
206  1897 -7.27193e+01 1.87602e-03 2.42414e-02
207  1941 -7.39027e+01 1.38722e-03 1.83741e-02
208  1987 -7.16877e+01 1.34698e-03 1.67850e-02
209  2033 -7.18052e+01 1.28485e-03 1.70120e-02
210  2081 -7.48072e+01 1.25668e-03 1.57157e-02
211  2129 -7.22124e+01 1.27118e-03 1.55390e-02
212  2179 -7.18302e+01 1.01552e-03 1.34143e-02
213  2230 -7.24077e+01 1.00190e-03 1.42666e-02
214  2282 -7.52619e+01 1.01755e-03 1.40680e-02
215  2335 -7.34063e+01 8.82521e-04 1.29156e-02
216  2390 -7.59557e+01 8.43522e-04 1.26199e-02
217  2446 -7.37936e+01 7.99925e-04 1.22132e-02
218  2503 -7.32772e+01 7.96754e-04 1.18753e-02
219  2561 -7.24338e+01 7.22633e-04 1.12303e-02
220  2621 -7.35997e+01 6.74424e-04 1.09731e-02
221  2682 -7.23782e+01 6.45725e-04 1.07434e-02
222  2745 -7.31098e+01 6.52201e-04 1.10114e-02
223  2809 -7.44141e+01 6.25735e-04 1.08084e-02
224  2875 -7.31160e+01 5.48373e-04 1.00411e-02
225  2942 -7.68549e+01 5.28457e-04 9.96497e-03
226  3010 -7.10449e+01 5.15696e-04 9.76438e-03
227  3081 -7.36723e+01 4.99990e-04 9.76659e-03
228  3153 -7.72554e+01 4.85725e-04 9.63578e-03
229  3226 -7.35123e+01 4.74664e-04 9.55794e-03
230  3302 -7.19907e+01 4.73367e-04 9.53221e-03
231  3379 -7.08869e+01 4.71963e-04 9.54255e-03
232  3458 -7.31820e+01 4.64287e-04 9.46804e-03
233  3538 -7.47108e+01 4.58754e-04 9.40629e-03
234  3621 -7.25986e+01 4.55989e-04 9.39074e-03
235  3706 -7.12721e+01 4.53230e-04 9.36411e-03
236  3792 -7.58243e+01 4.51450e-04 9.35531e-03
237  3881 -7.06370e+01 4.49679e-04 9.33942e-03
238  3971 -7.42866e+01 4.47135e-04 9.32150e-03
239  4064 -7.06061e+01 4.44653e-04 9.31090e-03
240  4159 -7.12937e+01 4.42207e-04 9.29677e-03
241  4256 -7.29029e+01 4.39908e-04 9.29534e-03
242  4356 -7.36220e+01 4.39247e-04 9.29798e-03
243  4457 -7.49426e+01 4.37945e-04 9.28849e-03
244  4561 -7.33237e+01 4.37626e-04 9.29084e-03
245  4668 -7.12372e+01 4.35991e-04 9.28529e-03
246  4777 -7.52461e+01 4.33570e-04 9.27670e-03
247  4889 -7.36895e+01 4.32695e-04 9.26945e-03
248  5003 -7.06484e+01 4.30858e-04 9.26559e-03
249  5120 -7.35234e+01 4.30052e-04 9.26813e-03
250  5239 -7.33299e+01 4.28216e-04 9.26129e-03
251  5361 -7.45257e+01 4.26919e-04 9.24985e-03
252  5487 -7.48510e+01 4.24607e-04 9.24428e-03
253  5615 -7.05048e+01 4.23384e-04 9.24513e-03
254  5746 -7.04308e+01 4.22387e-04 9.24449e-03
255  5880 -7.47801e+01 4.19464e-04 9.22666e-03
256  6017 -7.30191e+01 4.17453e-04 9.21564e-03
257  6158 -7.90949e+01 4.14982e-04 9.20660e-03
258  6302 -7.58220e+01 4.12385e-04 9.19441e-03
259  6449 -7.61015e+01 4.11512e-04 9.18894e-03
260  6600 -7.60403e+01 4.10877e-04 9.17646e-03
261  6754 -7.49446e+01 4.10005e-04 9.18466e-03
262  6911 -7.14095e+01 4.08919e-04 9.17671e-03
263  7073 -7.46968e+01 4.08151e-04 9.17785e-03
264  7238 -7.63987e+01 4.06823e-04 9.16608e-03
265  7407 -7.11617e+01 4.05569e-04 9.18047e-03
266  7580 -7.36523e+01 4.04157e-04 9.17409e-03
267  7757 -7.34082e+01 4.02827e-04 9.17605e-03
268  7938 -7.14435e+01 4.00855e-04 9.16209e-03
269  8124 -7.23313e+01 3.98547e-04 9.15128e-03
270  8313 -7.37325e+01 3.97689e-04 9.15080e-03
271  8507 -7.85995e+01 3.97372e-04 9.15146e-03
272  8706 -7.27770e+01 3.95157e-04 9.14548e-03
273  8909 -7.25609e+01 3.93830e-04 9.13971e-03
274  9118 -7.23682e+01 3.92420e-04 9.14579e-03
275  9330 -7.19557e+01 3.92005e-04 9.14549e-03
276  9548 -7.15418e+01 3.92429e-04 9.17059e-03
277  9771 -7.23071e+01 3.92337e-04 9.18154e-03
278 10000 -7.17915e+01 3.91424e-04 9.18097e-03
