i, epoch, loss, l2_err, h1_err
  0     1 -8.39126e+00 9.01661e-01 1.25436e+00
  1     2 -1.63776e+01 8.69945e-01 1.32148e+00
  2     3 -2.54664e+01 8.38345e-01 1.38143e+00
  3     4 -3.23257e+01 8.08016e-01 1.42595e+00
  4     5 -3.83954e+01 7.77579e-01 1.44964e+00
  5     6 -4.15375e+01 7.46879e-01 1.44885e+00
  6     7 -4.90288e+01 7.15189e-01 1.42768e+00
  7     8 -5.12551e+01 6.82728e-01 1.39074e+00
  8     9 -5.88706e+01 6.50084e-01 1.34321e+00
  9    10 -5.59497e+01 6.17763e-01 1.29099e+00
 10    11 -6.13791e+01 5.86102e-01 1.23788e+00
 11    12 -6.62129e+01 5.55682e-01 1.18706e+00
 12    13 -6.56096e+01 5.26376e-01 1.13944e+00
 13    14 -6.83232e+01 4.98010e-01 1.09612e+00
 14    15 -7.02916e+01 4.70658e-01 1.05428e+00
 15    16 -7.04532e+01 4.44405e-01 1.01016e+00
 16    17 -7.15523e+01 4.19255e-01 9.61832e-01
 17    18 -7.22347e+01 3.95205e-01 9.09695e-01
 18    19 -7.31789e+01 3.72376e-01 8.54797e-01
 19    20 -7.07040e+01 3.50874e-01 7.99186e-01
 20    21 -6.92979e+01 3.31082e-01 7.45578e-01
 21    22 -7.26189e+01 3.12801e-01 6.95752e-01
 22    23 -7.15076e+01 2.96031e-01 6.50696e-01
 23    24 -7.29178e+01 2.80823e-01 6.11867e-01
 24    25 -7.20566e+01 2.67075e-01 5.80081e-01
 25    26 -6.86860e+01 2.54577e-01 5.55671e-01
 26    27 -7.28397e+01 2.42993e-01 5.38338e-01
 27    28 -7.32515e+01 2.31910e-01 5.27136e-01
 28    29 -7.16676e+01 2.21181e-01 5.18895e-01
 29    30 -7.18432e+01 2.10560e-01 5.13639e-01
 30    31 -7.40139e+01 2.00123e-01 5.08711e-01
 31    32 -6.93580e+01 1.89105e-01 5.03229e-01
 32    33 -6.84311e+01 1.77992e-01 4.96522e-01
 33    34 -7.12791e+01 1.66169e-01 4.87978e-01
 34    35 -7.10242e+01 1.53860e-01 4.76815e-01
 35    36 -7.24407e+01 1.41676e-01 4.63362e-01
 36    37 -7.48368e+01 1.29914e-01 4.47556e-01
 37    38 -7.10857e+01 1.18511e-01 4.30194e-01
 38    39 -7.55584e+01 1.08250e-01 4.10950e-01
 39    40 -7.54495e+01 9.84378e-02 3.88759e-01
 40    41 -6.81391e+01 8.88955e-02 3.64060e-01
 41    42 -6.99342e+01 7.91919e-02 3.37865e-01
 42    43 -7.39187e+01 7.03644e-02 3.11538e-01
 43    44 -7.68615e+01 6.31833e-02 2.85227e-01
 44    45 -7.50917e+01 5.68840e-02 2.58935e-01
 45    46 -7.05432e+01 5.19881e-02 2.34164e-01
 46    47 -7.31278e+01 4.84613e-02 2.13937e-01
 47    48 -7.35068e+01 4.58502e-02 1.98280e-01
 48    49 -7.58427e+01 4.40907e-02 1.85213e-01
 49    50 -7.19699e+01 4.34517e-02 1.73542e-01
 50    51 -7.11453e+01 4.43834e-02 1.67206e-01
 51    53 -7.05496e+01 4.92104e-02 1.62864e-01
 52    54 -7.32065e+01 5.14938e-02 1.59328e-01
 53    55 -7.30412e+01 5.36131e-02 1.60737e-01
 54    56 -7.22077e+01 5.52071e-02 1.65339e-01
 55    58 -7.33564e+01 5.62430e-02 1.63510e-01
 56    59 -7.50098e+01 5.63877e-02 1.63816e-01
 57    60 -7.19089e+01 5.63530e-02 1.64661e-01
 58    62 -7.38511e+01 5.57999e-02 1.62567e-01
 59    63 -7.36980e+01 5.51066e-02 1.59464e-01
 60    65 -7.41981e+01 5.30368e-02 1.51799e-01
 61    66 -7.24974e+01 5.15479e-02 1.47985e-01
 62    68 -7.18746e+01 4.76202e-02 1.37494e-01
 63    69 -7.33259e+01 4.46714e-02 1.30625e-01
 64    71 -7.47861e+01 3.77634e-02 1.12479e-01
 65    73 -7.66530e+01 3.11770e-02 1.00248e-01
 66    74 -7.26438e+01 2.81994e-02 9.26194e-02
 67    76 -7.30542e+01 2.31272e-02 8.36108e-02
 68    78 -7.46234e+01 1.82512e-02 8.08551e-02
 69    80 -7.43467e+01 1.46091e-02 7.98343e-02
 70    82 -7.58492e+01 1.43422e-02 8.20024e-02
 71    84 -7.40424e+01 1.34703e-02 7.62097e-02
 72    86 -7.39048e+01 1.47334e-02 8.27886e-02
 73    88 -7.30297e+01 1.24262e-02 7.36179e-02
 74    90 -7.53505e+01 1.46143e-02 7.85384e-02
 75    92 -7.59921e+01 1.42684e-02 7.27624e-02
 76    94 -7.15615e+01 1.26084e-02 7.37581e-02
 77    96 -7.38828e+01 1.16474e-02 7.31034e-02
 78    98 -7.44624e+01 1.06048e-02 6.85363e-02
 79   101 -7.77825e+01 1.11615e-02 6.84482e-02
 80   103 -7.26539e+01 9.79146e-03 6.68230e-02
 81   105 -7.44873e+01 8.98915e-03 6.70012e-02
 82   108 -7.42343e+01 9.88385e-03 6.89480e-02
 83   110 -7.10158e+01 9.95556e-03 6.92930e-02
 84   113 -7.41793e+01 1.09342e-02 7.08682e-02
 85   116 -7.37371e+01 1.15691e-02 7.32891e-02
 86   118 -7.57784e+01 1.04472e-02 7.09111e-02
 87   121 -6.93388e+01 8.97764e-03 6.41901e-02
 88   124 -7.46011e+01 1.06210e-02 7.55623e-02
 89   127 -7.44361e+01 1.01293e-02 7.15211e-02
 90   130 -7.26601e+01 1.19620e-02 7.92311e-02
 91   133 -7.07473e+01 1.19494e-02 8.08494e-02
 92   136 -7.63810e+01 8.50807e-03 6.81900e-02
 93   139 -7.49382e+01 1.06445e-02 7.73006e-02
 94   143 -7.59570e+01 1.03936e-02 7.58647e-02
 95   146 -7.24015e+01 1.23951e-02 7.92724e-02
 96   149 -6.99976e+01 9.74352e-03 7.36146e-02
 97   153 -7.11802e+01 9.18908e-03 7.14714e-02
 98   156 -7.50251e+01 9.07605e-03 7.03016e-02
 99   160 -7.47988e+01 9.01872e-03 7.10470e-02
100   164 -7.39957e+01 1.04932e-02 7.30794e-02
101   168 -7.17536e+01 9.73336e-03 7.10866e-02
102   172 -7.30699e+01 8.99170e-03 6.92910e-02
103   176 -7.22784e+01 7.77672e-03 6.48882e-02
104   180 -7.30537e+01 9.88429e-03 6.95855e-02
105   184 -7.44784e+01 9.62578e-03 7.03018e-02
106   188 -7.29602e+01 1.04630e-02 7.44596e-02
107   193 -7.63580e+01 1.28489e-02 8.17305e-02
108   197 -7.44825e+01 9.90048e-03 7.38525e-02
109   202 -7.34326e+01 1.13900e-02 7.53865e-02
110   206 -7.20110e+01 9.46793e-03 7.10001e-02
111   211 -7.59774e+01 1.03704e-02 7.23795e-02
112   216 -7.24006e+01 1.20198e-02 7.56132e-02
113   221 -7.36149e+01 1.02897e-02 7.61848e-02
114   226 -7.75101e+01 1.31872e-02 8.29629e-02
115   232 -7.35080e+01 1.09120e-02 7.73486e-02
116   237 -7.30589e+01 1.16463e-02 7.78063e-02
117   243 -7.24441e+01 1.23622e-02 8.03468e-02
118   248 -7.12913e+01 1.09333e-02 7.60412e-02
119   254 -6.95312e+01 1.08878e-02 7.31272e-02
120   260 -7.03616e+01 1.02921e-02 7.25975e-02
121   266 -7.58444e+01 1.16191e-02 7.78067e-02
122   272 -7.35000e+01 1.21635e-02 7.59366e-02
123   279 -7.25460e+01 1.29726e-02 8.13540e-02
124   285 -7.28939e+01 1.12145e-02 7.67507e-02
125   292 -7.33954e+01 1.16261e-02 7.64404e-02
126   299 -7.61380e+01 1.16863e-02 7.91549e-02
127   306 -7.53215e+01 1.07167e-02 7.36162e-02
128   313 -7.38262e+01 1.17639e-02 7.86999e-02
129   320 -7.44245e+01 1.04964e-02 7.43806e-02
130   328 -7.32286e+01 9.72273e-03 7.09493e-02
131   335 -7.38766e+01 1.19392e-02 7.83992e-02
132   343 -7.38171e+01 1.23761e-02 8.08608e-02
133   351 -7.32517e+01 1.27920e-02 8.26396e-02
134   360 -7.64714e+01 1.16184e-02 8.43348e-02
135   368 -7.36978e+01 1.34051e-02 8.64095e-02
136   377 -7.28572e+01 1.10719e-02 7.57701e-02
137   385 -6.96436e+01 1.18324e-02 8.03543e-02
138   394 -7.27864e+01 1.04609e-02 7.69447e-02
139   404 -7.26631e+01 9.20408e-03 6.94689e-02
140   413 -7.25428e+01 9.00243e-03 6.78663e-02
141   423 -6.88491e+01 9.30686e-03 7.04527e-02
142   433 -7.81048e+01 8.97766e-03 6.88325e-02
143   443 -7.70334e+01 9.55448e-03 7.32728e-02
144   453 -6.80329e+01 8.58126e-03 6.84764e-02
145   464 -7.15154e+01 8.62053e-03 6.87584e-02
146   474 -7.26897e+01 8.94634e-03 6.71037e-02
147   486 -7.16081e+01 9.31918e-03 6.99054e-02
148   497 -7.56165e+01 8.71243e-03 6.79974e-02
149   509 -7.15695e+01 9.44582e-03 7.29346e-02
150   520 -7.11077e+01 9.64806e-03 7.01480e-02
151   533 -7.01641e+01 9.78316e-03 7.22431e-02
152   545 -7.06988e+01 9.87971e-03 7.06606e-02
153   558 -7.24568e+01 1.02549e-02 7.17647e-02
154   571 -7.33520e+01 1.04792e-02 7.38765e-02
155   584 -7.31704e+01 9.60314e-03 7.37478e-02
156   598 -7.25921e+01 8.48664e-03 6.81858e-02
157   612 -7.26439e+01 9.84026e-03 6.91903e-02
158   626 -7.11896e+01 1.03474e-02 7.28620e-02
159   641 -7.26310e+01 9.33073e-03 7.11136e-02
160   656 -7.20886e+01 1.03035e-02 7.23141e-02
161   671 -7.10337e+01 1.08712e-02 7.39334e-02
162   687 -7.18042e+01 1.03361e-02 7.28338e-02
163   703 -7.23458e+01 1.02734e-02 7.14478e-02
164   719 -7.59810e+01 1.00948e-02 7.01675e-02
165   736 -7.54774e+01 9.56954e-03 7.23086e-02
166   753 -7.42996e+01 8.87545e-03 6.68879e-02
167   771 -7.37464e+01 9.18593e-03 6.95756e-02
168   789 -7.25188e+01 9.84397e-03 7.31401e-02
169   807 -7.52248e+01 8.02966e-03 6.35806e-02
170   826 -7.69332e+01 8.01639e-03 6.50999e-02
171   845 -7.27932e+01 8.56776e-03 6.71813e-02
172   865 -7.13788e+01 8.05065e-03 6.58560e-02
173   885 -7.09435e+01 8.01188e-03 6.57777e-02
174   906 -7.21793e+01 7.73945e-03 6.59170e-02
175   927 -7.57883e+01 8.51711e-03 6.68239e-02
176   949 -7.23849e+01 7.57678e-03 6.42482e-02
177   971 -7.41690e+01 7.56042e-03 6.40036e-02
178   994 -7.18446e+01 8.96652e-03 6.76624e-02
179  1017 -7.26357e+01 8.08241e-03 6.48971e-02
180  1041 -7.72560e+01 6.68738e-03 6.16301e-02
181  1065 -7.35598e+01 7.10687e-03 6.24511e-02
182  1090 -7.34387e+01 7.09763e-03 6.18826e-02
183  1115 -7.35229e+01 6.77670e-03 6.15897e-02
184  1141 -7.23516e+01 6.94887e-03 6.22643e-02
185  1168 -7.30428e+01 7.10318e-03 6.12350e-02
186  1195 -7.42741e+01 6.77532e-03 6.16460e-02
187  1223 -7.34229e+01 7.39638e-03 6.15405e-02
188  1252 -7.19268e+01 6.79624e-03 6.09443e-02
189  1281 -7.65539e+01 6.47326e-03 6.08245e-02
190  1311 -7.44013e+01 6.74219e-03 6.13621e-02
191  1342 -7.10196e+01 6.43298e-03 6.05633e-02
192  1373 -6.85311e+01 7.64701e-03 6.43235e-02
193  1405 -7.75386e+01 6.23053e-03 5.96989e-02
194  1438 -7.14169e+01 6.27222e-03 5.96172e-02
195  1472 -7.27337e+01 6.47110e-03 6.04095e-02
196  1506 -7.26068e+01 6.40948e-03 5.99212e-02
197  1541 -7.50004e+01 6.19717e-03 5.96438e-02
198  1577 -7.61153e+01 6.32132e-03 6.01246e-02
199  1614 -7.90695e+01 6.47618e-03 6.06929e-02
200  1652 -7.17403e+01 6.08394e-03 5.96800e-02
201  1690 -7.00093e+01 6.23191e-03 5.97968e-02
202  1730 -7.49743e+01 6.21240e-03 6.00848e-02
203  1770 -7.28169e+01 6.20345e-03 5.96958e-02
204  1811 -7.50200e+01 6.22548e-03 6.01650e-02
205  1854 -7.51873e+01 6.09522e-03 5.97063e-02
206  1897 -7.30986e+01 6.02549e-03 5.95771e-02
207  1941 -7.19715e+01 6.17303e-03 6.00399e-02
208  1987 -7.36055e+01 6.13010e-03 5.96446e-02
209  2033 -7.67329e+01 6.06801e-03 5.94993e-02
210  2081 -7.22717e+01 6.06347e-03 5.93940e-02
211  2129 -7.30299e+01 6.06776e-03 5.94548e-02
212  2179 -7.46906e+01 6.06357e-03 5.95691e-02
213  2230 -7.54458e+01 6.03237e-03 5.93926e-02
214  2282 -7.21032e+01 6.04580e-03 5.94451e-02
215  2335 -7.33064e+01 6.04025e-03 5.95052e-02
216  2390 -7.58973e+01 6.03164e-03 5.94406e-02
217  2446 -7.12698e+01 6.02138e-03 5.94546e-02
218  2503 -7.44397e+01 6.01331e-03 5.93958e-02
219  2561 -7.48917e+01 6.00333e-03 5.93450e-02
220  2621 -7.19626e+01 6.00504e-03 5.93720e-02
221  2682 -7.12291e+01 6.00924e-03 5.93720e-02
222  2745 -7.57925e+01 6.00664e-03 5.93843e-02
223  2809 -7.77237e+01 6.00006e-03 5.93588e-02
224  2875 -7.59911e+01 6.00075e-03 5.93516e-02
225  2942 -7.56843e+01 5.99537e-03 5.93377e-02
226  3010 -7.49536e+01 5.99801e-03 5.93385e-02
227  3081 -7.08239e+01 5.99719e-03 5.93362e-02
228  3153 -7.43122e+01 5.99516e-03 5.93398e-02
229  3226 -7.49780e+01 5.99677e-03 5.93407e-02
230  3302 -7.67932e+01 5.99713e-03 5.93385e-02
231  3379 -7.75378e+01 5.99717e-03 5.93317e-02
232  3458 -7.09011e+01 5.99626e-03 5.93256e-02
233  3538 -7.23088e+01 5.99571e-03 5.93195e-02
234  3621 -7.12242e+01 5.99547e-03 5.93187e-02
235  3706 -7.39983e+01 5.99537e-03 5.93158e-02
236  3792 -7.39462e+01 5.99497e-03 5.93168e-02
237  3881 -7.14547e+01 5.99484e-03 5.93161e-02
238  3971 -7.40721e+01 5.99449e-03 5.93151e-02
239  4064 -7.24313e+01 5.99417e-03 5.93141e-02
240  4159 -7.15480e+01 5.99425e-03 5.93143e-02
241  4256 -7.48555e+01 5.99390e-03 5.93156e-02
242  4356 -7.21180e+01 5.99367e-03 5.93133e-02
243  4457 -7.56890e+01 5.99343e-03 5.93122e-02
244  4561 -7.01603e+01 5.99311e-03 5.93112e-02
245  4668 -7.37618e+01 5.99287e-03 5.93082e-02
246  4777 -7.33707e+01 5.99252e-03 5.93076e-02
247  4889 -7.35318e+01 5.99238e-03 5.93059e-02
248  5003 -7.49083e+01 5.99221e-03 5.93042e-02
249  5120 -7.54712e+01 5.99201e-03 5.93030e-02
250  5239 -7.39943e+01 5.99156e-03 5.92987e-02
251  5361 -7.11681e+01 5.99135e-03 5.92989e-02
252  5487 -7.11804e+01 5.99128e-03 5.93013e-02
253  5615 -7.31316e+01 5.99145e-03 5.93017e-02
254  5746 -7.45393e+01 5.99104e-03 5.92960e-02
255  5880 -7.22977e+01 5.99076e-03 5.92942e-02
256  6017 -7.23780e+01 5.98997e-03 5.92923e-02
257  6158 -7.85568e+01 5.98963e-03 5.92895e-02
258  6302 -7.26265e+01 5.98926e-03 5.92836e-02
259  6449 -7.28232e+01 5.98907e-03 5.92862e-02
260  6600 -7.19048e+01 5.98944e-03 5.92868e-02
261  6754 -7.05413e+01 5.98975e-03 5.92890e-02
262  6911 -7.33689e+01 5.98900e-03 5.92876e-02
263  7073 -7.43264e+01 5.98877e-03 5.92866e-02
264  7238 -7.29997e+01 5.98835e-03 5.92887e-02
265  7407 -7.22717e+01 5.98782e-03 5.92859e-02
266  7580 -7.48075e+01 5.98766e-03 5.92894e-02
267  7757 -7.36212e+01 5.98706e-03 5.92796e-02
268  7938 -7.22191e+01 5.98645e-03 5.92807e-02
269  8124 -7.44761e+01 5.98688e-03 5.92813e-02
270  8313 -7.84420e+01 5.98698e-03 5.92767e-02
271  8507 -7.60948e+01 5.98748e-03 5.92712e-02
272  8706 -7.45942e+01 5.98663e-03 5.92665e-02
273  8909 -7.14112e+01 5.98601e-03 5.92661e-02
274  9118 -7.54710e+01 5.98517e-03 5.92676e-02
275  9330 -7.33773e+01 5.98556e-03 5.92663e-02
276  9548 -7.31832e+01 5.98565e-03 5.92701e-02
277  9771 -7.20877e+01 5.98634e-03 5.92700e-02
278 10000 -7.10083e+01 5.98522e-03 5.92644e-02
