i, epoch, loss, l2_err, h1_err
  0     1 -3.81213e+00 9.68173e-01 1.99541e+00
  1     2 -1.59710e+01 9.55274e-01 2.14099e+00
  2     3 -2.72665e+01 9.44252e-01 2.36116e+00
  3     4 -3.38282e+01 9.34190e-01 2.57089e+00
  4     5 -3.65005e+01 9.24445e-01 2.72972e+00
  5     6 -4.38961e+01 9.14831e-01 2.84390e+00
  6     7 -4.60226e+01 9.04675e-01 2.91160e+00
  7     8 -4.75677e+01 8.93914e-01 2.93944e+00
  8     9 -4.93253e+01 8.82850e-01 2.93463e+00
  9    10 -5.41617e+01 8.71744e-01 2.90168e+00
 10    11 -5.52836e+01 8.60947e-01 2.84962e+00
 11    12 -5.88905e+01 8.50508e-01 2.78492e+00
 12    13 -5.83108e+01 8.40605e-01 2.71495e+00
 13    14 -5.99044e+01 8.31081e-01 2.64282e+00
 14    15 -6.01795e+01 8.21917e-01 2.56906e+00
 15    16 -6.21908e+01 8.13061e-01 2.49338e+00
 16    17 -6.63323e+01 8.04364e-01 2.41994e+00
 17    18 -6.36782e+01 7.95731e-01 2.34699e+00
 18    19 -6.35618e+01 7.87043e-01 2.27458e+00
 19    20 -6.28273e+01 7.78137e-01 2.20244e+00
 20    21 -6.70067e+01 7.69015e-01 2.13153e+00
 21    22 -6.55686e+01 7.59606e-01 2.06253e+00
 22    23 -6.83621e+01 7.50083e-01 1.99472e+00
 23    24 -6.86162e+01 7.40534e-01 1.92761e+00
 24    25 -6.82506e+01 7.30871e-01 1.86332e+00
 25    26 -6.62578e+01 7.21285e-01 1.80065e+00
 26    27 -7.22308e+01 7.11837e-01 1.74047e+00
 27    28 -6.82951e+01 7.02529e-01 1.68357e+00
 28    29 -6.89142e+01 6.93386e-01 1.62935e+00
 29    30 -7.19448e+01 6.84450e-01 1.57966e+00
 30    31 -6.81780e+01 6.75628e-01 1.53490e+00
 31    32 -7.04251e+01 6.66759e-01 1.49650e+00
 32    33 -7.38013e+01 6.57753e-01 1.46372e+00
 33    34 -7.04129e+01 6.48588e-01 1.43449e+00
 34    35 -7.21879e+01 6.39193e-01 1.40727e+00
 35    36 -7.21366e+01 6.29576e-01 1.38136e+00
 36    37 -6.97275e+01 6.19681e-01 1.35552e+00
 37    38 -7.06958e+01 6.09551e-01 1.32851e+00
 38    39 -7.05318e+01 5.99164e-01 1.29914e+00
 39    40 -6.76244e+01 5.88652e-01 1.26782e+00
 40    41 -7.12655e+01 5.77904e-01 1.23577e+00
 41    42 -6.70401e+01 5.66989e-01 1.20463e+00
 42    43 -6.74651e+01 5.56004e-01 1.17412e+00
 43    44 -7.27585e+01 5.44965e-01 1.14344e+00
 44    45 -7.15737e+01 5.33913e-01 1.11238e+00
 45    46 -7.45100e+01 5.22966e-01 1.08211e+00
 46    47 -7.19496e+01 5.12095e-01 1.05220e+00
 47    48 -7.24766e+01 5.01414e-01 1.02314e+00
 48    49 -7.09871e+01 4.90826e-01 9.94717e-01
 49    50 -7.12246e+01 4.80438e-01 9.66710e-01
 50    51 -6.92771e+01 4.70082e-01 9.39687e-01
 51    53 -6.84501e+01 4.49663e-01 8.87986e-01
 52    54 -7.12097e+01 4.39625e-01 8.62603e-01
 53    55 -7.01236e+01 4.29776e-01 8.38659e-01
 54    56 -7.13392e+01 4.20132e-01 8.15161e-01
 55    58 -7.53398e+01 4.01407e-01 7.71252e-01
 56    59 -7.45773e+01 3.92296e-01 7.50319e-01
 57    60 -7.26745e+01 3.83365e-01 7.30257e-01
 58    62 -7.25617e+01 3.65909e-01 6.88097e-01
 59    63 -7.52685e+01 3.57531e-01 6.68136e-01
 60    65 -7.02230e+01 3.41392e-01 6.29111e-01
 61    66 -7.25790e+01 3.33613e-01 6.09163e-01
 62    68 -7.15630e+01 3.18436e-01 5.72307e-01
 63    69 -7.27434e+01 3.11077e-01 5.56092e-01
 64    71 -7.54863e+01 2.96973e-01 5.21711e-01
 65    73 -7.20891e+01 2.83666e-01 4.92883e-01
 66    74 -7.20662e+01 2.77054e-01 4.79365e-01
 67    76 -7.33329e+01 2.63892e-01 4.50991e-01
 68    78 -7.42026e+01 2.51414e-01 4.28333e-01
 69    80 -7.27918e+01 2.39624e-01 4.08549e-01
 70    82 -6.62176e+01 2.28185e-01 3.90139e-01
 71    84 -7.60245e+01 2.17199e-01 3.73302e-01
 72    86 -7.12734e+01 2.06648e-01 3.57228e-01
 73    88 -7.10422e+01 1.96546e-01 3.39410e-01
 74    90 -6.94617e+01 1.86708e-01 3.25909e-01
 75    92 -7.15513e+01 1.76192e-01 3.03571e-01
 76    94 -7.06181e+01 1.66340e-01 2.94272e-01
 77    96 -7.40121e+01 1.57651e-01 2.76097e-01
 78    98 -7.29009e+01 1.49337e-01 2.62637e-01
 79   101 -7.30784e+01 1.36973e-01 2.49832e-01
 80   103 -7.11809e+01 1.29191e-01 2.44152e-01
 81   105 -7.33222e+01 1.22051e-01 2.28536e-01
 82   108 -7.13413e+01 1.11056e-01 2.20129e-01
 83   110 -7.56403e+01 1.04234e-01 2.02206e-01
 84   113 -7.38499e+01 9.48974e-02 1.94643e-01
 85   116 -7.26994e+01 8.61197e-02 1.87012e-01
 86   118 -7.18790e+01 8.04046e-02 1.71529e-01
 87   121 -7.40933e+01 7.28728e-02 1.81205e-01
 88   124 -7.58043e+01 6.57758e-02 1.74787e-01
 89   127 -7.08996e+01 5.90765e-02 1.63279e-01
 90   130 -7.75161e+01 5.29733e-02 1.53339e-01
 91   133 -7.49119e+01 4.81906e-02 1.50126e-01
 92   136 -7.20574e+01 4.30658e-02 1.56391e-01
 93   139 -7.64444e+01 3.81803e-02 1.47488e-01
 94   143 -7.68398e+01 3.32193e-02 1.44468e-01
 95   146 -7.54304e+01 3.01193e-02 1.61455e-01
 96   149 -7.37278e+01 2.65619e-02 1.58283e-01
 97   153 -7.11591e+01 2.30764e-02 1.61984e-01
 98   156 -7.37785e+01 2.11607e-02 1.63689e-01
 99   160 -7.41573e+01 1.83975e-02 1.50860e-01
100   164 -6.92262e+01 1.67505e-02 1.55939e-01
101   168 -7.50649e+01 1.51300e-02 1.60851e-01
102   172 -7.46456e+01 1.46827e-02 1.60059e-01
103   176 -7.39128e+01 1.30141e-02 1.61984e-01
104   180 -7.11714e+01 1.28477e-02 1.64057e-01
105   184 -7.51414e+01 1.25918e-02 1.78663e-01
106   188 -7.51595e+01 1.22751e-02 1.66821e-01
107   193 -7.63974e+01 1.14843e-02 1.69953e-01
108   197 -7.07713e+01 1.14601e-02 1.63234e-01
109   202 -7.34127e+01 1.06875e-02 1.60708e-01
110   206 -7.50123e+01 1.03371e-02 1.47565e-01
111   211 -7.56337e+01 1.03769e-02 1.51262e-01
112   216 -7.37438e+01 1.08792e-02 1.60182e-01
113   221 -7.30327e+01 1.02273e-02 1.48439e-01
114   226 -7.15384e+01 1.09535e-02 1.59640e-01
115   232 -7.08061e+01 1.08317e-02 1.60754e-01
116   237 -7.57753e+01 1.09104e-02 1.58364e-01
117   243 -7.54106e+01 9.66950e-03 1.45320e-01
118   248 -7.45478e+01 1.09176e-02 1.56504e-01
119   254 -7.12955e+01 1.01613e-02 1.47358e-01
120   260 -7.25258e+01 1.13963e-02 1.61271e-01
121   266 -7.73958e+01 1.11425e-02 1.64817e-01
122   272 -6.88699e+01 1.18871e-02 1.67947e-01
123   279 -7.33279e+01 1.19740e-02 1.78071e-01
124   285 -7.18172e+01 1.15774e-02 1.64132e-01
125   292 -7.23964e+01 1.09494e-02 1.57913e-01
126   299 -7.15948e+01 1.25314e-02 1.81950e-01
127   306 -7.22609e+01 1.22330e-02 1.74152e-01
128   313 -7.54644e+01 1.24287e-02 1.81080e-01
129   320 -7.25678e+01 1.25043e-02 1.88548e-01
130   328 -7.23271e+01 1.18532e-02 1.68932e-01
131   335 -7.19087e+01 1.15910e-02 1.72876e-01
132   343 -7.38358e+01 1.20371e-02 1.79365e-01
133   351 -7.30093e+01 1.21755e-02 1.80538e-01
134   360 -7.04479e+01 1.16691e-02 1.73138e-01
135   368 -7.22710e+01 1.16893e-02 1.66736e-01
136   377 -6.97776e+01 1.11127e-02 1.68085e-01
137   385 -7.41270e+01 1.16976e-02 1.74918e-01
138   394 -7.27652e+01 1.12256e-02 1.62200e-01
139   404 -7.54981e+01 1.18439e-02 1.82960e-01
140   413 -7.33827e+01 1.12234e-02 1.65075e-01
141   423 -6.99918e+01 1.18268e-02 1.75504e-01
142   433 -7.10619e+01 1.26856e-02 1.80719e-01
143   443 -7.30665e+01 1.21180e-02 1.67166e-01
144   453 -7.40703e+01 1.20762e-02 1.72840e-01
145   464 -7.48713e+01 1.17818e-02 1.69884e-01
146   474 -7.42521e+01 1.25221e-02 1.79012e-01
147   486 -7.66367e+01 1.27741e-02 1.84683e-01
148   497 -7.14374e+01 1.29470e-02 1.90231e-01
149   509 -7.30043e+01 1.20443e-02 1.76447e-01
150   520 -7.69074e+01 1.22664e-02 1.78372e-01
151   533 -7.25070e+01 1.20550e-02 1.68256e-01
152   545 -7.42151e+01 1.24714e-02 1.76497e-01
153   558 -7.29716e+01 1.32353e-02 1.89635e-01
154   571 -7.68369e+01 9.42060e-03 1.33352e-01
155   584 -7.46869e+01 8.78678e-03 1.24576e-01
156   598 -7.08068e+01 9.37696e-03 1.33628e-01
157   612 -7.23602e+01 9.03915e-03 1.30510e-01
158   626 -7.13470e+01 8.41369e-03 1.22764e-01
159   641 -7.42604e+01 9.09616e-03 1.31752e-01
160   656 -7.73395e+01 8.67675e-03 1.17059e-01
161   671 -7.48731e+01 8.25430e-03 1.17744e-01
162   687 -7.07407e+01 8.81385e-03 1.27667e-01
163   703 -6.99253e+01 8.53296e-03 1.23481e-01
164   719 -7.24021e+01 8.44053e-03 1.19292e-01
165   736 -7.53734e+01 9.06582e-03 1.31341e-01
166   753 -7.45065e+01 8.87511e-03 1.26359e-01
167   771 -7.48390e+01 6.99015e-03 9.26510e-02
168   789 -7.44974e+01 6.65522e-03 9.58914e-02
169   807 -7.42174e+01 6.42576e-03 8.93638e-02
170   826 -7.56666e+01 6.15273e-03 8.90378e-02
171   845 -7.35829e+01 6.55167e-03 9.33047e-02
172   865 -7.18155e+01 5.99687e-03 9.01257e-02
173   885 -7.20456e+01 6.27624e-03 8.83770e-02
174   906 -7.45868e+01 5.98800e-03 8.50613e-02
175   927 -7.26861e+01 6.97580e-03 1.00281e-01
176   949 -7.28135e+01 6.98659e-03 1.02264e-01
177   971 -7.08955e+01 5.47557e-03 7.64973e-02
178   994 -7.43682e+01 4.48741e-03 6.34268e-02
179  1017 -7.10363e+01 4.80836e-03 6.76400e-02
180  1041 -7.55746e+01 4.98986e-03 7.34677e-02
181  1065 -7.37766e+01 4.48251e-03 6.27094e-02
182  1090 -7.35539e+01 4.97976e-03 6.96608e-02
183  1115 -7.31606e+01 4.67762e-03 6.57678e-02
184  1141 -7.27056e+01 4.81388e-03 7.05645e-02
185  1168 -7.33592e+01 4.93850e-03 7.08070e-02
186  1195 -7.14453e+01 3.36806e-03 4.77781e-02
187  1223 -7.18402e+01 3.32979e-03 4.54043e-02
188  1252 -7.12671e+01 3.22949e-03 4.58151e-02
189  1281 -7.42179e+01 3.35576e-03 4.93575e-02
190  1311 -7.15753e+01 3.51308e-03 4.74035e-02
191  1342 -7.58928e+01 3.76192e-03 5.35962e-02
192  1373 -7.26890e+01 3.46528e-03 4.89385e-02
193  1405 -7.25648e+01 3.58186e-03 4.96457e-02
194  1438 -6.84031e+01 3.85308e-03 5.16526e-02
195  1472 -7.20328e+01 3.35870e-03 4.63954e-02
196  1506 -7.21393e+01 3.16368e-03 4.27559e-02
197  1541 -7.21677e+01 2.85037e-03 3.70606e-02
198  1577 -7.29469e+01 2.82054e-03 3.78791e-02
199  1614 -7.47265e+01 2.67139e-03 3.66790e-02
200  1652 -6.85589e+01 2.74666e-03 3.81104e-02
201  1690 -7.26726e+01 2.74804e-03 3.70352e-02
202  1730 -7.53875e+01 2.87824e-03 3.96674e-02
203  1770 -7.23452e+01 2.85463e-03 3.85894e-02
204  1811 -7.13672e+01 2.75053e-03 4.01624e-02
205  1854 -7.24992e+01 2.63817e-03 3.77018e-02
206  1897 -6.87988e+01 2.13345e-03 2.90191e-02
207  1941 -7.28566e+01 1.90050e-03 2.44887e-02
208  1987 -7.13056e+01 1.96009e-03 2.68353e-02
209  2033 -6.96472e+01 2.04416e-03 2.95538e-02
210  2081 -7.29640e+01 2.02544e-03 2.79262e-02
211  2129 -7.51220e+01 1.65842e-03 2.31739e-02
212  2179 -7.27810e+01 1.60021e-03 2.20875e-02
213  2230 -7.12341e+01 1.54328e-03 2.06489e-02
214  2282 -7.40521e+01 1.57911e-03 2.03951e-02
215  2335 -7.21041e+01 1.26106e-03 1.65371e-02
216  2390 -7.49473e+01 1.23327e-03 1.64199e-02
217  2446 -7.33239e+01 1.19998e-03 1.60021e-02
218  2503 -7.35432e+01 1.12771e-03 1.44251e-02
219  2561 -7.33697e+01 1.04367e-03 1.30239e-02
220  2621 -7.12699e+01 9.79250e-04 1.19916e-02
221  2682 -7.59819e+01 9.41716e-04 1.26777e-02
222  2745 -7.17242e+01 8.87253e-04 1.16968e-02
223  2809 -7.16022e+01 8.14820e-04 1.05531e-02
224  2875 -7.35870e+01 8.00208e-04 1.01678e-02
225  2942 -7.58785e+01 7.72827e-04 9.61482e-03
226  3010 -6.84320e+01 7.42596e-04 9.01710e-03
227  3081 -6.98834e+01 7.22850e-04 8.71421e-03
228  3153 -7.25857e+01 7.06118e-04 8.34577e-03
229  3226 -7.15845e+01 6.85953e-04 7.96639e-03
230  3302 -7.03639e+01 6.71592e-04 7.67997e-03
231  3379 -7.03876e+01 6.68967e-04 7.64448e-03
232  3458 -7.40503e+01 6.64310e-04 7.55558e-03
233  3538 -7.30162e+01 6.58875e-04 7.46534e-03
234  3621 -7.34020e+01 6.55350e-04 7.39694e-03
235  3706 -7.42998e+01 6.51117e-04 7.32764e-03
236  3792 -7.18535e+01 6.48290e-04 7.27817e-03
237  3881 -7.36225e+01 6.45143e-04 7.21426e-03
238  3971 -7.62108e+01 6.44019e-04 7.19355e-03
239  4064 -7.36531e+01 6.42354e-04 7.16118e-03
240  4159 -7.21155e+01 6.40365e-04 7.13487e-03
241  4256 -7.54556e+01 6.38605e-04 7.11278e-03
242  4356 -7.18473e+01 6.36158e-04 7.05169e-03
243  4457 -7.29559e+01 6.34302e-04 7.01839e-03
244  4561 -7.40913e+01 6.33146e-04 6.98774e-03
245  4668 -7.27836e+01 6.32153e-04 6.96568e-03
246  4777 -7.19128e+01 6.30536e-04 6.93787e-03
247  4889 -7.14516e+01 6.29538e-04 6.92615e-03
248  5003 -7.30222e+01 6.27754e-04 6.88503e-03
249  5120 -7.48596e+01 6.25561e-04 6.83935e-03
250  5239 -7.21675e+01 6.24475e-04 6.82410e-03
251  5361 -7.28311e+01 6.22799e-04 6.77741e-03
252  5487 -7.21235e+01 6.21959e-04 6.77381e-03
253  5615 -7.35440e+01 6.20609e-04 6.75697e-03
254  5746 -7.23959e+01 6.19471e-04 6.72953e-03
255  5880 -7.11517e+01 6.18135e-04 6.69780e-03
256  6017 -7.34196e+01 6.16394e-04 6.66329e-03
257  6158 -7.14599e+01 6.14776e-04 6.63912e-03
258  6302 -7.22515e+01 6.13580e-04 6.61578e-03
259  6449 -7.63254e+01 6.12297e-04 6.57772e-03
260  6600 -7.26161e+01 6.11142e-04 6.55887e-03
261  6754 -7.33157e+01 6.10171e-04 6.53870e-03
262  6911 -7.14404e+01 6.08686e-04 6.52230e-03
263  7073 -7.27145e+01 6.07790e-04 6.49342e-03
264  7238 -7.40160e+01 6.06074e-04 6.46175e-03
265  7407 -7.32327e+01 6.05863e-04 6.47130e-03
266  7580 -7.25539e+01 6.04743e-04 6.47316e-03
267  7757 -7.51252e+01 6.04393e-04 6.46035e-03
268  7938 -7.16279e+01 6.04303e-04 6.46593e-03
269  8124 -7.01403e+01 6.02343e-04 6.43251e-03
270  8313 -7.42886e+01 6.00715e-04 6.41118e-03
271  8507 -7.14765e+01 5.98961e-04 6.38653e-03
272  8706 -7.34679e+01 5.97852e-04 6.36710e-03
273  8909 -7.29196e+01 5.96492e-04 6.34402e-03
274  9118 -7.74029e+01 5.95515e-04 6.32876e-03
275  9330 -7.20933e+01 5.94479e-04 6.31954e-03
276  9548 -7.60840e+01 5.92909e-04 6.29767e-03
277  9771 -7.15992e+01 5.91153e-04 6.30105e-03
278 10000 -7.71711e+01 5.89202e-04 6.27578e-03
