i, epoch, loss, l2_err, h1_err
  0     1 -1.21549e+01 8.23569e-01 9.16530e-01
  1     2 -2.03976e+01 7.67856e-01 8.83280e-01
  2     3 -2.70494e+01 7.12091e-01 8.53318e-01
  3     4 -3.36175e+01 6.56527e-01 8.23509e-01
  4     5 -4.01119e+01 6.02788e-01 7.94543e-01
  5     6 -4.43904e+01 5.52289e-01 7.66857e-01
  6     7 -4.74488e+01 5.04771e-01 7.41908e-01
  7     8 -5.36388e+01 4.59828e-01 7.20212e-01
  8     9 -5.51568e+01 4.17438e-01 7.00658e-01
  9    10 -5.89683e+01 3.77720e-01 6.81770e-01
 10    11 -6.26430e+01 3.40501e-01 6.63402e-01
 11    12 -6.52141e+01 3.06169e-01 6.44935e-01
 12    13 -6.85472e+01 2.75109e-01 6.26423e-01
 13    14 -6.83007e+01 2.47867e-01 6.08883e-01
 14    15 -6.70853e+01 2.24722e-01 5.93267e-01
 15    16 -6.85162e+01 2.05583e-01 5.78229e-01
 16    17 -7.15635e+01 1.90340e-01 5.62843e-01
 17    18 -6.89998e+01 1.79329e-01 5.47176e-01
 18    19 -7.16702e+01 1.72517e-01 5.31095e-01
 19    20 -7.31965e+01 1.69162e-01 5.14669e-01
 20    21 -7.23063e+01 1.68094e-01 4.98425e-01
 21    22 -7.32846e+01 1.68543e-01 4.82756e-01
 22    23 -6.98871e+01 1.69481e-01 4.66943e-01
 23    24 -6.97898e+01 1.70465e-01 4.52107e-01
 24    25 -7.42745e+01 1.70772e-01 4.38163e-01
 25    26 -7.20629e+01 1.69945e-01 4.25504e-01
 26    27 -7.14461e+01 1.67781e-01 4.14297e-01
 27    28 -7.15952e+01 1.64398e-01 4.03815e-01
 28    29 -7.12363e+01 1.59623e-01 3.92879e-01
 29    30 -7.06160e+01 1.53656e-01 3.81710e-01
 30    31 -7.23022e+01 1.46719e-01 3.69950e-01
 31    32 -7.65814e+01 1.38920e-01 3.57135e-01
 32    33 -7.23614e+01 1.30062e-01 3.42890e-01
 33    34 -6.95973e+01 1.20319e-01 3.26940e-01
 34    35 -7.13925e+01 1.10102e-01 3.09991e-01
 35    36 -7.37638e+01 9.97143e-02 2.92839e-01
 36    37 -7.53361e+01 8.95432e-02 2.75893e-01
 37    38 -7.20444e+01 7.95579e-02 2.59078e-01
 38    39 -6.97414e+01 7.02683e-02 2.44060e-01
 39    40 -7.15806e+01 6.18784e-02 2.31886e-01
 40    41 -7.20719e+01 5.48400e-02 2.23013e-01
 41    42 -7.19142e+01 4.95500e-02 2.17170e-01
 42    43 -7.20722e+01 4.60653e-02 2.14551e-01
 43    44 -7.24371e+01 4.44756e-02 2.15003e-01
 44    45 -7.53115e+01 4.44460e-02 2.17447e-01
 45    46 -7.54556e+01 4.52929e-02 2.20438e-01
 46    47 -7.19559e+01 4.64925e-02 2.23150e-01
 47    48 -7.47936e+01 4.77987e-02 2.25356e-01
 48    49 -7.18606e+01 4.86253e-02 2.26321e-01
 49    50 -7.43917e+01 4.87564e-02 2.25290e-01
 50    51 -7.50149e+01 4.80023e-02 2.21896e-01
 51    53 -7.45457e+01 4.54201e-02 2.09864e-01
 52    54 -7.27665e+01 4.36770e-02 2.02057e-01
 53    55 -7.22238e+01 4.16556e-02 1.93885e-01
 54    56 -7.29556e+01 3.94603e-02 1.85901e-01
 55    58 -7.41955e+01 3.44056e-02 1.71943e-01
 56    59 -7.28564e+01 3.19514e-02 1.66397e-01
 57    60 -7.24705e+01 2.95846e-02 1.62012e-01
 58    62 -7.17847e+01 2.58465e-02 1.57614e-01
 59    63 -7.10031e+01 2.45672e-02 1.56673e-01
 60    65 -7.20319e+01 2.35717e-02 1.56812e-01
 61    66 -7.08887e+01 2.39249e-02 1.57425e-01
 62    68 -7.33789e+01 2.50832e-02 1.58215e-01
 63    69 -7.29017e+01 2.59511e-02 1.57929e-01
 64    71 -7.24949e+01 2.79164e-02 1.56656e-01
 65    73 -7.27906e+01 2.98126e-02 1.56082e-01
 66    74 -6.95861e+01 3.04818e-02 1.56164e-01
 67    76 -7.23676e+01 3.22441e-02 1.56858e-01
 68    78 -7.23790e+01 3.33931e-02 1.57139e-01
 69    80 -7.04831e+01 3.29926e-02 1.57071e-01
 70    82 -7.51871e+01 3.21719e-02 1.56652e-01
 71    84 -7.23515e+01 3.13014e-02 1.55042e-01
 72    86 -6.93960e+01 2.96756e-02 1.52819e-01
 73    88 -7.05385e+01 2.70265e-02 1.51149e-01
 74    90 -7.55047e+01 2.55778e-02 1.50694e-01
 75    92 -7.60586e+01 2.41790e-02 1.50299e-01
 76    94 -7.35670e+01 2.35814e-02 1.50530e-01
 77    96 -7.03269e+01 2.15604e-02 1.49161e-01
 78    98 -7.31560e+01 2.11780e-02 1.49313e-01
 79   101 -7.23967e+01 2.41774e-02 1.51040e-01
 80   103 -7.66264e+01 2.39405e-02 1.51136e-01
 81   105 -6.90505e+01 2.26340e-02 1.49787e-01
 82   108 -6.99355e+01 2.21046e-02 1.50305e-01
 83   110 -7.17291e+01 2.17461e-02 1.48998e-01
 84   113 -7.33461e+01 2.28503e-02 1.50151e-01
 85   116 -7.06034e+01 2.09234e-02 1.48673e-01
 86   118 -7.53569e+01 2.11126e-02 1.48946e-01
 87   121 -7.44775e+01 2.34287e-02 1.49228e-01
 88   124 -7.30273e+01 2.49625e-02 1.49755e-01
 89   127 -7.27798e+01 2.19755e-02 1.49351e-01
 90   130 -7.72929e+01 2.03785e-02 1.48097e-01
 91   133 -7.30928e+01 2.21177e-02 1.49709e-01
 92   136 -7.31825e+01 2.02691e-02 1.48220e-01
 93   139 -7.53129e+01 2.23844e-02 1.48432e-01
 94   143 -7.18598e+01 2.23821e-02 1.48982e-01
 95   146 -7.46214e+01 2.19089e-02 1.49038e-01
 96   149 -7.20562e+01 2.10528e-02 1.48696e-01
 97   153 -7.40101e+01 2.29833e-02 1.49580e-01
 98   156 -7.08480e+01 2.08113e-02 1.48188e-01
 99   160 -7.31957e+01 2.16230e-02 1.48440e-01
100   164 -7.23890e+01 2.16496e-02 1.48443e-01
101   168 -7.49134e+01 2.23906e-02 1.48944e-01
102   172 -7.27044e+01 2.29901e-02 1.49342e-01
103   176 -7.61946e+01 2.13462e-02 1.48640e-01
104   180 -7.11766e+01 2.39148e-02 1.50126e-01
105   184 -7.14003e+01 2.22123e-02 1.48740e-01
106   188 -7.36156e+01 2.11767e-02 1.48661e-01
107   193 -7.21417e+01 2.16575e-02 1.48868e-01
108   197 -7.46957e+01 2.12234e-02 1.48780e-01
109   202 -7.22887e+01 2.23975e-02 1.48903e-01
110   206 -7.03196e+01 2.53178e-02 1.50106e-01
111   211 -7.45667e+01 2.30989e-02 1.49905e-01
112   216 -7.40764e+01 2.22293e-02 1.50570e-01
113   221 -7.49627e+01 2.21507e-02 1.48975e-01
114   226 -7.17209e+01 2.27384e-02 1.50719e-01
115   232 -7.38053e+01 2.63902e-02 1.54751e-01
116   237 -7.31028e+01 2.23880e-02 1.50584e-01
117   243 -7.29188e+01 2.31231e-02 1.50577e-01
118   248 -7.22788e+01 2.21151e-02 1.50551e-01
119   254 -7.43377e+01 2.36771e-02 1.50203e-01
120   260 -7.40708e+01 2.11852e-02 1.48333e-01
121   266 -7.59323e+01 2.43152e-02 1.50303e-01
122   272 -7.42176e+01 2.20565e-02 1.49788e-01
123   279 -7.34168e+01 2.28657e-02 1.49421e-01
124   285 -7.37297e+01 2.18740e-02 1.49807e-01
125   292 -7.38576e+01 2.19138e-02 1.49144e-01
126   299 -7.22896e+01 2.22845e-02 1.48742e-01
127   306 -7.58827e+01 2.20509e-02 1.48877e-01
128   313 -7.66616e+01 2.15320e-02 1.48535e-01
129   320 -7.53177e+01 2.07665e-02 1.48078e-01
130   328 -7.28518e+01 2.44228e-02 1.50055e-01
131   335 -7.33608e+01 2.19862e-02 1.49517e-01
132   343 -7.51286e+01 2.32438e-02 1.49769e-01
133   351 -7.33576e+01 2.10140e-02 1.48690e-01
134   360 -7.67137e+01 2.34579e-02 1.50116e-01
135   368 -7.37911e+01 2.27077e-02 1.49254e-01
136   377 -7.26596e+01 2.17142e-02 1.48967e-01
137   385 -7.24810e+01 2.43817e-02 1.50641e-01
138   394 -7.40060e+01 2.19258e-02 1.49559e-01
139   404 -7.40534e+01 2.39044e-02 1.49562e-01
140   413 -7.36265e+01 2.18536e-02 1.48938e-01
141   423 -7.36104e+01 2.15403e-02 1.47980e-01
142   433 -6.92819e+01 2.18560e-02 1.48731e-01
143   443 -6.85185e+01 2.12285e-02 1.48486e-01
144   453 -7.37937e+01 2.23355e-02 1.49247e-01
145   464 -7.32532e+01 2.33315e-02 1.48894e-01
146   474 -7.32484e+01 2.27210e-02 1.49246e-01
147   486 -7.05351e+01 2.21370e-02 1.49068e-01
148   497 -7.48024e+01 2.13556e-02 1.48890e-01
149   509 -7.07809e+01 2.38121e-02 1.49525e-01
150   520 -7.32835e+01 2.17100e-02 1.48755e-01
151   533 -7.58179e+01 2.26369e-02 1.49028e-01
152   545 -7.26257e+01 2.32936e-02 1.50135e-01
153   558 -7.31787e+01 2.23408e-02 1.48667e-01
154   571 -7.18509e+01 2.11656e-02 1.48131e-01
155   584 -7.24393e+01 2.34159e-02 1.49583e-01
156   598 -7.62878e+01 2.13751e-02 1.48572e-01
157   612 -7.20194e+01 2.20905e-02 1.48640e-01
158   626 -7.37720e+01 2.19836e-02 1.48377e-01
159   641 -7.32403e+01 2.12092e-02 1.48290e-01
160   656 -7.45032e+01 2.10945e-02 1.48244e-01
161   671 -6.97273e+01 2.28335e-02 1.49218e-01
162   687 -7.56785e+01 2.16076e-02 1.48920e-01
163   703 -7.30585e+01 2.11450e-02 1.48165e-01
164   719 -7.55949e+01 2.23439e-02 1.48588e-01
165   736 -7.42174e+01 2.21851e-02 1.48342e-01
166   753 -7.26220e+01 2.23983e-02 1.48973e-01
167   771 -7.32761e+01 2.20638e-02 1.48747e-01
168   789 -7.28625e+01 2.21710e-02 1.48847e-01
169   807 -7.13265e+01 2.18509e-02 1.48298e-01
170   826 -7.19828e+01 2.20196e-02 1.48151e-01
171   845 -7.38654e+01 2.25415e-02 1.48282e-01
172   865 -6.85300e+01 2.10204e-02 1.47866e-01
173   885 -6.73851e+01 2.24115e-02 1.48641e-01
174   906 -7.42861e+01 2.17724e-02 1.48158e-01
175   927 -7.31296e+01 2.26582e-02 1.48407e-01
176   949 -7.48636e+01 2.20071e-02 1.48330e-01
177   971 -7.39905e+01 2.28418e-02 1.48827e-01
178   994 -7.70865e+01 2.18164e-02 1.48136e-01
179  1017 -7.21880e+01 2.26762e-02 1.48615e-01
180  1041 -7.32791e+01 2.12523e-02 1.47952e-01
181  1065 -7.44104e+01 2.16656e-02 1.47977e-01
182  1090 -7.28561e+01 2.24615e-02 1.48118e-01
183  1115 -7.21575e+01 2.08364e-02 1.48230e-01
184  1141 -7.23010e+01 2.20252e-02 1.48466e-01
185  1168 -7.25632e+01 2.12424e-02 1.48009e-01
186  1195 -7.13676e+01 2.17613e-02 1.48128e-01
187  1223 -7.25819e+01 2.11404e-02 1.48034e-01
188  1252 -7.33709e+01 2.18609e-02 1.47961e-01
189  1281 -7.45907e+01 2.16192e-02 1.47955e-01
190  1311 -7.56774e+01 2.16017e-02 1.48028e-01
191  1342 -7.29284e+01 2.19605e-02 1.48125e-01
192  1373 -7.35495e+01 2.20149e-02 1.48061e-01
193  1405 -7.19543e+01 2.24115e-02 1.48155e-01
194  1438 -7.09340e+01 2.21198e-02 1.48112e-01
195  1472 -7.47577e+01 2.18914e-02 1.48097e-01
196  1506 -7.57107e+01 2.14800e-02 1.47995e-01
197  1541 -7.21915e+01 2.16315e-02 1.47972e-01
198  1577 -7.02626e+01 2.17539e-02 1.48105e-01
199  1614 -6.99048e+01 2.18007e-02 1.47998e-01
200  1652 -7.27499e+01 2.10010e-02 1.47777e-01
201  1690 -7.49284e+01 2.14445e-02 1.47915e-01
202  1730 -6.98378e+01 2.21753e-02 1.48302e-01
203  1770 -7.48002e+01 2.16590e-02 1.47911e-01
204  1811 -7.27889e+01 2.17714e-02 1.48006e-01
205  1854 -7.50733e+01 2.15361e-02 1.47855e-01
206  1897 -7.32814e+01 2.14366e-02 1.47796e-01
207  1941 -7.51035e+01 2.11537e-02 1.47737e-01
208  1987 -7.55821e+01 2.15161e-02 1.47837e-01
209  2033 -7.09640e+01 2.15825e-02 1.47888e-01
210  2081 -7.14131e+01 2.14738e-02 1.47815e-01
211  2129 -7.07282e+01 2.15994e-02 1.47836e-01
212  2179 -7.27204e+01 2.15309e-02 1.47830e-01
213  2230 -7.06534e+01 2.16808e-02 1.47892e-01
214  2282 -7.33916e+01 2.17799e-02 1.47936e-01
215  2335 -7.51953e+01 2.17137e-02 1.47886e-01
216  2390 -7.17734e+01 2.18192e-02 1.47944e-01
217  2446 -7.17460e+01 2.17665e-02 1.47916e-01
218  2503 -7.49718e+01 2.16468e-02 1.47873e-01
219  2561 -7.17817e+01 2.15732e-02 1.47858e-01
220  2621 -7.12641e+01 2.16302e-02 1.47854e-01
221  2682 -7.23471e+01 2.16709e-02 1.47843e-01
222  2745 -7.33104e+01 2.16638e-02 1.47843e-01
223  2809 -7.15288e+01 2.16490e-02 1.47842e-01
224  2875 -7.42697e+01 2.15736e-02 1.47826e-01
225  2942 -7.44622e+01 2.16178e-02 1.47836e-01
226  3010 -7.33022e+01 2.16321e-02 1.47836e-01
227  3081 -7.32438e+01 2.16516e-02 1.47845e-01
228  3153 -7.50873e+01 2.16399e-02 1.47846e-01
229  3226 -7.56381e+01 2.16458e-02 1.47848e-01
230  3302 -7.79674e+01 2.16472e-02 1.47846e-01
231  3379 -7.66494e+01 2.16474e-02 1.47846e-01
232  3458 -7.77567e+01 2.16321e-02 1.47842e-01
233  3538 -7.05658e+01 2.16319e-02 1.47842e-01
234  3621 -7.34683e+01 2.16316e-02 1.47842e-01
235  3706 -7.40466e+01 2.16310e-02 1.47843e-01
236  3792 -7.50992e+01 2.16282e-02 1.47842e-01
237  3881 -7.25197e+01 2.16272e-02 1.47842e-01
238  3971 -7.43954e+01 2.16287e-02 1.47843e-01
239  4064 -7.19396e+01 2.16285e-02 1.47844e-01
240  4159 -7.41667e+01 2.16292e-02 1.47844e-01
241  4256 -7.30929e+01 2.16294e-02 1.47844e-01
242  4356 -7.01880e+01 2.16292e-02 1.47844e-01
243  4457 -7.40308e+01 2.16304e-02 1.47845e-01
244  4561 -7.24886e+01 2.16295e-02 1.47844e-01
245  4668 -7.28461e+01 2.16290e-02 1.47844e-01
246  4777 -7.42648e+01 2.16287e-02 1.47844e-01
247  4889 -7.48978e+01 2.16286e-02 1.47844e-01
248  5003 -7.13635e+01 2.16286e-02 1.47844e-01
249  5120 -7.56110e+01 2.16270e-02 1.47844e-01
250  5239 -6.81780e+01 2.16259e-02 1.47843e-01
251  5361 -7.30196e+01 2.16238e-02 1.47842e-01
252  5487 -7.23537e+01 2.16262e-02 1.47844e-01
253  5615 -7.54075e+01 2.16242e-02 1.47843e-01
254  5746 -7.42214e+01 2.16222e-02 1.47843e-01
255  5880 -7.48833e+01 2.16231e-02 1.47843e-01
256  6017 -6.98074e+01 2.16242e-02 1.47843e-01
257  6158 -7.27778e+01 2.16236e-02 1.47844e-01
258  6302 -7.60011e+01 2.16237e-02 1.47843e-01
259  6449 -7.27318e+01 2.16255e-02 1.47844e-01
260  6600 -7.55477e+01 2.16279e-02 1.47845e-01
261  6754 -7.33732e+01 2.16244e-02 1.47844e-01
262  6911 -7.41022e+01 2.16253e-02 1.47845e-01
263  7073 -7.55179e+01 2.16254e-02 1.47846e-01
264  7238 -7.09139e+01 2.16267e-02 1.47847e-01
265  7407 -7.16129e+01 2.16298e-02 1.47848e-01
266  7580 -7.42161e+01 2.16284e-02 1.47848e-01
267  7757 -7.26288e+01 2.16272e-02 1.47848e-01
268  7938 -7.44663e+01 2.16259e-02 1.47847e-01
269  8124 -7.79212e+01 2.16212e-02 1.47843e-01
270  8313 -7.24404e+01 2.16231e-02 1.47844e-01
271  8507 -7.40499e+01 2.16229e-02 1.47844e-01
272  8706 -7.61167e+01 2.16241e-02 1.47845e-01
273  8909 -7.32353e+01 2.16240e-02 1.47844e-01
274  9118 -7.25491e+01 2.16228e-02 1.47844e-01
275  9330 -7.71142e+01 2.16267e-02 1.47845e-01
276  9548 -7.65359e+01 2.16256e-02 1.47844e-01
277  9771 -7.21542e+01 2.16281e-02 1.47846e-01
278 10000 -7.58676e+01 2.16218e-02 1.47843e-01
