i, epoch, loss, l2_err, h1_err
  0     1 -5.17372e+00 9.63584e-01 1.36514e+00
  1     2 -1.38394e+01 9.40825e-01 1.34430e+00
  2     3 -2.25257e+01 9.18502e-01 1.38644e+00
  3     4 -2.84521e+01 8.96137e-01 1.42065e+00
  4     5 -3.41894e+01 8.73872e-01 1.43251e+00
  5     6 -4.12397e+01 8.51514e-01 1.42803e+00
  6     7 -4.65533e+01 8.29009e-01 1.41730e+00
  7     8 -5.02992e+01 8.06235e-01 1.40697e+00
  8     9 -5.48990e+01 7.83056e-01 1.39614e+00
  9    10 -5.50222e+01 7.59708e-01 1.38294e+00
 10    11 -6.09160e+01 7.36361e-01 1.36656e+00
 11    12 -6.25314e+01 7.13194e-01 1.34536e+00
 12    13 -6.36708e+01 6.90175e-01 1.31971e+00
 13    14 -6.47727e+01 6.67158e-01 1.28819e+00
 14    15 -6.49595e+01 6.44267e-01 1.25253e+00
 15    16 -6.85548e+01 6.21460e-01 1.21469e+00
 16    17 -6.92411e+01 5.98940e-01 1.17769e+00
 17    18 -6.78373e+01 5.76627e-01 1.14254e+00
 18    19 -7.04823e+01 5.54615e-01 1.10999e+00
 19    20 -6.79872e+01 5.33025e-01 1.07987e+00
 20    21 -7.27977e+01 5.11720e-01 1.05078e+00
 21    22 -7.22592e+01 4.90736e-01 1.01996e+00
 22    23 -6.91836e+01 4.69913e-01 9.85910e-01
 23    24 -6.97383e+01 4.49405e-01 9.49216e-01
 24    25 -7.31541e+01 4.29142e-01 9.10403e-01
 25    26 -7.03613e+01 4.09373e-01 8.71874e-01
 26    27 -7.23681e+01 3.89941e-01 8.34481e-01
 27    28 -7.46248e+01 3.71133e-01 7.97051e-01
 28    29 -7.31409e+01 3.52776e-01 7.60341e-01
 29    30 -7.22127e+01 3.35081e-01 7.25667e-01
 30    31 -7.00486e+01 3.18270e-01 6.92937e-01
 31    32 -6.97916e+01 3.02206e-01 6.61662e-01
 32    33 -7.30565e+01 2.86867e-01 6.30255e-01
 33    34 -7.25038e+01 2.71991e-01 5.97966e-01
 34    35 -6.89652e+01 2.57835e-01 5.65749e-01
 35    36 -7.30862e+01 2.44223e-01 5.34714e-01
 36    37 -7.21949e+01 2.31236e-01 5.04439e-01
 37    38 -7.39482e+01 2.18892e-01 4.75765e-01
 38    39 -7.52428e+01 2.07117e-01 4.50136e-01
 39    40 -6.90203e+01 1.95837e-01 4.28684e-01
 40    41 -7.04049e+01 1.85086e-01 4.08700e-01
 41    42 -7.28950e+01 1.74759e-01 3.85669e-01
 42    43 -7.22096e+01 1.64893e-01 3.62473e-01
 43    44 -7.42231e+01 1.55413e-01 3.43843e-01
 44    45 -7.37178e+01 1.46274e-01 3.30815e-01
 45    46 -7.20914e+01 1.37376e-01 3.20289e-01
 46    47 -7.23576e+01 1.28869e-01 3.07584e-01
 47    48 -7.26500e+01 1.20598e-01 2.93487e-01
 48    49 -7.36412e+01 1.12674e-01 2.80924e-01
 49    50 -7.22935e+01 1.05085e-01 2.72897e-01
 50    51 -7.44116e+01 9.75965e-02 2.66318e-01
 51    53 -7.43516e+01 8.35720e-02 2.47588e-01
 52    54 -7.40949e+01 7.70313e-02 2.38140e-01
 53    55 -7.49339e+01 7.06185e-02 2.31977e-01
 54    56 -7.30269e+01 6.42843e-02 2.24854e-01
 55    58 -7.26586e+01 5.22381e-02 2.10402e-01
 56    59 -7.14647e+01 4.68359e-02 2.07129e-01
 57    60 -7.03582e+01 4.19896e-02 2.03062e-01
 58    62 -7.39839e+01 3.38301e-02 1.84810e-01
 59    63 -7.35287e+01 3.03085e-02 1.78360e-01
 60    65 -7.26029e+01 2.44303e-02 1.70868e-01
 61    66 -7.59808e+01 2.21844e-02 1.63770e-01
 62    68 -7.27386e+01 1.94488e-02 1.62113e-01
 63    69 -6.96160e+01 1.92096e-02 1.63891e-01
 64    71 -7.35373e+01 2.08515e-02 1.65009e-01
 65    73 -7.61849e+01 2.22628e-02 1.55688e-01
 66    74 -7.69461e+01 2.27208e-02 1.52779e-01
 67    76 -7.38634e+01 2.36243e-02 1.54612e-01
 68    78 -7.40315e+01 2.41292e-02 1.55819e-01
 69    80 -7.06281e+01 2.49546e-02 1.46187e-01
 70    82 -7.14374e+01 2.55678e-02 1.44474e-01
 71    84 -7.04303e+01 2.48204e-02 1.52566e-01
 72    86 -7.32371e+01 2.29838e-02 1.49495e-01
 73    88 -7.16420e+01 2.14583e-02 1.44276e-01
 74    90 -7.39360e+01 1.99082e-02 1.38983e-01
 75    92 -7.30871e+01 1.81586e-02 1.33456e-01
 76    94 -6.96387e+01 1.68323e-02 1.42821e-01
 77    96 -7.42324e+01 1.49796e-02 1.38108e-01
 78    98 -7.32412e+01 1.37456e-02 1.44296e-01
 79   101 -7.24970e+01 1.26226e-02 1.43436e-01
 80   103 -7.49513e+01 1.14606e-02 1.32886e-01
 81   105 -7.20482e+01 1.17263e-02 1.46628e-01
 82   108 -7.87821e+01 1.04741e-02 1.40428e-01
 83   110 -7.27928e+01 1.02692e-02 1.42948e-01
 84   113 -7.35876e+01 1.02338e-02 1.41007e-01
 85   116 -7.54989e+01 1.05920e-02 1.45393e-01
 86   118 -7.22803e+01 1.06534e-02 1.39899e-01
 87   121 -7.37945e+01 1.06645e-02 1.50883e-01
 88   124 -7.15563e+01 1.03057e-02 1.39616e-01
 89   127 -7.20073e+01 1.06354e-02 1.43903e-01
 90   130 -7.00512e+01 1.07567e-02 1.42277e-01
 91   133 -7.46552e+01 1.04132e-02 1.44948e-01
 92   136 -7.18021e+01 1.10961e-02 1.46347e-01
 93   139 -7.17185e+01 1.18881e-02 1.55974e-01
 94   143 -7.15154e+01 1.03406e-02 1.40558e-01
 95   146 -7.48424e+01 1.17076e-02 1.56741e-01
 96   149 -7.15234e+01 1.08973e-02 1.49918e-01
 97   153 -7.37204e+01 1.01328e-02 1.43575e-01
 98   156 -6.90357e+01 1.15913e-02 1.64985e-01
 99   160 -7.09956e+01 1.09914e-02 1.50678e-01
100   164 -7.38737e+01 1.01999e-02 1.53368e-01
101   168 -7.49623e+01 1.02864e-02 1.52864e-01
102   172 -7.33392e+01 1.12215e-02 1.59367e-01
103   176 -7.15953e+01 1.17394e-02 1.69960e-01
104   180 -7.30544e+01 1.02594e-02 1.45382e-01
105   184 -7.52339e+01 1.22564e-02 1.65669e-01
106   188 -7.16477e+01 9.73672e-03 1.42442e-01
107   193 -7.38405e+01 1.13003e-02 1.57393e-01
108   197 -7.04710e+01 1.12873e-02 1.58418e-01
109   202 -7.56697e+01 1.15327e-02 1.60277e-01
110   206 -7.35949e+01 1.18161e-02 1.59420e-01
111   211 -7.21619e+01 1.09651e-02 1.52832e-01
112   216 -7.03238e+01 1.02896e-02 1.46146e-01
113   221 -7.26785e+01 1.05099e-02 1.44350e-01
114   226 -7.36690e+01 1.13746e-02 1.52151e-01
115   232 -7.58436e+01 1.11776e-02 1.64221e-01
116   237 -7.32602e+01 1.20096e-02 1.69711e-01
117   243 -7.29276e+01 1.15711e-02 1.61837e-01
118   248 -7.31455e+01 1.06664e-02 1.53390e-01
119   254 -7.34953e+01 1.10933e-02 1.73401e-01
120   260 -7.28595e+01 1.09433e-02 1.64593e-01
121   266 -7.21818e+01 1.18184e-02 1.67237e-01
122   272 -7.49730e+01 1.09510e-02 1.58268e-01
123   279 -7.49667e+01 1.16351e-02 1.60971e-01
124   285 -7.24291e+01 1.15485e-02 1.61846e-01
125   292 -6.93119e+01 1.11870e-02 1.58233e-01
126   299 -7.45719e+01 1.14808e-02 1.64795e-01
127   306 -7.35330e+01 1.11577e-02 1.66535e-01
128   313 -7.18127e+01 1.06385e-02 1.54625e-01
129   320 -7.65351e+01 1.08847e-02 1.53939e-01
130   328 -6.97048e+01 1.15977e-02 1.60602e-01
131   335 -7.05481e+01 1.15835e-02 1.63717e-01
132   343 -7.49971e+01 1.17911e-02 1.61066e-01
133   351 -7.40773e+01 1.13013e-02 1.59113e-01
134   360 -7.55337e+01 1.32696e-02 1.79271e-01
135   368 -7.30476e+01 1.21208e-02 1.59957e-01
136   377 -7.02227e+01 1.14206e-02 1.63597e-01
137   385 -7.40246e+01 1.08594e-02 1.67295e-01
138   394 -7.40114e+01 1.20293e-02 1.71106e-01
139   404 -7.10028e+01 1.15119e-02 1.57305e-01
140   413 -7.34459e+01 1.06690e-02 1.57688e-01
141   423 -7.27281e+01 1.19068e-02 1.60335e-01
142   433 -7.58926e+01 1.09543e-02 1.58944e-01
143   443 -7.38400e+01 1.11822e-02 1.62582e-01
144   453 -7.11367e+01 1.20520e-02 1.69232e-01
145   464 -7.58499e+01 1.15152e-02 1.64361e-01
146   474 -7.53475e+01 1.24052e-02 1.63538e-01
147   486 -6.99044e+01 1.18677e-02 1.54902e-01
148   497 -7.13860e+01 1.28834e-02 1.67765e-01
149   509 -7.15199e+01 1.16840e-02 1.56919e-01
150   520 -7.22117e+01 1.21579e-02 1.60110e-01
151   533 -7.20848e+01 1.16165e-02 1.61518e-01
152   545 -7.30599e+01 1.20376e-02 1.60418e-01
153   558 -7.78002e+01 1.14835e-02 1.49509e-01
154   571 -7.31183e+01 1.03704e-02 1.45936e-01
155   584 -7.15709e+01 1.11856e-02 1.61892e-01
156   598 -7.30802e+01 1.16497e-02 1.61233e-01
157   612 -7.39724e+01 1.26836e-02 1.74753e-01
158   626 -7.10059e+01 1.38679e-02 1.85463e-01
159   641 -7.41011e+01 9.81456e-03 1.27909e-01
160   656 -7.54276e+01 8.93503e-03 1.28645e-01
161   671 -7.45999e+01 8.42936e-03 1.29873e-01
162   687 -6.85567e+01 8.61723e-03 1.20426e-01
163   703 -7.38485e+01 8.52992e-03 1.21777e-01
164   719 -7.60468e+01 8.72588e-03 1.17946e-01
165   736 -7.10866e+01 8.71180e-03 1.20496e-01
166   753 -6.74945e+01 8.26808e-03 1.20154e-01
167   771 -7.64554e+01 9.29803e-03 1.29003e-01
168   789 -7.30823e+01 8.64477e-03 1.18486e-01
169   807 -7.52150e+01 8.30922e-03 1.20269e-01
170   826 -7.49556e+01 7.98382e-03 1.11660e-01
171   845 -7.61135e+01 8.90019e-03 1.23660e-01
172   865 -7.45989e+01 6.65906e-03 9.43019e-02
173   885 -7.47082e+01 6.45772e-03 9.28982e-02
174   906 -7.68070e+01 6.20802e-03 8.90742e-02
175   927 -7.59032e+01 6.26960e-03 8.93414e-02
176   949 -7.39967e+01 6.24469e-03 8.59663e-02
177   971 -7.28092e+01 6.48142e-03 9.30733e-02
178   994 -7.14802e+01 6.56961e-03 9.14702e-02
179  1017 -6.99021e+01 6.33271e-03 9.09495e-02
180  1041 -7.38644e+01 6.36100e-03 8.95235e-02
181  1065 -7.55816e+01 6.00109e-03 9.01102e-02
182  1090 -7.50237e+01 6.63976e-03 9.76014e-02
183  1115 -7.15053e+01 6.77523e-03 9.92231e-02
184  1141 -7.34172e+01 5.79525e-03 8.99020e-02
185  1168 -7.16268e+01 6.59175e-03 9.28357e-02
186  1195 -7.70078e+01 6.00709e-03 8.92663e-02
187  1223 -7.72992e+01 6.20418e-03 8.91470e-02
188  1252 -7.38605e+01 4.36113e-03 7.23607e-02
189  1281 -7.46182e+01 4.64617e-03 7.16410e-02
190  1311 -7.24618e+01 5.09997e-03 7.93188e-02
191  1342 -7.16808e+01 4.76553e-03 7.10959e-02
192  1373 -7.33027e+01 4.71538e-03 7.22358e-02
193  1405 -7.09514e+01 4.51578e-03 6.94517e-02
194  1438 -7.51938e+01 3.63172e-03 5.95954e-02
195  1472 -7.01515e+01 3.29121e-03 5.58920e-02
196  1506 -7.70898e+01 3.49117e-03 6.02349e-02
197  1541 -7.82344e+01 3.37409e-03 5.63491e-02
198  1577 -7.27449e+01 3.60807e-03 5.99404e-02
199  1614 -7.38094e+01 3.24071e-03 5.62216e-02
200  1652 -7.34973e+01 2.50845e-03 4.88840e-02
201  1690 -7.01282e+01 2.54967e-03 4.79334e-02
202  1730 -7.17987e+01 2.50739e-03 4.95700e-02
203  1770 -8.06906e+01 2.53830e-03 4.79165e-02
204  1811 -7.64786e+01 2.53956e-03 4.80834e-02
205  1854 -6.99950e+01 2.61338e-03 4.86891e-02
206  1897 -7.48841e+01 2.68333e-03 5.04833e-02
207  1941 -7.19465e+01 2.58433e-03 4.92098e-02
208  1987 -7.35355e+01 1.99482e-03 4.46276e-02
209  2033 -7.30466e+01 1.92262e-03 4.44116e-02
210  2081 -7.27693e+01 1.93335e-03 4.36377e-02
211  2129 -7.57363e+01 1.80769e-03 4.35468e-02
212  2179 -7.44491e+01 1.98670e-03 4.33902e-02
213  2230 -7.23308e+01 1.63729e-03 4.11017e-02
214  2282 -7.33772e+01 1.58757e-03 4.11991e-02
215  2335 -7.53707e+01 1.46602e-03 4.02142e-02
216  2390 -7.34396e+01 1.43338e-03 4.09563e-02
217  2446 -7.24063e+01 1.28998e-03 3.94529e-02
218  2503 -7.06542e+01 1.31587e-03 3.96733e-02
219  2561 -7.14930e+01 1.29332e-03 3.96040e-02
220  2621 -7.18546e+01 1.12567e-03 3.84920e-02
221  2682 -7.43695e+01 1.04867e-03 3.82099e-02
222  2745 -7.46107e+01 1.02400e-03 3.80491e-02
223  2809 -7.28500e+01 1.02026e-03 3.79246e-02
224  2875 -7.34726e+01 9.84357e-04 3.75561e-02
225  2942 -7.61392e+01 9.71264e-04 3.75518e-02
226  3010 -7.67662e+01 9.48472e-04 3.74909e-02
227  3081 -7.26518e+01 9.28862e-04 3.73334e-02
228  3153 -7.36935e+01 9.17972e-04 3.73150e-02
229  3226 -7.22439e+01 9.07284e-04 3.73102e-02
230  3302 -7.47994e+01 8.97634e-04 3.73005e-02
231  3379 -6.92982e+01 8.80535e-04 3.72422e-02
232  3458 -7.07973e+01 8.74464e-04 3.72326e-02
233  3538 -7.34013e+01 8.69221e-04 3.71981e-02
234  3621 -7.36805e+01 8.64190e-04 3.71889e-02
235  3706 -7.22130e+01 8.61488e-04 3.71877e-02
236  3792 -7.02938e+01 8.58685e-04 3.71756e-02
237  3881 -7.05290e+01 8.57213e-04 3.71741e-02
238  3971 -7.02929e+01 8.55335e-04 3.71729e-02
239  4064 -7.51535e+01 8.54442e-04 3.71664e-02
240  4159 -7.44591e+01 8.52981e-04 3.71610e-02
241  4256 -6.92417e+01 8.52654e-04 3.71583e-02
242  4356 -7.51243e+01 8.51921e-04 3.71556e-02
243  4457 -7.36585e+01 8.51064e-04 3.71507e-02
244  4561 -7.47953e+01 8.50057e-04 3.71479e-02
245  4668 -7.16529e+01 8.49946e-04 3.71457e-02
246  4777 -6.84718e+01 8.49075e-04 3.71424e-02
247  4889 -7.14902e+01 8.47776e-04 3.71370e-02
248  5003 -7.08689e+01 8.46918e-04 3.71380e-02
249  5120 -7.39491e+01 8.46228e-04 3.71373e-02
250  5239 -7.49706e+01 8.44903e-04 3.71301e-02
251  5361 -7.53539e+01 8.43668e-04 3.71294e-02
252  5487 -7.13683e+01 8.42458e-04 3.71277e-02
253  5615 -7.24797e+01 8.41533e-04 3.71245e-02
254  5746 -7.25139e+01 8.41135e-04 3.71282e-02
255  5880 -7.29572e+01 8.40060e-04 3.71274e-02
256  6017 -7.36956e+01 8.38610e-04 3.71185e-02
257  6158 -8.05967e+01 8.37856e-04 3.71166e-02
258  6302 -7.34751e+01 8.36334e-04 3.71123e-02
259  6449 -7.75110e+01 8.35751e-04 3.71084e-02
260  6600 -7.46074e+01 8.35166e-04 3.71094e-02
261  6754 -7.61478e+01 8.34489e-04 3.71057e-02
262  6911 -7.67230e+01 8.33218e-04 3.71007e-02
263  7073 -7.54186e+01 8.32398e-04 3.70994e-02
264  7238 -7.33005e+01 8.30724e-04 3.70912e-02
265  7407 -7.09226e+01 8.29344e-04 3.70839e-02
266  7580 -7.58422e+01 8.28438e-04 3.70812e-02
267  7757 -7.25241e+01 8.27785e-04 3.70766e-02
268  7938 -7.26359e+01 8.26323e-04 3.70725e-02
269  8124 -7.18370e+01 8.25407e-04 3.70669e-02
270  8313 -7.45344e+01 8.24420e-04 3.70616e-02
271  8507 -7.51808e+01 8.23345e-04 3.70635e-02
272  8706 -7.28568e+01 8.22003e-04 3.70628e-02
273  8909 -7.15200e+01 8.21579e-04 3.70622e-02
274  9118 -7.52248e+01 8.20883e-04 3.70612e-02
275  9330 -7.17904e+01 8.20157e-04 3.70509e-02
276  9548 -7.25608e+01 8.19360e-04 3.70498e-02
277  9771 -7.45026e+01 8.18791e-04 3.70531e-02
278 10000 -7.81647e+01 8.17874e-04 3.70511e-02
