i, epoch, loss, l2_err, h1_err
  0     1 -9.25501e+00 8.72200e-01 9.56905e-01
  1     2 -1.85796e+01 8.08804e-01 9.18883e-01
  2     3 -2.44074e+01 7.48885e-01 8.85215e-01
  3     4 -3.25908e+01 6.92848e-01 8.58353e-01
  4     5 -3.85853e+01 6.41259e-01 8.39532e-01
  5     6 -4.26811e+01 5.93912e-01 8.30103e-01
  6     7 -4.77579e+01 5.51369e-01 8.29355e-01
  7     8 -5.36071e+01 5.14674e-01 8.33710e-01
  8     9 -5.58681e+01 4.83593e-01 8.40410e-01
  9    10 -6.17677e+01 4.57957e-01 8.47060e-01
 10    11 -6.17631e+01 4.37563e-01 8.50092e-01
 11    12 -6.36138e+01 4.21575e-01 8.49147e-01
 12    13 -6.60628e+01 4.08977e-01 8.42612e-01
 13    14 -6.61437e+01 3.98677e-01 8.31186e-01
 14    15 -6.70537e+01 3.89676e-01 8.14754e-01
 15    16 -6.96767e+01 3.81238e-01 7.93958e-01
 16    17 -7.02900e+01 3.72900e-01 7.69144e-01
 17    18 -6.80758e+01 3.64519e-01 7.41330e-01
 18    19 -7.06614e+01 3.55461e-01 7.11774e-01
 19    20 -7.33741e+01 3.45674e-01 6.81342e-01
 20    21 -7.12039e+01 3.35130e-01 6.50912e-01
 21    22 -7.28189e+01 3.24110e-01 6.21081e-01
 22    23 -6.88817e+01 3.12410e-01 5.92908e-01
 23    24 -6.83784e+01 3.00733e-01 5.66074e-01
 24    25 -6.96418e+01 2.88776e-01 5.41321e-01
 25    26 -7.39082e+01 2.76329e-01 5.19294e-01
 26    27 -7.23553e+01 2.63924e-01 4.99664e-01
 27    28 -6.76609e+01 2.51831e-01 4.82250e-01
 28    29 -7.13688e+01 2.39508e-01 4.67205e-01
 29    30 -7.27637e+01 2.27236e-01 4.53762e-01
 30    31 -7.10822e+01 2.15007e-01 4.41705e-01
 31    32 -7.37992e+01 2.02710e-01 4.29678e-01
 32    33 -7.12184e+01 1.90818e-01 4.17894e-01
 33    34 -7.57073e+01 1.79086e-01 4.05598e-01
 34    35 -7.52274e+01 1.67720e-01 3.92531e-01
 35    36 -7.44339e+01 1.56261e-01 3.78558e-01
 36    37 -7.66998e+01 1.44823e-01 3.63766e-01
 37    38 -7.15981e+01 1.33328e-01 3.48290e-01
 38    39 -7.17574e+01 1.22389e-01 3.32971e-01
 39    40 -7.50144e+01 1.12187e-01 3.18029e-01
 40    41 -7.31947e+01 1.03173e-01 3.04481e-01
 41    42 -7.55756e+01 9.56005e-02 2.92737e-01
 42    43 -7.07640e+01 8.98929e-02 2.83334e-01
 43    44 -7.29022e+01 8.65983e-02 2.77032e-01
 44    45 -7.02247e+01 8.51127e-02 2.73318e-01
 45    46 -7.12873e+01 8.53992e-02 2.72010e-01
 46    47 -6.98083e+01 8.70575e-02 2.73209e-01
 47    48 -7.13791e+01 8.94063e-02 2.76059e-01
 48    49 -7.05364e+01 9.19712e-02 2.79764e-01
 49    50 -7.18349e+01 9.42035e-02 2.83764e-01
 50    51 -7.49564e+01 9.59173e-02 2.87801e-01
 51    53 -7.53918e+01 9.62742e-02 2.92166e-01
 52    54 -7.33509e+01 9.46306e-02 2.91530e-01
 53    55 -7.34166e+01 9.20161e-02 2.89626e-01
 54    56 -7.26492e+01 8.86428e-02 2.86833e-01
 55    58 -7.26967e+01 8.01681e-02 2.78214e-01
 56    59 -7.66799e+01 7.55757e-02 2.73139e-01
 57    60 -7.34886e+01 7.11526e-02 2.67854e-01
 58    62 -7.43128e+01 6.37080e-02 2.57935e-01
 59    63 -7.56058e+01 6.09951e-02 2.53765e-01
 60    65 -7.21267e+01 5.84805e-02 2.48011e-01
 61    66 -7.49238e+01 5.84268e-02 2.46385e-01
 62    68 -7.38433e+01 5.90772e-02 2.44984e-01
 63    69 -7.17400e+01 6.00281e-02 2.45001e-01
 64    71 -7.32641e+01 6.23172e-02 2.45654e-01
 65    73 -7.24360e+01 6.42372e-02 2.45872e-01
 66    74 -7.32135e+01 6.38676e-02 2.45638e-01
 67    76 -7.13965e+01 6.26366e-02 2.44826e-01
 68    78 -7.36609e+01 6.25002e-02 2.43659e-01
 69    80 -7.16763e+01 6.20541e-02 2.42908e-01
 70    82 -6.97021e+01 6.18080e-02 2.42497e-01
 71    84 -7.28731e+01 6.17506e-02 2.42341e-01
 72    86 -7.24063e+01 6.32435e-02 2.42937e-01
 73    88 -7.85483e+01 6.38350e-02 2.43575e-01
 74    90 -7.50623e+01 6.34642e-02 2.43962e-01
 75    92 -7.48013e+01 6.45505e-02 2.44338e-01
 76    94 -7.41472e+01 6.51867e-02 2.44071e-01
 77    96 -7.20707e+01 6.33484e-02 2.42754e-01
 78    98 -7.40558e+01 6.21138e-02 2.41853e-01
 79   101 -7.49582e+01 6.21984e-02 2.41450e-01
 80   103 -7.32006e+01 6.06658e-02 2.40931e-01
 81   105 -7.50738e+01 6.00387e-02 2.40638e-01
 82   108 -7.25750e+01 5.95990e-02 2.40350e-01
 83   110 -7.43798e+01 5.88469e-02 2.40224e-01
 84   113 -7.50924e+01 5.80174e-02 2.40029e-01
 85   116 -7.26631e+01 5.96348e-02 2.40501e-01
 86   118 -7.30306e+01 5.87367e-02 2.40221e-01
 87   121 -7.33002e+01 5.87909e-02 2.40243e-01
 88   124 -7.07007e+01 5.93111e-02 2.40583e-01
 89   127 -7.33910e+01 5.78336e-02 2.40332e-01
 90   130 -7.44014e+01 5.83199e-02 2.40333e-01
 91   133 -7.62281e+01 5.92844e-02 2.40305e-01
 92   136 -7.32849e+01 5.90076e-02 2.40259e-01
 93   139 -7.16099e+01 5.97482e-02 2.40687e-01
 94   143 -7.26185e+01 5.93507e-02 2.40346e-01
 95   146 -7.10897e+01 6.02460e-02 2.40498e-01
 96   149 -7.00715e+01 5.91942e-02 2.40418e-01
 97   153 -7.24930e+01 5.91902e-02 2.40370e-01
 98   156 -7.36275e+01 6.06283e-02 2.40645e-01
 99   160 -7.27905e+01 5.95190e-02 2.40675e-01
100   164 -7.58983e+01 5.91059e-02 2.40187e-01
101   168 -7.14749e+01 6.07987e-02 2.40694e-01
102   172 -6.95154e+01 5.93539e-02 2.40382e-01
103   176 -7.89480e+01 5.92441e-02 2.40265e-01
104   180 -7.05944e+01 5.94670e-02 2.40855e-01
105   184 -7.16271e+01 5.87535e-02 2.40374e-01
106   188 -7.46312e+01 5.75818e-02 2.40342e-01
107   193 -7.40388e+01 5.90322e-02 2.40194e-01
108   197 -7.44515e+01 5.90851e-02 2.40551e-01
109   202 -6.94003e+01 5.90483e-02 2.40201e-01
110   206 -7.08855e+01 5.86109e-02 2.40530e-01
111   211 -7.38455e+01 5.94055e-02 2.40497e-01
112   216 -7.32620e+01 6.05781e-02 2.41170e-01
113   221 -7.14477e+01 5.97504e-02 2.40743e-01
114   226 -7.66500e+01 5.91126e-02 2.40582e-01
115   232 -7.16492e+01 5.99623e-02 2.40553e-01
116   237 -7.28339e+01 6.14486e-02 2.41338e-01
117   243 -7.26283e+01 6.14952e-02 2.41279e-01
118   248 -7.45042e+01 6.01468e-02 2.40765e-01
119   254 -7.01423e+01 5.91821e-02 2.40234e-01
120   260 -7.38258e+01 5.85654e-02 2.40206e-01
121   266 -7.57657e+01 5.86166e-02 2.40458e-01
122   272 -7.54413e+01 5.87138e-02 2.40534e-01
123   279 -7.36549e+01 5.90375e-02 2.40773e-01
124   285 -7.19326e+01 5.89724e-02 2.40699e-01
125   292 -7.68696e+01 5.78182e-02 2.40093e-01
126   299 -7.19727e+01 5.94215e-02 2.40469e-01
127   306 -7.25880e+01 5.84559e-02 2.40517e-01
128   313 -7.28015e+01 5.92521e-02 2.40455e-01
129   320 -7.32201e+01 5.87917e-02 2.40251e-01
130   328 -7.21824e+01 5.75146e-02 2.40225e-01
131   335 -7.70374e+01 5.74193e-02 2.40112e-01
132   343 -7.42124e+01 5.84830e-02 2.40356e-01
133   351 -7.11426e+01 5.87905e-02 2.40265e-01
134   360 -7.32081e+01 5.88023e-02 2.40133e-01
135   368 -7.52570e+01 6.00342e-02 2.40783e-01
136   377 -7.56065e+01 5.97041e-02 2.40657e-01
137   385 -7.27206e+01 5.99231e-02 2.40482e-01
138   394 -7.14909e+01 6.03694e-02 2.40624e-01
139   404 -7.53896e+01 5.91435e-02 2.40604e-01
140   413 -7.24299e+01 5.92500e-02 2.40467e-01
141   423 -7.17001e+01 5.90109e-02 2.40169e-01
142   433 -7.22028e+01 5.95526e-02 2.40350e-01
143   443 -7.31071e+01 5.94366e-02 2.40797e-01
144   453 -7.22317e+01 6.02449e-02 2.40569e-01
145   464 -7.21743e+01 6.07233e-02 2.40633e-01
146   474 -7.15374e+01 5.99708e-02 2.40582e-01
147   486 -7.02052e+01 5.90024e-02 2.40416e-01
148   497 -7.06153e+01 6.06795e-02 2.40778e-01
149   509 -7.25304e+01 5.95463e-02 2.40378e-01
150   520 -7.69683e+01 5.98276e-02 2.40696e-01
151   533 -7.62788e+01 5.96860e-02 2.40479e-01
152   545 -7.38433e+01 5.92431e-02 2.40494e-01
153   558 -7.69125e+01 5.89762e-02 2.40321e-01
154   571 -7.32950e+01 5.93589e-02 2.40568e-01
155   584 -7.26977e+01 5.96870e-02 2.40540e-01
156   598 -7.70549e+01 5.94035e-02 2.40536e-01
157   612 -7.28214e+01 5.92969e-02 2.40432e-01
158   626 -7.64264e+01 5.93177e-02 2.40547e-01
159   641 -7.37022e+01 5.95864e-02 2.40363e-01
160   656 -7.10815e+01 5.86685e-02 2.40101e-01
161   671 -7.15833e+01 5.89078e-02 2.40387e-01
162   687 -7.23097e+01 5.86976e-02 2.40308e-01
163   703 -7.50896e+01 6.00153e-02 2.40734e-01
164   719 -7.19782e+01 5.95554e-02 2.40579e-01
165   736 -7.19365e+01 5.94280e-02 2.40497e-01
166   753 -7.53213e+01 5.86752e-02 2.40209e-01
167   771 -7.26956e+01 5.87647e-02 2.40261e-01
168   789 -7.34095e+01 6.04372e-02 2.40809e-01
169   807 -7.63716e+01 5.99979e-02 2.40720e-01
170   826 -7.43089e+01 5.90256e-02 2.40173e-01
171   845 -7.42422e+01 5.93400e-02 2.40390e-01
172   865 -6.90891e+01 5.95458e-02 2.40612e-01
173   885 -7.42552e+01 5.89676e-02 2.40501e-01
174   906 -7.23063e+01 5.90859e-02 2.40290e-01
175   927 -7.39697e+01 5.82551e-02 2.40203e-01
176   949 -7.09695e+01 5.94901e-02 2.40354e-01
177   971 -7.47481e+01 5.93158e-02 2.40215e-01
178   994 -6.87789e+01 5.91600e-02 2.40270e-01
179  1017 -7.19595e+01 5.94495e-02 2.40341e-01
180  1041 -7.34654e+01 5.95570e-02 2.40488e-01
181  1065 -7.28474e+01 5.96790e-02 2.40550e-01
182  1090 -7.17408e+01 5.92033e-02 2.40360e-01
183  1115 -7.15194e+01 5.93522e-02 2.40499e-01
184  1141 -7.77532e+01 5.97908e-02 2.40668e-01
185  1168 -7.34122e+01 5.95109e-02 2.40505e-01
186  1195 -7.21572e+01 5.88133e-02 2.40253e-01
187  1223 -7.35611e+01 5.93649e-02 2.40368e-01
188  1252 -7.26995e+01 5.92421e-02 2.40435e-01
189  1281 -6.95585e+01 5.94235e-02 2.40421e-01
190  1311 -7.16739e+01 5.97350e-02 2.40497e-01
191  1342 -7.13307e+01 5.88695e-02 2.40253e-01
192  1373 -7.31496e+01 5.91440e-02 2.40381e-01
193  1405 -8.06638e+01 5.91391e-02 2.40432e-01
194  1438 -7.25804e+01 5.93635e-02 2.40409e-01
195  1472 -7.20148e+01 5.93951e-02 2.40404e-01
196  1506 -7.58405e+01 5.95372e-02 2.40449e-01
197  1541 -7.22709e+01 5.91710e-02 2.40384e-01
198  1577 -7.30098e+01 5.92465e-02 2.40372e-01
199  1614 -7.27334e+01 5.94963e-02 2.40503e-01
200  1652 -7.43521e+01 5.93486e-02 2.40393e-01
201  1690 -7.46981e+01 5.93451e-02 2.40414e-01
202  1730 -7.38057e+01 5.92833e-02 2.40389e-01
203  1770 -7.09014e+01 5.93430e-02 2.40398e-01
204  1811 -7.35531e+01 5.95158e-02 2.40452e-01
205  1854 -7.38616e+01 5.93736e-02 2.40425e-01
206  1897 -7.02309e+01 5.93341e-02 2.40409e-01
207  1941 -7.42195e+01 5.91455e-02 2.40352e-01
208  1987 -7.28357e+01 5.91828e-02 2.40334e-01
209  2033 -7.62382e+01 5.92600e-02 2.40376e-01
210  2081 -7.32277e+01 5.91488e-02 2.40344e-01
211  2129 -7.62229e+01 5.91443e-02 2.40334e-01
212  2179 -7.48631e+01 5.92927e-02 2.40365e-01
213  2230 -7.44687e+01 5.92669e-02 2.40354e-01
214  2282 -7.14661e+01 5.93016e-02 2.40365e-01
215  2335 -7.54706e+01 5.92920e-02 2.40368e-01
216  2390 -7.07644e+01 5.93032e-02 2.40376e-01
217  2446 -7.27731e+01 5.93019e-02 2.40372e-01
218  2503 -7.37433e+01 5.93141e-02 2.40371e-01
219  2561 -7.30064e+01 5.93106e-02 2.40368e-01
220  2621 -7.25645e+01 5.93300e-02 2.40381e-01
221  2682 -7.44687e+01 5.93209e-02 2.40379e-01
222  2745 -7.14081e+01 5.93046e-02 2.40376e-01
223  2809 -7.15727e+01 5.93293e-02 2.40385e-01
224  2875 -7.30843e+01 5.93287e-02 2.40385e-01
225  2942 -7.46636e+01 5.93268e-02 2.40384e-01
226  3010 -6.99316e+01 5.93281e-02 2.40384e-01
227  3081 -7.17633e+01 5.93319e-02 2.40385e-01
228  3153 -7.29100e+01 5.93376e-02 2.40386e-01
229  3226 -7.10776e+01 5.93401e-02 2.40387e-01
230  3302 -7.20587e+01 5.93427e-02 2.40388e-01
231  3379 -7.12315e+01 5.93423e-02 2.40388e-01
232  3458 -7.56850e+01 5.93425e-02 2.40388e-01
233  3538 -7.33986e+01 5.93424e-02 2.40388e-01
234  3621 -7.56137e+01 5.93424e-02 2.40387e-01
235  3706 -7.32122e+01 5.93438e-02 2.40388e-01
236  3792 -7.43885e+01 5.93412e-02 2.40387e-01
237  3881 -7.27144e+01 5.93419e-02 2.40388e-01
238  3971 -7.31718e+01 5.93425e-02 2.40387e-01
239  4064 -7.31370e+01 5.93434e-02 2.40388e-01
240  4159 -7.44539e+01 5.93452e-02 2.40389e-01
241  4256 -7.30980e+01 5.93459e-02 2.40389e-01
242  4356 -7.34443e+01 5.93475e-02 2.40389e-01
243  4457 -7.18288e+01 5.93483e-02 2.40389e-01
244  4561 -7.10933e+01 5.93515e-02 2.40390e-01
245  4668 -6.97951e+01 5.93517e-02 2.40390e-01
246  4777 -7.34753e+01 5.93501e-02 2.40390e-01
247  4889 -7.38035e+01 5.93486e-02 2.40389e-01
248  5003 -7.04586e+01 5.93490e-02 2.40389e-01
249  5120 -7.22741e+01 5.93502e-02 2.40389e-01
250  5239 -7.28402e+01 5.93526e-02 2.40391e-01
251  5361 -7.24551e+01 5.93548e-02 2.40392e-01
252  5487 -7.20238e+01 5.93554e-02 2.40392e-01
253  5615 -7.19600e+01 5.93544e-02 2.40391e-01
254  5746 -7.42023e+01 5.93578e-02 2.40392e-01
255  5880 -7.50593e+01 5.93613e-02 2.40393e-01
256  6017 -7.03972e+01 5.93604e-02 2.40393e-01
257  6158 -7.01159e+01 5.93597e-02 2.40393e-01
258  6302 -7.17217e+01 5.93611e-02 2.40393e-01
259  6449 -7.20147e+01 5.93614e-02 2.40394e-01
260  6600 -7.07563e+01 5.93665e-02 2.40396e-01
261  6754 -7.56553e+01 5.93627e-02 2.40395e-01
262  6911 -7.41143e+01 5.93635e-02 2.40395e-01
263  7073 -7.42560e+01 5.93676e-02 2.40396e-01
264  7238 -7.31751e+01 5.93618e-02 2.40394e-01
265  7407 -7.69673e+01 5.93606e-02 2.40393e-01
266  7580 -7.30188e+01 5.93591e-02 2.40392e-01
267  7757 -7.17937e+01 5.93686e-02 2.40396e-01
268  7938 -6.92016e+01 5.93652e-02 2.40393e-01
269  8124 -7.20756e+01 5.93633e-02 2.40393e-01
270  8313 -7.50527e+01 5.93656e-02 2.40394e-01
271  8507 -7.17589e+01 5.93694e-02 2.40396e-01
272  8706 -7.45945e+01 5.93627e-02 2.40395e-01
273  8909 -7.35017e+01 5.93626e-02 2.40395e-01
274  9118 -7.43386e+01 5.93689e-02 2.40397e-01
275  9330 -7.51892e+01 5.93641e-02 2.40395e-01
276  9548 -7.17377e+01 5.93595e-02 2.40392e-01
277  9771 -7.42813e+01 5.93659e-02 2.40397e-01
278 10000 -7.29904e+01 5.93594e-02 2.40394e-01
