i, epoch, loss, l2_err, h1_err
  0     1 -2.84902e+00 9.80846e-01 1.47240e+00
  1     2 -1.32342e+01 9.62646e-01 1.43056e+00
  2     3 -2.10893e+01 9.43268e-01 1.47253e+00
  3     4 -2.82779e+01 9.23028e-01 1.52827e+00
  4     5 -3.51419e+01 9.02002e-01 1.56438e+00
  5     6 -3.84433e+01 8.80350e-01 1.57563e+00
  6     7 -4.43552e+01 8.58783e-01 1.56578e+00
  7     8 -4.74202e+01 8.37246e-01 1.54003e+00
  8     9 -5.24021e+01 8.15854e-01 1.50577e+00
  9    10 -5.56476e+01 7.94491e-01 1.46953e+00
 10    11 -5.64531e+01 7.73450e-01 1.43239e+00
 11    12 -6.14247e+01 7.52689e-01 1.39645e+00
 12    13 -6.01045e+01 7.32390e-01 1.36457e+00
 13    14 -6.46121e+01 7.12386e-01 1.33581e+00
 14    15 -6.49410e+01 6.92406e-01 1.31107e+00
 15    16 -6.91216e+01 6.72536e-01 1.28739e+00
 16    17 -6.64967e+01 6.52826e-01 1.26344e+00
 17    18 -6.78495e+01 6.33270e-01 1.23935e+00
 18    19 -7.25024e+01 6.13881e-01 1.21498e+00
 19    20 -6.51905e+01 5.94706e-01 1.19105e+00
 20    21 -6.88971e+01 5.75817e-01 1.16621e+00
 21    22 -6.81424e+01 5.57084e-01 1.14082e+00
 22    23 -7.32590e+01 5.38600e-01 1.11281e+00
 23    24 -7.12505e+01 5.20277e-01 1.08252e+00
 24    25 -7.32408e+01 5.02282e-01 1.05059e+00
 25    26 -6.85563e+01 4.84507e-01 1.01737e+00
 26    27 -7.41748e+01 4.66977e-01 9.83352e-01
 27    28 -7.12629e+01 4.49673e-01 9.48526e-01
 28    29 -6.97187e+01 4.32529e-01 9.13446e-01
 29    30 -7.14556e+01 4.15617e-01 8.78501e-01
 30    31 -7.02466e+01 3.99053e-01 8.42625e-01
 31    32 -7.01373e+01 3.82918e-01 8.04924e-01
 32    33 -7.09366e+01 3.67331e-01 7.66202e-01
 33    34 -7.02966e+01 3.52085e-01 7.28027e-01
 34    35 -7.53882e+01 3.37394e-01 6.92136e-01
 35    36 -7.39369e+01 3.23017e-01 6.57469e-01
 36    37 -7.10680e+01 3.08921e-01 6.23496e-01
 37    38 -7.13583e+01 2.95199e-01 5.90377e-01
 38    39 -7.19311e+01 2.81984e-01 5.59027e-01
 39    40 -6.94032e+01 2.69313e-01 5.30399e-01
 40    41 -7.06451e+01 2.57177e-01 5.02270e-01
 41    42 -7.43998e+01 2.45700e-01 4.75951e-01
 42    43 -6.76569e+01 2.34774e-01 4.51698e-01
 43    44 -7.15963e+01 2.24397e-01 4.27131e-01
 44    45 -7.50900e+01 2.14578e-01 4.06066e-01
 45    46 -7.47319e+01 2.05299e-01 3.88880e-01
 46    47 -7.17465e+01 1.96370e-01 3.73084e-01
 47    48 -7.38627e+01 1.87808e-01 3.58126e-01
 48    49 -7.40090e+01 1.79586e-01 3.40325e-01
 49    50 -7.58529e+01 1.71377e-01 3.26069e-01
 50    51 -7.86762e+01 1.63345e-01 3.15726e-01
 51    53 -7.34408e+01 1.47778e-01 2.92378e-01
 52    54 -7.33541e+01 1.40174e-01 2.80434e-01
 53    55 -7.25702e+01 1.32678e-01 2.70030e-01
 54    56 -7.61634e+01 1.25241e-01 2.62430e-01
 55    58 -7.29594e+01 1.10892e-01 2.49533e-01
 56    59 -7.43204e+01 1.04185e-01 2.42740e-01
 57    60 -7.21537e+01 9.78420e-02 2.34272e-01
 58    62 -7.19408e+01 8.58751e-02 2.18301e-01
 59    63 -7.39959e+01 7.99837e-02 2.16531e-01
 60    65 -7.14989e+01 6.84790e-02 2.12191e-01
 61    66 -7.30233e+01 6.30336e-02 2.02993e-01
 62    68 -7.46539e+01 5.29555e-02 1.87657e-01
 63    69 -7.42727e+01 4.80715e-02 1.83315e-01
 64    71 -7.07438e+01 3.93845e-02 1.78772e-01
 65    73 -7.08610e+01 3.13649e-02 1.67246e-01
 66    74 -7.69514e+01 2.76927e-02 1.68023e-01
 67    76 -7.25874e+01 2.11506e-02 1.60805e-01
 68    78 -7.54856e+01 1.70616e-02 1.59402e-01
 69    80 -7.18619e+01 1.42889e-02 1.64094e-01
 70    82 -7.33589e+01 1.23987e-02 1.60262e-01
 71    84 -7.35841e+01 1.24098e-02 1.64920e-01
 72    86 -7.21735e+01 1.26314e-02 1.50964e-01
 73    88 -7.29504e+01 1.36281e-02 1.60514e-01
 74    90 -7.55810e+01 1.40757e-02 1.60313e-01
 75    92 -7.37429e+01 1.43448e-02 1.58097e-01
 76    94 -7.00950e+01 1.48790e-02 1.65384e-01
 77    96 -7.15940e+01 1.41712e-02 1.56636e-01
 78    98 -7.37097e+01 1.33891e-02 1.48562e-01
 79   101 -7.28755e+01 1.31765e-02 1.56950e-01
 80   103 -7.59084e+01 1.35529e-02 1.56849e-01
 81   105 -7.11958e+01 1.37982e-02 1.62360e-01
 82   108 -7.48232e+01 1.32934e-02 1.54895e-01
 83   110 -7.45059e+01 1.32613e-02 1.64321e-01
 84   113 -7.01655e+01 1.23566e-02 1.58750e-01
 85   116 -7.24363e+01 1.17957e-02 1.50117e-01
 86   118 -7.34546e+01 1.14236e-02 1.58126e-01
 87   121 -7.51026e+01 1.00631e-02 1.40770e-01
 88   124 -7.00295e+01 1.18862e-02 1.72304e-01
 89   127 -7.41500e+01 1.08331e-02 1.52766e-01
 90   130 -7.66929e+01 1.15850e-02 1.62290e-01
 91   133 -7.36734e+01 1.13819e-02 1.61089e-01
 92   136 -7.28631e+01 1.14118e-02 1.70797e-01
 93   139 -7.52789e+01 1.15037e-02 1.68519e-01
 94   143 -7.14843e+01 1.06553e-02 1.60136e-01
 95   146 -6.90607e+01 1.00484e-02 1.59108e-01
 96   149 -7.29032e+01 1.10969e-02 1.71114e-01
 97   153 -6.97098e+01 1.20755e-02 1.82610e-01
 98   156 -7.52330e+01 1.05469e-02 1.66012e-01
 99   160 -7.32829e+01 1.15628e-02 1.65733e-01
100   164 -7.25931e+01 1.05366e-02 1.63090e-01
101   168 -7.61793e+01 1.19412e-02 1.74509e-01
102   172 -7.75990e+01 1.19098e-02 1.77589e-01
103   176 -7.21936e+01 1.13309e-02 1.72166e-01
104   180 -7.04124e+01 1.21119e-02 1.85893e-01
105   184 -7.31459e+01 1.12479e-02 1.67959e-01
106   188 -7.31811e+01 1.07236e-02 1.64837e-01
107   193 -7.09541e+01 1.11344e-02 1.72927e-01
108   197 -7.43724e+01 1.16038e-02 1.79820e-01
109   202 -7.32537e+01 1.14432e-02 1.74127e-01
110   206 -7.62649e+01 1.16047e-02 1.75169e-01
111   211 -7.07026e+01 1.20787e-02 1.68632e-01
112   216 -7.25837e+01 1.20453e-02 1.83117e-01
113   221 -7.05636e+01 1.16487e-02 1.71961e-01
114   226 -7.54921e+01 1.17583e-02 1.80740e-01
115   232 -7.25860e+01 1.17049e-02 1.81417e-01
116   237 -7.35567e+01 1.15247e-02 1.78103e-01
117   243 -7.51419e+01 1.13851e-02 1.75273e-01
118   248 -7.49582e+01 1.16735e-02 1.84508e-01
119   254 -7.81909e+01 1.20812e-02 1.86702e-01
120   260 -7.20828e+01 1.11688e-02 1.69133e-01
121   266 -7.41368e+01 1.17170e-02 1.70054e-01
122   272 -7.64851e+01 1.21338e-02 1.76328e-01
123   279 -7.46269e+01 1.18411e-02 1.79555e-01
124   285 -7.37361e+01 1.26310e-02 1.82905e-01
125   292 -7.26552e+01 1.13675e-02 1.72994e-01
126   299 -7.21254e+01 1.13128e-02 1.79141e-01
127   306 -7.55840e+01 1.12557e-02 1.73048e-01
128   313 -7.36184e+01 1.21915e-02 1.81742e-01
129   320 -7.31532e+01 1.25828e-02 1.81044e-01
130   328 -7.29029e+01 1.20233e-02 1.78896e-01
131   335 -7.29569e+01 1.28077e-02 1.84078e-01
132   343 -7.14984e+01 1.01316e-02 1.50747e-01
133   351 -7.44043e+01 8.53566e-03 1.30187e-01
134   360 -7.44983e+01 7.91188e-03 1.18643e-01
135   368 -7.26649e+01 7.97348e-03 1.26664e-01
136   377 -7.19436e+01 7.52163e-03 1.22496e-01
137   385 -7.34483e+01 7.86502e-03 1.24696e-01
138   394 -7.34280e+01 8.55542e-03 1.25874e-01
139   404 -7.40661e+01 8.13825e-03 1.23706e-01
140   413 -7.59063e+01 9.16970e-03 1.35561e-01
141   423 -7.27735e+01 8.70033e-03 1.28206e-01
142   433 -7.14469e+01 8.93998e-03 1.40718e-01
143   443 -7.40527e+01 8.56242e-03 1.32661e-01
144   453 -7.32501e+01 8.39070e-03 1.30247e-01
145   464 -7.21681e+01 8.44242e-03 1.37550e-01
146   474 -7.18831e+01 8.25508e-03 1.21287e-01
147   486 -7.37210e+01 9.31536e-03 1.36733e-01
148   497 -7.41275e+01 8.65550e-03 1.28361e-01
149   509 -7.28712e+01 8.96976e-03 1.33160e-01
150   520 -7.20079e+01 8.61196e-03 1.29117e-01
151   533 -7.54214e+01 8.46378e-03 1.35419e-01
152   545 -7.27341e+01 7.14215e-03 1.11865e-01
153   558 -7.40247e+01 5.74820e-03 9.29775e-02
154   571 -7.13389e+01 5.77623e-03 9.15018e-02
155   584 -7.26395e+01 6.15914e-03 9.33333e-02
156   598 -7.63319e+01 6.02928e-03 9.03486e-02
157   612 -7.77464e+01 5.92226e-03 9.86762e-02
158   626 -7.33476e+01 5.52717e-03 9.21061e-02
159   641 -7.39220e+01 5.83802e-03 9.58243e-02
160   656 -6.81090e+01 6.44560e-03 9.93523e-02
161   671 -7.15106e+01 6.16185e-03 9.81626e-02
162   687 -7.39940e+01 5.80635e-03 9.16721e-02
163   703 -7.34509e+01 5.89300e-03 9.63999e-02
164   719 -7.39369e+01 6.71803e-03 1.04482e-01
165   736 -7.41471e+01 6.43269e-03 9.37126e-02
166   753 -7.29576e+01 6.72944e-03 9.78281e-02
167   771 -7.04874e+01 6.34144e-03 9.58080e-02
168   789 -7.07633e+01 6.14317e-03 9.28963e-02
169   807 -7.35669e+01 6.55976e-03 9.52538e-02
170   826 -7.24949e+01 6.13866e-03 9.75022e-02
171   845 -7.02632e+01 7.25361e-03 1.10332e-01
172   865 -7.28352e+01 6.36670e-03 1.02674e-01
173   885 -7.58814e+01 6.24115e-03 1.00268e-01
174   906 -7.26549e+01 5.90945e-03 1.01035e-01
175   927 -7.46570e+01 6.11909e-03 1.03398e-01
176   949 -7.50579e+01 6.58601e-03 9.86670e-02
177   971 -7.18534e+01 6.23024e-03 1.02114e-01
178   994 -7.04034e+01 4.85408e-03 7.66614e-02
179  1017 -7.33314e+01 4.35624e-03 7.35546e-02
180  1041 -7.02609e+01 4.71983e-03 7.76623e-02
181  1065 -6.98378e+01 4.65121e-03 7.80484e-02
182  1090 -7.37881e+01 4.63021e-03 7.54660e-02
183  1115 -7.38307e+01 5.02043e-03 7.76332e-02
184  1141 -7.14342e+01 4.58294e-03 7.87065e-02
185  1168 -6.94729e+01 5.06464e-03 7.86646e-02
186  1195 -7.49667e+01 4.61672e-03 7.60545e-02
187  1223 -7.24022e+01 4.94896e-03 8.28488e-02
188  1252 -7.45760e+01 4.92124e-03 7.96570e-02
189  1281 -7.17255e+01 4.84143e-03 7.68802e-02
190  1311 -7.15274e+01 4.44670e-03 7.23215e-02
191  1342 -7.30086e+01 5.63056e-03 8.88493e-02
192  1373 -7.36415e+01 4.92520e-03 7.81571e-02
193  1405 -7.46645e+01 5.07489e-03 8.26753e-02
194  1438 -7.86843e+01 4.89717e-03 7.67617e-02
195  1472 -7.43624e+01 4.89095e-03 7.93035e-02
196  1506 -7.76843e+01 3.64893e-03 6.14302e-02
197  1541 -6.94867e+01 3.60020e-03 6.17967e-02
198  1577 -7.00093e+01 3.54485e-03 6.02653e-02
199  1614 -7.43924e+01 3.51425e-03 6.03683e-02
200  1652 -7.37730e+01 3.66629e-03 6.12819e-02
201  1690 -7.33192e+01 3.88125e-03 6.77128e-02
202  1730 -7.52883e+01 3.85917e-03 6.33119e-02
203  1770 -7.44904e+01 4.00916e-03 6.45873e-02
204  1811 -7.31514e+01 3.31128e-03 5.80768e-02
205  1854 -7.75102e+01 2.68037e-03 5.14610e-02
206  1897 -7.19592e+01 2.55567e-03 5.04919e-02
207  1941 -7.17142e+01 2.63376e-03 4.87944e-02
208  1987 -7.19939e+01 2.49207e-03 4.88256e-02
209  2033 -7.40557e+01 2.61072e-03 5.17322e-02
210  2081 -7.44335e+01 1.97459e-03 4.31742e-02
211  2129 -7.64064e+01 2.05704e-03 4.47801e-02
212  2179 -7.61028e+01 2.10749e-03 4.42933e-02
213  2230 -7.28832e+01 1.89941e-03 4.28036e-02
214  2282 -7.17561e+01 1.48831e-03 3.93447e-02
215  2335 -7.29755e+01 1.43895e-03 3.91267e-02
216  2390 -7.63575e+01 1.45859e-03 3.91849e-02
217  2446 -7.46269e+01 1.51065e-03 3.93966e-02
218  2503 -6.69977e+01 1.26243e-03 3.62706e-02
219  2561 -7.15145e+01 1.19193e-03 3.58731e-02
220  2621 -7.42483e+01 1.22240e-03 3.62455e-02
221  2682 -7.49804e+01 1.16288e-03 3.55130e-02
222  2745 -7.53501e+01 1.09545e-03 3.50879e-02
223  2809 -7.40991e+01 1.06460e-03 3.51775e-02
224  2875 -7.63388e+01 1.02790e-03 3.47631e-02
225  2942 -6.92821e+01 9.49472e-04 3.43492e-02
226  3010 -7.63058e+01 9.04618e-04 3.41042e-02
227  3081 -7.49319e+01 9.07133e-04 3.41164e-02
228  3153 -6.86729e+01 8.91723e-04 3.39540e-02
229  3226 -7.26797e+01 8.80878e-04 3.38876e-02
230  3302 -7.13913e+01 8.65029e-04 3.38368e-02
231  3379 -7.32037e+01 8.55503e-04 3.37951e-02
232  3458 -7.36930e+01 8.43590e-04 3.37225e-02
233  3538 -7.25482e+01 8.38863e-04 3.37079e-02
234  3621 -7.44857e+01 8.34121e-04 3.36657e-02
235  3706 -7.30980e+01 8.29807e-04 3.36308e-02
236  3792 -7.28307e+01 8.27475e-04 3.36213e-02
237  3881 -7.25130e+01 8.24361e-04 3.35990e-02
238  3971 -7.33737e+01 8.22342e-04 3.35928e-02
239  4064 -7.43213e+01 8.20916e-04 3.35883e-02
240  4159 -7.31221e+01 8.19325e-04 3.35752e-02
241  4256 -7.29773e+01 8.18732e-04 3.35708e-02
242  4356 -7.38479e+01 8.18135e-04 3.35702e-02
243  4457 -7.31411e+01 8.17246e-04 3.35626e-02
244  4561 -7.16440e+01 8.16451e-04 3.35592e-02
245  4668 -7.46716e+01 8.16035e-04 3.35592e-02
246  4777 -7.11834e+01 8.15021e-04 3.35464e-02
247  4889 -7.48466e+01 8.13936e-04 3.35379e-02
248  5003 -7.49182e+01 8.13355e-04 3.35308e-02
249  5120 -7.20970e+01 8.12417e-04 3.35340e-02
250  5239 -7.40560e+01 8.11827e-04 3.35277e-02
251  5361 -7.11534e+01 8.10735e-04 3.35247e-02
252  5487 -7.14663e+01 8.09925e-04 3.35178e-02
253  5615 -7.35697e+01 8.08690e-04 3.35121e-02
254  5746 -7.26535e+01 8.07666e-04 3.35062e-02
255  5880 -7.63707e+01 8.06934e-04 3.35011e-02
256  6017 -7.30328e+01 8.05788e-04 3.34919e-02
257  6158 -7.22668e+01 8.04627e-04 3.34845e-02
258  6302 -7.54429e+01 8.03681e-04 3.34758e-02
259  6449 -7.54670e+01 8.02365e-04 3.34722e-02
260  6600 -7.41829e+01 8.01208e-04 3.34610e-02
261  6754 -7.44959e+01 8.00263e-04 3.34584e-02
262  6911 -7.57245e+01 7.99410e-04 3.34559e-02
263  7073 -7.43068e+01 7.98354e-04 3.34474e-02
264  7238 -7.49345e+01 7.97564e-04 3.34335e-02
265  7407 -7.14384e+01 7.96428e-04 3.34230e-02
266  7580 -7.36189e+01 7.95573e-04 3.34145e-02
267  7757 -7.32277e+01 7.94578e-04 3.34127e-02
268  7938 -7.23811e+01 7.93730e-04 3.34081e-02
269  8124 -7.23635e+01 7.92970e-04 3.33996e-02
270  8313 -6.84953e+01 7.92297e-04 3.34007e-02
271  8507 -7.29110e+01 7.91298e-04 3.33969e-02
272  8706 -7.55882e+01 7.90512e-04 3.33869e-02
273  8909 -7.54416e+01 7.89632e-04 3.33856e-02
274  9118 -7.22037e+01 7.89047e-04 3.33856e-02
275  9330 -7.20379e+01 7.88588e-04 3.33791e-02
276  9548 -7.20972e+01 7.87253e-04 3.33715e-02
277  9771 -7.18982e+01 7.86697e-04 3.33782e-02
278 10000 -7.09176e+01 7.86178e-04 3.33789e-02
