i, epoch, loss, l2_err, h1_err
  0     1 -6.67176e+00 8.96118e-01 9.35831e-01
  1     2 -1.46340e+01 8.31730e-01 8.75568e-01
  2     3 -2.28781e+01 7.69000e-01 8.17627e-01
  3     4 -3.06191e+01 7.08266e-01 7.63794e-01
  4     5 -3.44942e+01 6.49205e-01 7.16387e-01
  5     6 -4.33188e+01 5.92695e-01 6.73736e-01
  6     7 -4.66109e+01 5.38499e-01 6.36972e-01
  7     8 -5.14937e+01 4.87425e-01 6.05421e-01
  8     9 -5.46888e+01 4.39713e-01 5.80798e-01
  9    10 -5.86129e+01 3.95793e-01 5.62255e-01
 10    11 -6.10725e+01 3.56181e-01 5.48675e-01
 11    12 -6.54003e+01 3.21640e-01 5.39784e-01
 12    13 -6.71841e+01 2.92288e-01 5.35120e-01
 13    14 -6.74272e+01 2.68102e-01 5.34394e-01
 14    15 -6.60200e+01 2.49681e-01 5.36727e-01
 15    16 -6.92382e+01 2.37150e-01 5.41130e-01
 16    17 -6.79166e+01 2.30600e-01 5.46468e-01
 17    18 -6.69597e+01 2.29620e-01 5.52424e-01
 18    19 -7.25476e+01 2.33288e-01 5.57950e-01
 19    20 -7.00977e+01 2.40870e-01 5.62797e-01
 20    21 -6.96004e+01 2.51104e-01 5.66322e-01
 21    22 -7.20573e+01 2.62765e-01 5.68307e-01
 22    23 -7.55667e+01 2.74830e-01 5.68636e-01
 23    24 -6.91404e+01 2.86516e-01 5.67447e-01
 24    25 -7.05677e+01 2.97076e-01 5.64703e-01
 25    26 -7.29468e+01 3.05844e-01 5.60503e-01
 26    27 -7.20104e+01 3.12530e-01 5.54925e-01
 27    28 -7.23368e+01 3.16686e-01 5.47906e-01
 28    29 -7.09024e+01 3.18242e-01 5.39295e-01
 29    30 -7.56450e+01 3.17247e-01 5.29315e-01
 30    31 -7.22806e+01 3.13515e-01 5.17997e-01
 31    32 -7.53735e+01 3.07255e-01 5.05603e-01
 32    33 -7.26437e+01 2.98781e-01 4.92498e-01
 33    34 -7.02296e+01 2.88224e-01 4.78966e-01
 34    35 -6.52861e+01 2.75812e-01 4.65509e-01
 35    36 -7.42016e+01 2.61444e-01 4.52320e-01
 36    37 -7.20045e+01 2.45767e-01 4.39388e-01
 37    38 -7.32900e+01 2.29062e-01 4.27117e-01
 38    39 -7.18580e+01 2.11737e-01 4.15664e-01
 39    40 -7.44841e+01 1.94392e-01 4.04971e-01
 40    41 -7.03198e+01 1.77624e-01 3.94785e-01
 41    42 -7.51939e+01 1.61913e-01 3.85390e-01
 42    43 -7.48741e+01 1.47942e-01 3.77097e-01
 43    44 -7.32731e+01 1.36520e-01 3.70198e-01
 44    45 -7.18723e+01 1.28222e-01 3.64973e-01
 45    46 -7.45170e+01 1.23350e-01 3.61389e-01
 46    47 -7.22129e+01 1.21838e-01 3.59263e-01
 47    48 -7.35077e+01 1.23491e-01 3.58283e-01
 48    49 -7.68107e+01 1.27490e-01 3.58130e-01
 49    50 -7.25733e+01 1.32902e-01 3.58578e-01
 50    51 -7.30283e+01 1.38882e-01 3.59458e-01
 51    53 -7.64510e+01 1.50084e-01 3.61762e-01
 52    54 -7.01079e+01 1.54711e-01 3.62832e-01
 53    55 -7.33844e+01 1.58479e-01 3.63642e-01
 54    56 -7.12847e+01 1.61169e-01 3.64167e-01
 55    58 -7.47049e+01 1.63063e-01 3.64801e-01
 56    59 -7.32315e+01 1.62483e-01 3.64804e-01
 57    60 -7.26366e+01 1.61014e-01 3.64605e-01
 58    62 -7.32483e+01 1.55544e-01 3.63793e-01
 59    63 -7.39798e+01 1.51989e-01 3.63303e-01
 60    65 -7.57810e+01 1.43878e-01 3.62624e-01
 61    66 -7.09869e+01 1.39833e-01 3.62408e-01
 62    68 -7.50755e+01 1.32781e-01 3.62188e-01
 63    69 -7.34104e+01 1.30162e-01 3.62194e-01
 64    71 -7.33177e+01 1.26338e-01 3.62692e-01
 65    73 -7.02778e+01 1.25248e-01 3.63420e-01
 66    74 -7.03478e+01 1.25450e-01 3.63942e-01
 67    76 -7.31696e+01 1.25797e-01 3.65256e-01
 68    78 -7.19086e+01 1.26826e-01 3.66573e-01
 69    80 -7.13863e+01 1.28045e-01 3.67637e-01
 70    82 -7.51818e+01 1.28838e-01 3.68437e-01
 71    84 -7.23930e+01 1.29433e-01 3.68744e-01
 72    86 -7.24153e+01 1.29940e-01 3.68675e-01
 73    88 -7.53218e+01 1.29983e-01 3.68239e-01
 74    90 -7.30157e+01 1.29663e-01 3.67561e-01
 75    92 -7.46861e+01 1.29733e-01 3.66714e-01
 76    94 -7.52954e+01 1.29256e-01 3.65795e-01
 77    96 -7.20489e+01 1.28728e-01 3.64970e-01
 78    98 -7.25295e+01 1.27766e-01 3.64271e-01
 79   101 -7.26458e+01 1.26255e-01 3.63633e-01
 80   103 -7.35811e+01 1.26479e-01 3.63271e-01
 81   105 -7.37804e+01 1.26451e-01 3.63084e-01
 82   108 -7.60939e+01 1.26178e-01 3.63396e-01
 83   110 -7.24345e+01 1.26901e-01 3.63405e-01
 84   113 -7.52916e+01 1.27566e-01 3.63734e-01
 85   116 -7.55444e+01 1.26614e-01 3.64252e-01
 86   118 -7.37778e+01 1.27295e-01 3.64242e-01
 87   121 -7.07905e+01 1.28133e-01 3.64313e-01
 88   124 -7.16720e+01 1.26600e-01 3.64545e-01
 89   127 -7.00345e+01 1.26554e-01 3.64760e-01
 90   130 -7.26650e+01 1.27854e-01 3.64620e-01
 91   133 -7.13130e+01 1.27416e-01 3.64529e-01
 92   136 -7.41487e+01 1.27171e-01 3.64373e-01
 93   139 -7.14726e+01 1.27293e-01 3.64132e-01
 94   143 -7.22332e+01 1.26857e-01 3.64083e-01
 95   146 -7.45498e+01 1.27256e-01 3.63968e-01
 96   149 -7.47349e+01 1.27778e-01 3.63888e-01
 97   153 -7.02923e+01 1.27291e-01 3.64007e-01
 98   156 -7.33882e+01 1.27280e-01 3.64120e-01
 99   160 -7.41655e+01 1.28171e-01 3.64476e-01
100   164 -7.16832e+01 1.28264e-01 3.64636e-01
101   168 -7.26164e+01 1.27532e-01 3.64481e-01
102   172 -7.58451e+01 1.26998e-01 3.64229e-01
103   176 -7.39041e+01 1.27974e-01 3.64007e-01
104   180 -7.30620e+01 1.27891e-01 3.64120e-01
105   184 -7.15791e+01 1.27438e-01 3.64074e-01
106   188 -7.23564e+01 1.27159e-01 3.63860e-01
107   193 -7.44641e+01 1.26955e-01 3.63974e-01
108   197 -7.24396e+01 1.27428e-01 3.63907e-01
109   202 -6.99421e+01 1.27211e-01 3.64099e-01
110   206 -7.22747e+01 1.26220e-01 3.64051e-01
111   211 -7.39439e+01 1.26653e-01 3.64165e-01
112   216 -7.38998e+01 1.27555e-01 3.64549e-01
113   221 -7.37667e+01 1.28351e-01 3.64262e-01
114   226 -7.49181e+01 1.26637e-01 3.63884e-01
115   232 -7.19662e+01 1.27724e-01 3.64008e-01
116   237 -7.17848e+01 1.26357e-01 3.64115e-01
117   243 -7.48738e+01 1.27444e-01 3.63844e-01
118   248 -7.19145e+01 1.26430e-01 3.64178e-01
119   254 -7.23379e+01 1.27652e-01 3.64392e-01
120   260 -7.40819e+01 1.27556e-01 3.64369e-01
121   266 -7.43671e+01 1.27264e-01 3.64068e-01
122   272 -7.59655e+01 1.26965e-01 3.63859e-01
123   279 -7.42636e+01 1.26864e-01 3.64232e-01
124   285 -7.32493e+01 1.27272e-01 3.64416e-01
125   292 -7.26115e+01 1.27292e-01 3.64706e-01
126   299 -7.05685e+01 1.27168e-01 3.64499e-01
127   306 -7.50883e+01 1.27925e-01 3.64332e-01
128   313 -7.16325e+01 1.26640e-01 3.64215e-01
129   320 -7.34263e+01 1.27362e-01 3.64084e-01
130   328 -7.18820e+01 1.27744e-01 3.64034e-01
131   335 -7.17301e+01 1.27455e-01 3.63608e-01
132   343 -6.90834e+01 1.26470e-01 3.63442e-01
133   351 -7.11130e+01 1.26638e-01 3.63862e-01
134   360 -7.34679e+01 1.28332e-01 3.64565e-01
135   368 -7.02462e+01 1.26210e-01 3.64447e-01
136   377 -7.32921e+01 1.26940e-01 3.64370e-01
137   385 -7.33351e+01 1.26944e-01 3.64259e-01
138   394 -7.43274e+01 1.27738e-01 3.64365e-01
139   404 -7.35884e+01 1.26505e-01 3.63795e-01
140   413 -6.90943e+01 1.26922e-01 3.63570e-01
141   423 -7.28825e+01 1.28504e-01 3.64164e-01
142   433 -7.67818e+01 1.27152e-01 3.64164e-01
143   443 -7.23648e+01 1.28626e-01 3.64380e-01
144   453 -7.59629e+01 1.25995e-01 3.64391e-01
145   464 -7.38706e+01 1.26901e-01 3.64157e-01
146   474 -7.34717e+01 1.27429e-01 3.64083e-01
147   486 -6.96368e+01 1.26728e-01 3.64069e-01
148   497 -7.36461e+01 1.26557e-01 3.64533e-01
149   509 -7.14419e+01 1.28148e-01 3.64601e-01
150   520 -7.11018e+01 1.27921e-01 3.63557e-01
151   533 -7.45951e+01 1.27776e-01 3.63719e-01
152   545 -7.35330e+01 1.26500e-01 3.64097e-01
153   558 -7.55564e+01 1.26355e-01 3.63724e-01
154   571 -7.48412e+01 1.27769e-01 3.64067e-01
155   584 -7.30330e+01 1.28463e-01 3.64454e-01
156   598 -7.35789e+01 1.27321e-01 3.64299e-01
157   612 -7.48820e+01 1.27259e-01 3.64470e-01
158   626 -7.09764e+01 1.27960e-01 3.64271e-01
159   641 -7.52480e+01 1.27850e-01 3.63874e-01
160   656 -7.02462e+01 1.26738e-01 3.64248e-01
161   671 -7.11666e+01 1.27469e-01 3.64240e-01
162   687 -7.04457e+01 1.27669e-01 3.63919e-01
163   703 -6.91334e+01 1.26538e-01 3.63556e-01
164   719 -7.12266e+01 1.26798e-01 3.64321e-01
165   736 -7.05315e+01 1.27057e-01 3.63817e-01
166   753 -6.90509e+01 1.27293e-01 3.64053e-01
167   771 -7.53716e+01 1.27197e-01 3.64052e-01
168   789 -7.10536e+01 1.27493e-01 3.64040e-01
169   807 -7.67748e+01 1.26748e-01 3.64161e-01
170   826 -7.45356e+01 1.27722e-01 3.64075e-01
171   845 -7.34824e+01 1.27308e-01 3.64075e-01
172   865 -7.02815e+01 1.26906e-01 3.63834e-01
173   885 -7.22589e+01 1.27096e-01 3.64288e-01
174   906 -7.43139e+01 1.27288e-01 3.64094e-01
175   927 -7.43921e+01 1.26978e-01 3.64301e-01
176   949 -7.46442e+01 1.27357e-01 3.64226e-01
177   971 -7.21646e+01 1.27193e-01 3.64438e-01
178   994 -7.22751e+01 1.26932e-01 3.64198e-01
179  1017 -6.89794e+01 1.26706e-01 3.64142e-01
180  1041 -6.88772e+01 1.26922e-01 3.64406e-01
181  1065 -7.11693e+01 1.27477e-01 3.64191e-01
182  1090 -7.34398e+01 1.27315e-01 3.64312e-01
183  1115 -7.65260e+01 1.26720e-01 3.64050e-01
184  1141 -7.18103e+01 1.27096e-01 3.64173e-01
185  1168 -7.23870e+01 1.27159e-01 3.63994e-01
186  1195 -7.25553e+01 1.27193e-01 3.64235e-01
187  1223 -7.48604e+01 1.26746e-01 3.64092e-01
188  1252 -7.13868e+01 1.27071e-01 3.64455e-01
189  1281 -7.19567e+01 1.26986e-01 3.64250e-01
190  1311 -7.55731e+01 1.26773e-01 3.64102e-01
191  1342 -6.98979e+01 1.27219e-01 3.64138e-01
192  1373 -7.18004e+01 1.27346e-01 3.64236e-01
193  1405 -7.47835e+01 1.27067e-01 3.64063e-01
194  1438 -7.58935e+01 1.27304e-01 3.64097e-01
195  1472 -7.42493e+01 1.27223e-01 3.64115e-01
196  1506 -7.33788e+01 1.27210e-01 3.64194e-01
197  1541 -7.46371e+01 1.27398e-01 3.64142e-01
198  1577 -7.07688e+01 1.26903e-01 3.64061e-01
199  1614 -7.31038e+01 1.26961e-01 3.63936e-01
200  1652 -7.12130e+01 1.27381e-01 3.64110e-01
201  1690 -7.21599e+01 1.27248e-01 3.64061e-01
202  1730 -7.28777e+01 1.27221e-01 3.64061e-01
203  1770 -7.10971e+01 1.27163e-01 3.64155e-01
204  1811 -7.49130e+01 1.27175e-01 3.64178e-01
205  1854 -7.10364e+01 1.27312e-01 3.64042e-01
206  1897 -7.54149e+01 1.27137e-01 3.63945e-01
207  1941 -7.20297e+01 1.27320e-01 3.63928e-01
208  1987 -7.26534e+01 1.27282e-01 3.63917e-01
209  2033 -7.16743e+01 1.27264e-01 3.63924e-01
210  2081 -7.29113e+01 1.27038e-01 3.64081e-01
211  2129 -7.21190e+01 1.27202e-01 3.64120e-01
212  2179 -7.09693e+01 1.27255e-01 3.64186e-01
213  2230 -7.34293e+01 1.27341e-01 3.64125e-01
214  2282 -7.52902e+01 1.27403e-01 3.64200e-01
215  2335 -7.08758e+01 1.27416e-01 3.64180e-01
216  2390 -7.18318e+01 1.27300e-01 3.64152e-01
217  2446 -7.02265e+01 1.27281e-01 3.64150e-01
218  2503 -7.02992e+01 1.27325e-01 3.64129e-01
219  2561 -7.15621e+01 1.27261e-01 3.64100e-01
220  2621 -7.34753e+01 1.27246e-01 3.64080e-01
221  2682 -7.16390e+01 1.27249e-01 3.64096e-01
222  2745 -7.18413e+01 1.27256e-01 3.64095e-01
223  2809 -7.48136e+01 1.27273e-01 3.64103e-01
224  2875 -7.31887e+01 1.27282e-01 3.64098e-01
225  2942 -7.86013e+01 1.27290e-01 3.64095e-01
226  3010 -7.19393e+01 1.27302e-01 3.64097e-01
227  3081 -7.37366e+01 1.27299e-01 3.64098e-01
228  3153 -7.49267e+01 1.27294e-01 3.64096e-01
229  3226 -7.04430e+01 1.27289e-01 3.64097e-01
230  3302 -7.65891e+01 1.27285e-01 3.64096e-01
231  3379 -7.43933e+01 1.27287e-01 3.64097e-01
232  3458 -7.57700e+01 1.27281e-01 3.64095e-01
233  3538 -7.64053e+01 1.27272e-01 3.64094e-01
234  3621 -7.44959e+01 1.27267e-01 3.64094e-01
235  3706 -7.36616e+01 1.27266e-01 3.64093e-01
236  3792 -7.14083e+01 1.27267e-01 3.64093e-01
237  3881 -7.35116e+01 1.27268e-01 3.64093e-01
238  3971 -7.41761e+01 1.27267e-01 3.64093e-01
239  4064 -7.53049e+01 1.27268e-01 3.64092e-01
240  4159 -6.96101e+01 1.27268e-01 3.64094e-01
241  4256 -7.05416e+01 1.27269e-01 3.64093e-01
242  4356 -7.37778e+01 1.27268e-01 3.64091e-01
243  4457 -6.70746e+01 1.27270e-01 3.64093e-01
244  4561 -7.09302e+01 1.27268e-01 3.64093e-01
245  4668 -7.31958e+01 1.27272e-01 3.64093e-01
246  4777 -7.44788e+01 1.27274e-01 3.64093e-01
247  4889 -6.96817e+01 1.27271e-01 3.64093e-01
248  5003 -7.73504e+01 1.27272e-01 3.64091e-01
249  5120 -7.33302e+01 1.27268e-01 3.64091e-01
250  5239 -7.39499e+01 1.27263e-01 3.64090e-01
251  5361 -7.25703e+01 1.27262e-01 3.64090e-01
252  5487 -7.38367e+01 1.27260e-01 3.64090e-01
253  5615 -7.27223e+01 1.27256e-01 3.64091e-01
254  5746 -7.48746e+01 1.27252e-01 3.64090e-01
255  5880 -7.13400e+01 1.27251e-01 3.64090e-01
256  6017 -7.54365e+01 1.27252e-01 3.64090e-01
257  6158 -7.13771e+01 1.27251e-01 3.64090e-01
258  6302 -7.02404e+01 1.27247e-01 3.64091e-01
259  6449 -7.39151e+01 1.27244e-01 3.64090e-01
260  6600 -7.30476e+01 1.27246e-01 3.64088e-01
261  6754 -7.31932e+01 1.27247e-01 3.64089e-01
262  6911 -7.53078e+01 1.27252e-01 3.64091e-01
263  7073 -7.32939e+01 1.27257e-01 3.64094e-01
264  7238 -7.44901e+01 1.27259e-01 3.64095e-01
265  7407 -7.14509e+01 1.27256e-01 3.64092e-01
266  7580 -7.28198e+01 1.27256e-01 3.64091e-01
267  7757 -7.40605e+01 1.27260e-01 3.64095e-01
268  7938 -6.89409e+01 1.27261e-01 3.64096e-01
269  8124 -7.17492e+01 1.27258e-01 3.64093e-01
270  8313 -7.48075e+01 1.27248e-01 3.64092e-01
271  8507 -7.25046e+01 1.27244e-01 3.64092e-01
272  8706 -7.23912e+01 1.27237e-01 3.64091e-01
273  8909 -7.53859e+01 1.27236e-01 3.64089e-01
274  9118 -7.42137e+01 1.27233e-01 3.64089e-01
275  9330 -6.94501e+01 1.27235e-01 3.64095e-01
276  9548 -7.04371e+01 1.27238e-01 3.64095e-01
277  9771 -7.17194e+01 1.27238e-01 3.64094e-01
278 10000 -7.42871e+01 1.27243e-01 3.64097e-01
