i, epoch, loss, l2_err, h1_err
  0     1 -9.35443e+00 9.52611e-01 1.21562e+00
  1     2 -1.97191e+01 9.24166e-01 1.19592e+00
  2     3 -2.73348e+01 8.94742e-01 1.20148e+00
  3     4 -3.38367e+01 8.64484e-01 1.20783e+00
  4     5 -3.90559e+01 8.33166e-01 1.20560e+00
  5     6 -4.57699e+01 8.00969e-01 1.19250e+00
  6     7 -4.89587e+01 7.67981e-01 1.17238e+00
  7     8 -5.25646e+01 7.34658e-01 1.14880e+00
  8     9 -5.57625e+01 7.01048e-01 1.12128e+00
  9    10 -5.87964e+01 6.67285e-01 1.08989e+00
 10    11 -6.18299e+01 6.33708e-01 1.05498e+00
 11    12 -6.39092e+01 6.00655e-01 1.01764e+00
 12    13 -6.61528e+01 5.68322e-01 9.81117e-01
 13    14 -7.06565e+01 5.36730e-01 9.45917e-01
 14    15 -6.56382e+01 5.05780e-01 9.12983e-01
 15    16 -7.06457e+01 4.75479e-01 8.81279e-01
 16    17 -6.93609e+01 4.45623e-01 8.48839e-01
 17    18 -7.01194e+01 4.16425e-01 8.14117e-01
 18    19 -6.94307e+01 3.88106e-01 7.77371e-01
 19    20 -7.25816e+01 3.60675e-01 7.38293e-01
 20    21 -7.20916e+01 3.34329e-01 6.99324e-01
 21    22 -6.93525e+01 3.08931e-01 6.61996e-01
 22    23 -7.53969e+01 2.84686e-01 6.27390e-01
 23    24 -7.14930e+01 2.61486e-01 5.96439e-01
 24    25 -7.18414e+01 2.39334e-01 5.68604e-01
 25    26 -7.33720e+01 2.18432e-01 5.43033e-01
 26    27 -7.10017e+01 1.99123e-01 5.18448e-01
 27    28 -7.41730e+01 1.81474e-01 4.93910e-01
 28    29 -7.39046e+01 1.65480e-01 4.71087e-01
 29    30 -7.59185e+01 1.51294e-01 4.49604e-01
 30    31 -7.17491e+01 1.39363e-01 4.28425e-01
 31    32 -7.33318e+01 1.29680e-01 4.06670e-01
 32    33 -7.33206e+01 1.21811e-01 3.85826e-01
 33    34 -7.06609e+01 1.15468e-01 3.65825e-01
 34    35 -7.17602e+01 1.10311e-01 3.48137e-01
 35    36 -7.14464e+01 1.05944e-01 3.30725e-01
 36    37 -7.13154e+01 1.02113e-01 3.14681e-01
 37    38 -7.41397e+01 9.87777e-02 3.00584e-01
 38    39 -7.06160e+01 9.56748e-02 2.88436e-01
 39    40 -7.30879e+01 9.26190e-02 2.76026e-01
 40    41 -7.21254e+01 8.98107e-02 2.64044e-01
 41    42 -7.19600e+01 8.71268e-02 2.54179e-01
 42    43 -7.31693e+01 8.45008e-02 2.45566e-01
 43    44 -7.02411e+01 8.18286e-02 2.38438e-01
 44    45 -7.20423e+01 7.93785e-02 2.30467e-01
 45    46 -7.42870e+01 7.71950e-02 2.23840e-01
 46    47 -7.16743e+01 7.53666e-02 2.20932e-01
 47    48 -7.23670e+01 7.36587e-02 2.17686e-01
 48    49 -7.55225e+01 7.20031e-02 2.11430e-01
 49    50 -7.40035e+01 7.04181e-02 2.04146e-01
 50    51 -7.11367e+01 6.90152e-02 1.99048e-01
 51    53 -7.68992e+01 6.70612e-02 1.98634e-01
 52    54 -7.28658e+01 6.63300e-02 1.96678e-01
 53    55 -7.26707e+01 6.54770e-02 1.94534e-01
 54    56 -7.38150e+01 6.47809e-02 1.90155e-01
 55    58 -7.37498e+01 6.28310e-02 1.85073e-01
 56    59 -7.46045e+01 6.11116e-02 1.80181e-01
 57    60 -7.55516e+01 5.88181e-02 1.72147e-01
 58    62 -7.29804e+01 5.34722e-02 1.59536e-01
 59    63 -7.40115e+01 5.03847e-02 1.51540e-01
 60    65 -7.61134e+01 4.40782e-02 1.44151e-01
 61    66 -7.05608e+01 4.09159e-02 1.40475e-01
 62    68 -7.10030e+01 3.41785e-02 1.23211e-01
 63    69 -7.87156e+01 3.10166e-02 1.19549e-01
 64    71 -7.24058e+01 2.54923e-02 1.17365e-01
 65    73 -7.34097e+01 1.95551e-02 1.11496e-01
 66    74 -7.32364e+01 1.73140e-02 1.17784e-01
 67    76 -7.42410e+01 1.30252e-02 1.14403e-01
 68    78 -7.04544e+01 1.17656e-02 1.11483e-01
 69    80 -7.52312e+01 1.25997e-02 1.11272e-01
 70    82 -7.21905e+01 1.25155e-02 1.05668e-01
 71    84 -7.34189e+01 1.40015e-02 1.15659e-01
 72    86 -7.11365e+01 1.51799e-02 1.08785e-01
 73    88 -7.14871e+01 1.61039e-02 1.08396e-01
 74    90 -7.49488e+01 1.71639e-02 1.14300e-01
 75    92 -7.18788e+01 1.72845e-02 1.09386e-01
 76    94 -7.51765e+01 1.70655e-02 1.08445e-01
 77    96 -7.30060e+01 1.64555e-02 1.08529e-01
 78    98 -7.31074e+01 1.58577e-02 1.07658e-01
 79   101 -7.35256e+01 1.39607e-02 1.07528e-01
 80   103 -7.11591e+01 1.26084e-02 1.02338e-01
 81   105 -7.20250e+01 1.16135e-02 1.08789e-01
 82   108 -7.28868e+01 9.71356e-03 9.69852e-02
 83   110 -7.14117e+01 1.01078e-02 9.68413e-02
 84   113 -7.52967e+01 9.62718e-03 9.80528e-02
 85   116 -6.89056e+01 1.08110e-02 1.03529e-01
 86   118 -7.26039e+01 1.18353e-02 1.12034e-01
 87   121 -7.56148e+01 1.10292e-02 1.03103e-01
 88   124 -7.34012e+01 1.09829e-02 1.09994e-01
 89   127 -7.70625e+01 1.00759e-02 1.07271e-01
 90   130 -7.73705e+01 9.72997e-03 1.01795e-01
 91   133 -7.13800e+01 1.00242e-02 1.08812e-01
 92   136 -7.18379e+01 1.00654e-02 1.09687e-01
 93   139 -7.29651e+01 1.11036e-02 1.14849e-01
 94   143 -6.94591e+01 1.01829e-02 1.09033e-01
 95   146 -7.11607e+01 9.16708e-03 1.10566e-01
 96   149 -7.12403e+01 9.76762e-03 1.09236e-01
 97   153 -7.40498e+01 9.23584e-03 1.09987e-01
 98   156 -7.31888e+01 9.74673e-03 1.05561e-01
 99   160 -7.19202e+01 9.30974e-03 1.00966e-01
100   164 -7.56273e+01 1.12242e-02 1.18619e-01
101   168 -7.37501e+01 1.06366e-02 1.16780e-01
102   172 -7.34851e+01 1.11694e-02 1.15619e-01
103   176 -7.19991e+01 9.66514e-03 1.04828e-01
104   180 -7.59811e+01 1.02850e-02 1.04202e-01
105   184 -7.14769e+01 1.09576e-02 1.09095e-01
106   188 -7.42080e+01 1.02881e-02 1.03998e-01
107   193 -7.35999e+01 1.17199e-02 1.11855e-01
108   197 -7.31338e+01 9.59521e-03 1.06977e-01
109   202 -7.41439e+01 1.06124e-02 1.10984e-01
110   206 -7.52830e+01 1.03114e-02 1.09490e-01
111   211 -7.16170e+01 1.04595e-02 1.13958e-01
112   216 -7.54964e+01 9.75830e-03 1.10387e-01
113   221 -7.26165e+01 9.90278e-03 1.13467e-01
114   226 -7.32381e+01 1.11367e-02 1.23158e-01
115   232 -7.59665e+01 1.13233e-02 1.19794e-01
116   237 -7.22047e+01 1.18148e-02 1.19166e-01
117   243 -7.61894e+01 1.18143e-02 1.15703e-01
118   248 -7.29461e+01 1.11462e-02 1.09684e-01
119   254 -7.22063e+01 1.13998e-02 1.18492e-01
120   260 -7.17518e+01 1.11548e-02 1.17434e-01
121   266 -7.31693e+01 1.00666e-02 1.04925e-01
122   272 -7.31719e+01 1.01048e-02 1.11255e-01
123   279 -7.70530e+01 1.19020e-02 1.16139e-01
124   285 -7.06415e+01 1.05019e-02 1.16288e-01
125   292 -7.73597e+01 1.26352e-02 1.15911e-01
126   299 -7.49207e+01 1.37272e-02 1.26179e-01
127   306 -7.29770e+01 1.18598e-02 1.14656e-01
128   313 -7.44742e+01 1.12910e-02 1.05665e-01
129   320 -7.30868e+01 1.07904e-02 1.06831e-01
130   328 -7.12955e+01 1.20225e-02 1.11428e-01
131   335 -7.25386e+01 1.13205e-02 1.15881e-01
132   343 -7.44701e+01 1.05445e-02 1.03484e-01
133   351 -7.58483e+01 9.98396e-03 1.13368e-01
134   360 -7.12936e+01 1.15370e-02 1.23361e-01
135   368 -7.55616e+01 1.27273e-02 1.28609e-01
136   377 -7.25268e+01 1.09656e-02 1.19203e-01
137   385 -7.47050e+01 1.10326e-02 1.12978e-01
138   394 -7.28033e+01 1.20606e-02 1.28779e-01
139   404 -7.26649e+01 1.23008e-02 1.27677e-01
140   413 -7.42883e+01 1.11253e-02 1.14725e-01
141   423 -7.18952e+01 1.13152e-02 1.25572e-01
142   433 -7.18576e+01 1.06784e-02 1.13933e-01
143   443 -7.58709e+01 1.05489e-02 1.11850e-01
144   453 -7.07770e+01 1.00706e-02 1.09737e-01
145   464 -7.70281e+01 1.06423e-02 1.17276e-01
146   474 -7.77048e+01 8.64317e-03 9.14347e-02
147   486 -7.61068e+01 8.56711e-03 9.23564e-02
148   497 -7.63774e+01 8.25724e-03 9.50646e-02
149   509 -7.20707e+01 7.65860e-03 9.65345e-02
150   520 -6.99382e+01 7.74826e-03 8.53914e-02
151   533 -7.29984e+01 8.56333e-03 8.86081e-02
152   545 -7.28477e+01 8.60905e-03 9.00620e-02
153   558 -7.39156e+01 8.43584e-03 9.37448e-02
154   571 -7.27218e+01 8.23317e-03 9.11999e-02
155   584 -7.23651e+01 1.05050e-02 9.69220e-02
156   598 -7.57850e+01 7.86558e-03 9.11291e-02
157   612 -7.11442e+01 8.18957e-03 9.20090e-02
158   626 -6.95154e+01 8.45170e-03 9.32163e-02
159   641 -7.05538e+01 7.51466e-03 8.92439e-02
160   656 -7.38900e+01 8.04084e-03 9.36675e-02
161   671 -7.08758e+01 8.24613e-03 9.33171e-02
162   687 -7.24734e+01 6.90311e-03 7.99498e-02
163   703 -7.55451e+01 6.38775e-03 7.55085e-02
164   719 -6.96186e+01 6.23241e-03 7.85776e-02
165   736 -7.25181e+01 6.79108e-03 7.65820e-02
166   753 -7.40820e+01 6.05298e-03 7.65642e-02
167   771 -7.16431e+01 6.20923e-03 7.52917e-02
168   789 -7.31258e+01 5.94131e-03 7.77761e-02
169   807 -7.12056e+01 6.18550e-03 7.67582e-02
170   826 -7.40560e+01 5.90599e-03 7.50052e-02
171   845 -7.37116e+01 6.40615e-03 8.06659e-02
172   865 -7.12230e+01 5.77076e-03 7.78368e-02
173   885 -7.52357e+01 5.41666e-03 7.01089e-02
174   906 -7.53450e+01 4.41595e-03 6.56663e-02
175   927 -7.47011e+01 4.31323e-03 6.71460e-02
176   949 -6.90997e+01 4.45292e-03 6.80062e-02
177   971 -7.64756e+01 4.22208e-03 6.52528e-02
178   994 -7.29111e+01 4.57776e-03 6.84384e-02
179  1017 -7.40804e+01 4.62365e-03 6.68127e-02
180  1041 -7.43637e+01 4.57761e-03 6.85906e-02
181  1065 -7.31110e+01 5.19889e-03 6.89748e-02
182  1090 -7.15102e+01 4.05474e-03 6.21115e-02
183  1115 -7.52110e+01 3.66596e-03 6.25690e-02
184  1141 -7.36564e+01 3.98163e-03 6.35484e-02
185  1168 -7.46944e+01 3.69085e-03 6.15694e-02
186  1195 -7.26231e+01 4.12019e-03 6.35919e-02
187  1223 -7.59054e+01 4.15035e-03 6.26643e-02
188  1252 -7.45374e+01 3.76185e-03 6.18275e-02
189  1281 -7.36949e+01 3.76351e-03 6.18901e-02
190  1311 -6.96155e+01 3.09701e-03 5.98339e-02
191  1342 -7.58580e+01 2.86581e-03 5.91254e-02
192  1373 -7.12950e+01 3.49340e-03 6.04744e-02
193  1405 -7.14768e+01 3.16820e-03 5.96191e-02
194  1438 -6.98367e+01 3.18885e-03 6.03354e-02
195  1472 -7.13790e+01 3.06893e-03 5.98478e-02
196  1506 -7.29604e+01 2.65705e-03 5.72871e-02
197  1541 -7.28221e+01 2.78105e-03 5.80919e-02
198  1577 -7.65390e+01 2.85113e-03 5.82345e-02
199  1614 -7.17744e+01 2.72784e-03 5.82386e-02
200  1652 -7.58143e+01 2.71112e-03 5.77447e-02
201  1690 -7.26715e+01 2.66100e-03 5.78044e-02
202  1730 -7.13431e+01 2.53328e-03 5.72385e-02
203  1770 -7.68280e+01 2.60650e-03 5.75809e-02
204  1811 -7.32799e+01 2.50168e-03 5.70205e-02
205  1854 -7.06888e+01 2.44349e-03 5.68757e-02
206  1897 -7.35891e+01 2.43907e-03 5.67362e-02
207  1941 -7.15229e+01 2.33266e-03 5.62585e-02
208  1987 -7.56423e+01 2.28009e-03 5.61557e-02
209  2033 -7.57092e+01 2.28031e-03 5.63140e-02
210  2081 -7.01760e+01 2.29017e-03 5.63444e-02
211  2129 -7.26150e+01 2.23774e-03 5.60399e-02
212  2179 -7.55525e+01 2.18657e-03 5.58756e-02
213  2230 -7.47771e+01 2.18280e-03 5.59180e-02
214  2282 -7.41244e+01 2.21513e-03 5.60066e-02
215  2335 -7.09452e+01 2.19636e-03 5.58998e-02
216  2390 -7.43905e+01 2.18742e-03 5.58659e-02
217  2446 -7.38504e+01 2.16571e-03 5.58278e-02
218  2503 -7.39022e+01 2.15240e-03 5.57731e-02
219  2561 -7.14404e+01 2.14521e-03 5.57348e-02
220  2621 -7.41531e+01 2.14265e-03 5.57245e-02
221  2682 -7.44405e+01 2.13509e-03 5.57141e-02
222  2745 -7.42559e+01 2.12821e-03 5.56965e-02
223  2809 -7.39275e+01 2.12631e-03 5.56865e-02
224  2875 -7.28619e+01 2.12409e-03 5.56762e-02
225  2942 -7.46235e+01 2.12282e-03 5.56671e-02
226  3010 -7.34868e+01 2.11770e-03 5.56413e-02
227  3081 -7.09752e+01 2.11430e-03 5.56249e-02
228  3153 -7.37380e+01 2.11114e-03 5.56156e-02
229  3226 -7.31059e+01 2.11102e-03 5.56132e-02
230  3302 -7.12526e+01 2.11091e-03 5.56123e-02
231  3379 -7.27290e+01 2.11036e-03 5.56118e-02
232  3458 -7.18246e+01 2.11006e-03 5.56097e-02
233  3538 -7.44844e+01 2.10939e-03 5.56068e-02
234  3621 -7.30049e+01 2.10915e-03 5.56077e-02
235  3706 -6.99699e+01 2.10908e-03 5.56080e-02
236  3792 -7.47405e+01 2.10941e-03 5.56096e-02
237  3881 -7.25120e+01 2.10902e-03 5.56080e-02
238  3971 -7.18889e+01 2.10891e-03 5.56076e-02
239  4064 -7.56510e+01 2.10866e-03 5.56088e-02
240  4159 -7.15141e+01 2.10805e-03 5.56062e-02
241  4256 -7.56255e+01 2.10775e-03 5.56048e-02
242  4356 -7.44608e+01 2.10783e-03 5.56054e-02
243  4457 -7.29939e+01 2.10732e-03 5.56038e-02
244  4561 -7.20824e+01 2.10736e-03 5.56037e-02
245  4668 -7.11255e+01 2.10764e-03 5.56056e-02
246  4777 -7.57360e+01 2.10727e-03 5.56054e-02
247  4889 -7.38749e+01 2.10758e-03 5.56089e-02
248  5003 -7.36243e+01 2.10746e-03 5.56098e-02
249  5120 -7.51425e+01 2.10685e-03 5.56072e-02
250  5239 -7.32245e+01 2.10653e-03 5.56070e-02
251  5361 -6.98153e+01 2.10632e-03 5.56066e-02
252  5487 -7.21785e+01 2.10604e-03 5.56060e-02
253  5615 -7.63266e+01 2.10578e-03 5.56057e-02
254  5746 -7.18322e+01 2.10587e-03 5.56064e-02
255  5880 -7.56563e+01 2.10523e-03 5.56055e-02
256  6017 -7.38583e+01 2.10518e-03 5.56065e-02
257  6158 -7.42150e+01 2.10420e-03 5.56026e-02
258  6302 -7.76175e+01 2.10433e-03 5.56027e-02
259  6449 -7.12983e+01 2.10393e-03 5.56013e-02
260  6600 -7.43846e+01 2.10281e-03 5.55967e-02
261  6754 -7.11019e+01 2.10162e-03 5.55928e-02
262  6911 -7.44582e+01 2.10162e-03 5.55932e-02
263  7073 -7.11654e+01 2.10192e-03 5.55939e-02
264  7238 -7.41756e+01 2.10163e-03 5.55958e-02
265  7407 -7.14656e+01 2.10126e-03 5.55930e-02
266  7580 -7.16179e+01 2.10040e-03 5.55945e-02
267  7757 -7.03314e+01 2.10012e-03 5.55956e-02
268  7938 -7.46320e+01 2.10053e-03 5.55973e-02
269  8124 -7.63788e+01 2.10067e-03 5.55991e-02
270  8313 -7.33899e+01 2.10084e-03 5.55985e-02
271  8507 -7.29381e+01 2.10075e-03 5.55984e-02
272  8706 -7.50982e+01 2.10053e-03 5.55981e-02
273  8909 -7.25712e+01 2.10068e-03 5.55956e-02
274  9118 -7.18201e+01 2.09960e-03 5.55926e-02
275  9330 -7.47658e+01 2.09950e-03 5.55943e-02
276  9548 -7.42797e+01 2.09877e-03 5.55925e-02
277  9771 -7.47732e+01 2.09789e-03 5.55885e-02
278 10000 -7.17695e+01 2.09800e-03 5.55910e-02
