i, epoch, loss, l2_err, h1_err
  0     1 -4.60935e+00 9.77459e-01 1.33979e+00
  1     2 -1.39787e+01 9.57408e-01 1.30489e+00
  2     3 -2.09149e+01 9.35319e-01 1.32798e+00
  3     4 -2.89696e+01 9.11816e-01 1.35564e+00
  4     5 -3.59260e+01 8.87265e-01 1.37277e+00
  5     6 -4.00749e+01 8.61945e-01 1.38089e+00
  6     7 -4.35792e+01 8.35749e-01 1.37794e+00
  7     8 -4.79739e+01 8.08841e-01 1.36570e+00
  8     9 -5.23706e+01 7.81504e-01 1.34654e+00
  9    10 -5.68979e+01 7.54045e-01 1.32271e+00
 10    11 -5.92334e+01 7.26336e-01 1.29605e+00
 11    12 -6.07417e+01 6.98630e-01 1.26879e+00
 12    13 -6.22622e+01 6.71018e-01 1.24103e+00
 13    14 -6.59535e+01 6.43414e-01 1.21109e+00
 14    15 -6.66920e+01 6.15875e-01 1.17870e+00
 15    16 -6.70841e+01 5.88409e-01 1.14315e+00
 16    17 -6.81713e+01 5.61449e-01 1.10426e+00
 17    18 -6.56023e+01 5.34896e-01 1.06326e+00
 18    19 -6.82282e+01 5.08896e-01 1.02099e+00
 19    20 -6.94077e+01 4.83647e-01 9.78397e-01
 20    21 -7.11704e+01 4.59259e-01 9.36610e-01
 21    22 -7.37857e+01 4.35847e-01 8.96382e-01
 22    23 -7.20631e+01 4.13479e-01 8.59267e-01
 23    24 -6.85037e+01 3.91954e-01 8.25528e-01
 24    25 -6.89604e+01 3.71443e-01 7.94319e-01
 25    26 -7.22496e+01 3.51685e-01 7.65019e-01
 26    27 -7.04164e+01 3.32469e-01 7.36810e-01
 27    28 -7.46190e+01 3.13960e-01 7.08083e-01
 28    29 -6.72077e+01 2.96156e-01 6.78206e-01
 29    30 -7.31758e+01 2.79115e-01 6.46034e-01
 30    31 -7.13596e+01 2.62879e-01 6.13282e-01
 31    32 -7.42024e+01 2.47596e-01 5.81103e-01
 32    33 -7.36512e+01 2.33253e-01 5.49788e-01
 33    34 -7.48281e+01 2.19779e-01 5.19083e-01
 34    35 -7.28904e+01 2.07133e-01 4.90325e-01
 35    36 -7.17385e+01 1.95358e-01 4.64561e-01
 36    37 -7.84033e+01 1.84185e-01 4.40623e-01
 37    38 -7.30894e+01 1.73517e-01 4.18387e-01
 38    39 -7.27731e+01 1.63593e-01 3.98120e-01
 39    40 -7.36655e+01 1.53974e-01 3.78975e-01
 40    41 -7.59550e+01 1.44710e-01 3.62873e-01
 41    42 -7.52851e+01 1.35942e-01 3.48041e-01
 42    43 -7.41402e+01 1.27350e-01 3.32545e-01
 43    44 -7.20958e+01 1.18966e-01 3.18155e-01
 44    45 -7.56759e+01 1.11014e-01 3.03895e-01
 45    46 -7.28905e+01 1.03461e-01 2.87815e-01
 46    47 -7.28038e+01 9.64498e-02 2.72989e-01
 47    48 -7.50060e+01 8.97625e-02 2.62133e-01
 48    49 -7.12776e+01 8.34630e-02 2.53307e-01
 49    50 -7.04072e+01 7.74288e-02 2.46681e-01
 50    51 -7.56361e+01 7.17590e-02 2.40584e-01
 51    53 -7.59959e+01 6.06795e-02 2.19972e-01
 52    54 -7.64422e+01 5.51382e-02 2.08080e-01
 53    55 -7.34466e+01 5.00150e-02 2.02606e-01
 54    56 -7.51175e+01 4.54579e-02 1.99655e-01
 55    58 -7.49677e+01 3.76223e-02 1.85640e-01
 56    59 -7.18851e+01 3.40756e-02 1.74829e-01
 57    60 -7.28803e+01 3.11922e-02 1.68713e-01
 58    62 -7.15219e+01 2.75403e-02 1.65857e-01
 59    63 -7.36951e+01 2.67033e-02 1.61918e-01
 60    65 -6.99357e+01 2.66933e-02 1.61469e-01
 61    66 -7.54336e+01 2.69950e-02 1.61828e-01
 62    68 -7.12354e+01 2.76682e-02 1.49595e-01
 63    69 -7.36059e+01 2.82402e-02 1.47986e-01
 64    71 -7.26174e+01 3.00357e-02 1.42134e-01
 65    73 -7.22038e+01 3.11853e-02 1.42367e-01
 66    74 -7.18394e+01 3.13162e-02 1.39214e-01
 67    76 -7.51438e+01 3.11281e-02 1.32024e-01
 68    78 -7.04598e+01 2.97265e-02 1.42086e-01
 69    80 -7.15754e+01 2.78044e-02 1.42068e-01
 70    82 -6.73771e+01 2.63010e-02 1.32491e-01
 71    84 -7.39956e+01 2.45074e-02 1.33375e-01
 72    86 -7.18386e+01 2.18481e-02 1.30123e-01
 73    88 -7.48217e+01 1.95170e-02 1.34389e-01
 74    90 -7.53061e+01 1.74450e-02 1.32898e-01
 75    92 -7.33048e+01 1.57008e-02 1.28475e-01
 76    94 -7.45948e+01 1.43361e-02 1.25435e-01
 77    96 -7.46229e+01 1.29023e-02 1.15223e-01
 78    98 -7.45848e+01 1.26837e-02 1.22757e-01
 79   101 -7.33726e+01 1.07267e-02 1.11830e-01
 80   103 -7.18002e+01 9.90292e-03 1.21017e-01
 81   105 -7.28523e+01 1.05434e-02 1.28437e-01
 82   108 -7.09524e+01 9.19168e-03 1.14419e-01
 83   110 -7.57706e+01 1.00733e-02 1.24507e-01
 84   113 -7.33465e+01 1.01657e-02 1.22750e-01
 85   116 -7.26266e+01 1.04831e-02 1.18008e-01
 86   118 -7.65948e+01 1.03477e-02 1.22906e-01
 87   121 -7.23677e+01 1.01397e-02 1.20171e-01
 88   124 -7.33191e+01 9.91022e-03 1.13857e-01
 89   127 -7.12118e+01 1.00502e-02 1.20714e-01
 90   130 -7.30688e+01 1.08854e-02 1.29691e-01
 91   133 -7.40088e+01 1.07852e-02 1.29313e-01
 92   136 -7.42550e+01 1.06284e-02 1.33039e-01
 93   139 -7.52649e+01 9.49008e-03 1.22025e-01
 94   143 -7.14544e+01 1.09159e-02 1.27783e-01
 95   146 -7.07546e+01 1.13028e-02 1.38753e-01
 96   149 -7.45115e+01 1.06921e-02 1.24891e-01
 97   153 -7.48604e+01 1.07500e-02 1.33666e-01
 98   156 -7.01686e+01 1.10455e-02 1.34958e-01
 99   160 -7.07409e+01 1.01581e-02 1.23711e-01
100   164 -7.12202e+01 1.13566e-02 1.35623e-01
101   168 -7.49138e+01 1.07556e-02 1.35248e-01
102   172 -7.59811e+01 1.05443e-02 1.24440e-01
103   176 -7.46381e+01 1.07793e-02 1.29361e-01
104   180 -7.25242e+01 1.05420e-02 1.31653e-01
105   184 -7.37232e+01 9.73540e-03 1.21128e-01
106   188 -7.46139e+01 1.04524e-02 1.25188e-01
107   193 -7.37603e+01 1.00668e-02 1.21702e-01
108   197 -7.27880e+01 1.02716e-02 1.19995e-01
109   202 -7.26845e+01 9.95486e-03 1.21404e-01
110   206 -7.57795e+01 1.02393e-02 1.22200e-01
111   211 -7.24501e+01 1.12532e-02 1.31456e-01
112   216 -7.12250e+01 1.16506e-02 1.33783e-01
113   221 -7.19474e+01 1.13373e-02 1.35782e-01
114   226 -7.20764e+01 1.18826e-02 1.35228e-01
115   232 -7.19992e+01 1.34592e-02 1.43009e-01
116   237 -7.32840e+01 1.22835e-02 1.40081e-01
117   243 -7.29963e+01 8.44341e-03 1.04582e-01
118   248 -7.15695e+01 8.31296e-03 1.10482e-01
119   254 -7.41616e+01 8.19869e-03 1.02502e-01
120   260 -7.28335e+01 7.63431e-03 9.48567e-02
121   266 -7.11443e+01 8.20530e-03 9.99636e-02
122   272 -7.09792e+01 7.79354e-03 9.89376e-02
123   279 -7.12665e+01 7.10953e-03 8.77816e-02
124   285 -7.49014e+01 8.00014e-03 9.56013e-02
125   292 -7.44273e+01 8.11015e-03 9.61342e-02
126   299 -7.14567e+01 8.74019e-03 1.01918e-01
127   306 -7.41027e+01 8.24992e-03 1.00181e-01
128   313 -7.06511e+01 8.01880e-03 1.00878e-01
129   320 -7.46413e+01 7.28458e-03 9.65228e-02
130   328 -7.56072e+01 8.68736e-03 1.02924e-01
131   335 -7.59101e+01 7.90700e-03 1.00011e-01
132   343 -7.13012e+01 9.31891e-03 1.02905e-01
133   351 -7.25501e+01 9.39245e-03 1.03916e-01
134   360 -7.13396e+01 8.35399e-03 1.00203e-01
135   368 -7.52472e+01 8.09165e-03 1.03111e-01
136   377 -7.11582e+01 8.01287e-03 1.01145e-01
137   385 -7.45928e+01 8.06909e-03 1.00622e-01
138   394 -7.30162e+01 8.30268e-03 1.03007e-01
139   404 -7.42548e+01 8.02453e-03 1.00966e-01
140   413 -7.16032e+01 7.31502e-03 9.47919e-02
141   423 -7.15389e+01 8.03064e-03 9.70493e-02
142   433 -7.36938e+01 8.26171e-03 1.03414e-01
143   443 -7.72772e+01 8.44489e-03 1.03919e-01
144   453 -7.17742e+01 8.33439e-03 1.04134e-01
145   464 -7.49000e+01 8.05622e-03 1.04114e-01
146   474 -7.16725e+01 8.81107e-03 1.02290e-01
147   486 -7.08851e+01 6.38185e-03 8.17218e-02
148   497 -7.39447e+01 6.78699e-03 8.24825e-02
149   509 -7.32111e+01 5.89039e-03 7.72609e-02
150   520 -7.57472e+01 6.23646e-03 7.49063e-02
151   533 -7.14795e+01 5.43143e-03 7.66663e-02
152   545 -7.40976e+01 6.16864e-03 8.13384e-02
153   558 -7.42646e+01 6.63394e-03 7.93974e-02
154   571 -7.20742e+01 6.48446e-03 7.59146e-02
155   584 -7.31983e+01 5.75841e-03 7.60426e-02
156   598 -7.14659e+01 5.87482e-03 7.64805e-02
157   612 -6.98122e+01 5.48318e-03 7.32775e-02
158   626 -7.20413e+01 6.02173e-03 7.27723e-02
159   641 -7.46583e+01 6.04983e-03 7.75654e-02
160   656 -7.46381e+01 5.82703e-03 8.16821e-02
161   671 -7.28670e+01 6.43624e-03 8.40202e-02
162   687 -7.12032e+01 4.66418e-03 6.25069e-02
163   703 -7.51239e+01 4.10778e-03 5.75502e-02
164   719 -7.71667e+01 4.33626e-03 6.04274e-02
165   736 -7.46614e+01 4.55602e-03 6.09182e-02
166   753 -7.48400e+01 4.38302e-03 5.83383e-02
167   771 -7.38979e+01 4.38513e-03 5.98880e-02
168   789 -7.64707e+01 4.69760e-03 6.08941e-02
169   807 -7.38389e+01 4.30106e-03 6.18156e-02
170   826 -7.28746e+01 4.30003e-03 5.77298e-02
171   845 -7.40813e+01 5.12961e-03 6.22795e-02
172   865 -7.35177e+01 4.67674e-03 5.90130e-02
173   885 -7.32492e+01 3.30317e-03 4.79357e-02
174   906 -7.76688e+01 3.22032e-03 4.55005e-02
175   927 -7.37702e+01 3.28423e-03 4.76282e-02
176   949 -7.64833e+01 3.18868e-03 4.55752e-02
177   971 -7.53693e+01 3.46203e-03 4.93203e-02
178   994 -7.54460e+01 3.20743e-03 4.80898e-02
179  1017 -7.00084e+01 3.31958e-03 4.98461e-02
180  1041 -7.18679e+01 3.85596e-03 5.25564e-02
181  1065 -7.62757e+01 3.59407e-03 5.03834e-02
182  1090 -7.28485e+01 2.50758e-03 4.27140e-02
183  1115 -7.20179e+01 2.63463e-03 4.11383e-02
184  1141 -7.19300e+01 2.63423e-03 4.28783e-02
185  1168 -7.56909e+01 2.38803e-03 4.05023e-02
186  1195 -7.48890e+01 2.41545e-03 4.08695e-02
187  1223 -7.33178e+01 2.34175e-03 3.89001e-02
188  1252 -7.13399e+01 2.27044e-03 4.00390e-02
189  1281 -7.33288e+01 2.29822e-03 3.87561e-02
190  1311 -7.55698e+01 1.75419e-03 3.52173e-02
191  1342 -7.83882e+01 1.83905e-03 3.57700e-02
192  1373 -7.30634e+01 1.85850e-03 3.56126e-02
193  1405 -7.51533e+01 1.71908e-03 3.59571e-02
194  1438 -7.28321e+01 1.84725e-03 3.65615e-02
195  1472 -7.16767e+01 1.74433e-03 3.49012e-02
196  1506 -7.40935e+01 1.70142e-03 3.40859e-02
197  1541 -7.14167e+01 1.53476e-03 3.34946e-02
198  1577 -7.20813e+01 1.49902e-03 3.32798e-02
199  1614 -7.24818e+01 1.51632e-03 3.30947e-02
200  1652 -7.12053e+01 1.47079e-03 3.33542e-02
201  1690 -7.38268e+01 1.37295e-03 3.26503e-02
202  1730 -7.58027e+01 1.34450e-03 3.31845e-02
203  1770 -7.13688e+01 1.16060e-03 3.13980e-02
204  1811 -7.04429e+01 1.10033e-03 3.10568e-02
205  1854 -6.90143e+01 1.09577e-03 3.11627e-02
206  1897 -7.22146e+01 1.16788e-03 3.10233e-02
207  1941 -7.24104e+01 1.12292e-03 3.09943e-02
208  1987 -7.14743e+01 1.03656e-03 3.06872e-02
209  2033 -7.42458e+01 9.80683e-04 3.05472e-02
210  2081 -7.49949e+01 9.50614e-04 3.04279e-02
211  2129 -7.14939e+01 9.91282e-04 3.06926e-02
212  2179 -6.87146e+01 9.31960e-04 3.04364e-02
213  2230 -7.60634e+01 8.84045e-04 3.01270e-02
214  2282 -7.35935e+01 8.81077e-04 3.01069e-02
215  2335 -7.16042e+01 8.49328e-04 2.99950e-02
216  2390 -7.40711e+01 8.37098e-04 2.99327e-02
217  2446 -7.38610e+01 8.35632e-04 2.99773e-02
218  2503 -7.06041e+01 8.17027e-04 2.98941e-02
219  2561 -7.43085e+01 8.06109e-04 2.98159e-02
220  2621 -7.39437e+01 7.96397e-04 2.97654e-02
221  2682 -7.84189e+01 7.93355e-04 2.97784e-02
222  2745 -7.47726e+01 7.89334e-04 2.97802e-02
223  2809 -7.51193e+01 7.83459e-04 2.97449e-02
224  2875 -7.44603e+01 7.79308e-04 2.97279e-02
225  2942 -7.38683e+01 7.76875e-04 2.97248e-02
226  3010 -7.32875e+01 7.74760e-04 2.97193e-02
227  3081 -7.15843e+01 7.73611e-04 2.97167e-02
228  3153 -7.23800e+01 7.72531e-04 2.97175e-02
229  3226 -7.20852e+01 7.69575e-04 2.96984e-02
230  3302 -7.26533e+01 7.67589e-04 2.96920e-02
231  3379 -7.17066e+01 7.66424e-04 2.96855e-02
232  3458 -7.01923e+01 7.65314e-04 2.96784e-02
233  3538 -7.70495e+01 7.64565e-04 2.96795e-02
234  3621 -7.19620e+01 7.64320e-04 2.96788e-02
235  3706 -7.55443e+01 7.63580e-04 2.96745e-02
236  3792 -7.52565e+01 7.62601e-04 2.96736e-02
237  3881 -7.38960e+01 7.61300e-04 2.96677e-02
238  3971 -7.32627e+01 7.60756e-04 2.96664e-02
239  4064 -6.88608e+01 7.59981e-04 2.96601e-02
240  4159 -7.31307e+01 7.59299e-04 2.96520e-02
241  4256 -7.31055e+01 7.58622e-04 2.96472e-02
242  4356 -7.29817e+01 7.57821e-04 2.96427e-02
243  4457 -7.37936e+01 7.56786e-04 2.96387e-02
244  4561 -7.23627e+01 7.55508e-04 2.96346e-02
245  4668 -7.46436e+01 7.55206e-04 2.96393e-02
246  4777 -7.38807e+01 7.54654e-04 2.96365e-02
247  4889 -7.40607e+01 7.53524e-04 2.96291e-02
248  5003 -7.55631e+01 7.53255e-04 2.96283e-02
249  5120 -7.46066e+01 7.52742e-04 2.96276e-02
250  5239 -7.55437e+01 7.51737e-04 2.96253e-02
251  5361 -7.47967e+01 7.50841e-04 2.96175e-02
252  5487 -7.25502e+01 7.49891e-04 2.96108e-02
253  5615 -7.43026e+01 7.49837e-04 2.96120e-02
254  5746 -7.07695e+01 7.48954e-04 2.96081e-02
255  5880 -7.52544e+01 7.48208e-04 2.96099e-02
256  6017 -7.13915e+01 7.48491e-04 2.96102e-02
257  6158 -7.08668e+01 7.47986e-04 2.96036e-02
258  6302 -7.08435e+01 7.46922e-04 2.96007e-02
259  6449 -7.49107e+01 7.46272e-04 2.95990e-02
260  6600 -7.35579e+01 7.44815e-04 2.95896e-02
261  6754 -7.40662e+01 7.43653e-04 2.95821e-02
262  6911 -7.50036e+01 7.43252e-04 2.95827e-02
263  7073 -7.10572e+01 7.42761e-04 2.95764e-02
264  7238 -7.49023e+01 7.42297e-04 2.95769e-02
265  7407 -7.51896e+01 7.41372e-04 2.95782e-02
266  7580 -7.41617e+01 7.40623e-04 2.95792e-02
267  7757 -7.07757e+01 7.39725e-04 2.95739e-02
268  7938 -7.53737e+01 7.38860e-04 2.95719e-02
269  8124 -7.13923e+01 7.38016e-04 2.95673e-02
270  8313 -7.06243e+01 7.37480e-04 2.95650e-02
271  8507 -7.33807e+01 7.36785e-04 2.95625e-02
272  8706 -7.25127e+01 7.36036e-04 2.95642e-02
273  8909 -7.40936e+01 7.35689e-04 2.95651e-02
274  9118 -7.40320e+01 7.34703e-04 2.95572e-02
275  9330 -7.32122e+01 7.33829e-04 2.95593e-02
276  9548 -7.43309e+01 7.33549e-04 2.95546e-02
277  9771 -7.25881e+01 7.32678e-04 2.95479e-02
278 10000 -7.64650e+01 7.32233e-04 2.95457e-02
