i, epoch, loss, l2_err, h1_err
  0     1 -1.50870e+01 8.83888e-01 9.60869e-01
  1     2 -2.34906e+01 8.27353e-01 9.13289e-01
  2     3 -3.19403e+01 7.71927e-01 8.81269e-01
  3     4 -3.78912e+01 7.16031e-01 8.50708e-01
  4     5 -4.23268e+01 6.60613e-01 8.18504e-01
  5     6 -4.93312e+01 6.06407e-01 7.84142e-01
  6     7 -5.46546e+01 5.54030e-01 7.47974e-01
  7     8 -5.71331e+01 5.04004e-01 7.09974e-01
  8     9 -6.16254e+01 4.56681e-01 6.72564e-01
  9    10 -6.07288e+01 4.12195e-01 6.36537e-01
 10    11 -6.51385e+01 3.70705e-01 6.02671e-01
 11    12 -6.59393e+01 3.32325e-01 5.71500e-01
 12    13 -6.88968e+01 2.96787e-01 5.43045e-01
 13    14 -6.61522e+01 2.64076e-01 5.18016e-01
 14    15 -6.99313e+01 2.34150e-01 4.96138e-01
 15    16 -7.07308e+01 2.07346e-01 4.77006e-01
 16    17 -7.26400e+01 1.83670e-01 4.59890e-01
 17    18 -6.93271e+01 1.63592e-01 4.44960e-01
 18    19 -7.04846e+01 1.47667e-01 4.31993e-01
 19    20 -6.80186e+01 1.36198e-01 4.21344e-01
 20    21 -7.27890e+01 1.29579e-01 4.11302e-01
 21    22 -7.10863e+01 1.27168e-01 4.00678e-01
 22    23 -7.04777e+01 1.27729e-01 3.88434e-01
 23    24 -6.97723e+01 1.30072e-01 3.74719e-01
 24    25 -6.95540e+01 1.33530e-01 3.59620e-01
 25    26 -7.42394e+01 1.36943e-01 3.44117e-01
 26    27 -7.25630e+01 1.39619e-01 3.29714e-01
 27    28 -7.30512e+01 1.41080e-01 3.16514e-01
 28    29 -7.08107e+01 1.41094e-01 3.05268e-01
 29    30 -7.26480e+01 1.39845e-01 2.95792e-01
 30    31 -7.15521e+01 1.37518e-01 2.87781e-01
 31    32 -6.87126e+01 1.34285e-01 2.80450e-01
 32    33 -7.09509e+01 1.30283e-01 2.72844e-01
 33    34 -7.47624e+01 1.25652e-01 2.64866e-01
 34    35 -7.48844e+01 1.20287e-01 2.56158e-01
 35    36 -7.16889e+01 1.14516e-01 2.47223e-01
 36    37 -7.06981e+01 1.08309e-01 2.38273e-01
 37    38 -7.54607e+01 1.02368e-01 2.30254e-01
 38    39 -7.53673e+01 9.66680e-02 2.23142e-01
 39    40 -7.43493e+01 9.16454e-02 2.16119e-01
 40    41 -7.18770e+01 8.71195e-02 2.09540e-01
 41    42 -7.17544e+01 8.28819e-02 2.04456e-01
 42    43 -7.01036e+01 7.89379e-02 2.00874e-01
 43    44 -7.43529e+01 7.44801e-02 1.97702e-01
 44    45 -7.15301e+01 6.94108e-02 1.93727e-01
 45    46 -7.28352e+01 6.39842e-02 1.88959e-01
 46    47 -7.59149e+01 5.82653e-02 1.83210e-01
 47    48 -7.27651e+01 5.25204e-02 1.77069e-01
 48    49 -7.52999e+01 4.70944e-02 1.70574e-01
 49    50 -7.48750e+01 4.20515e-02 1.64526e-01
 50    51 -7.41071e+01 3.76796e-02 1.58175e-01
 51    53 -7.18005e+01 3.19089e-02 1.46506e-01
 52    54 -7.30497e+01 3.04320e-02 1.40696e-01
 53    55 -7.17604e+01 2.92424e-02 1.34102e-01
 54    56 -7.54761e+01 2.83584e-02 1.28250e-01
 55    58 -7.62148e+01 2.73591e-02 1.18874e-01
 56    59 -7.33689e+01 2.73151e-02 1.17040e-01
 57    60 -7.35538e+01 2.76464e-02 1.16698e-01
 58    62 -7.35991e+01 2.92865e-02 1.17571e-01
 59    63 -7.13297e+01 2.99630e-02 1.17356e-01
 60    65 -7.31035e+01 2.97234e-02 1.11953e-01
 61    66 -7.23389e+01 2.94549e-02 1.10915e-01
 62    68 -7.21450e+01 2.88684e-02 1.10615e-01
 63    69 -7.09255e+01 2.83763e-02 1.07991e-01
 64    71 -7.38568e+01 2.77291e-02 1.04033e-01
 65    73 -7.35201e+01 2.64938e-02 1.02668e-01
 66    74 -7.24407e+01 2.52995e-02 1.01459e-01
 67    76 -7.30162e+01 2.24612e-02 9.79803e-02
 68    78 -7.58321e+01 1.90616e-02 9.53995e-02
 69    80 -7.49743e+01 1.73182e-02 9.56401e-02
 70    82 -7.31642e+01 1.59926e-02 9.15846e-02
 71    84 -7.14199e+01 1.43495e-02 8.95574e-02
 72    86 -7.17838e+01 1.30410e-02 8.90874e-02
 73    88 -7.51732e+01 1.38572e-02 8.94853e-02
 74    90 -7.23896e+01 1.27868e-02 8.60350e-02
 75    92 -7.27908e+01 1.07976e-02 8.42821e-02
 76    94 -7.26688e+01 1.08381e-02 8.66870e-02
 77    96 -7.07846e+01 1.08005e-02 8.44291e-02
 78    98 -7.66520e+01 1.13619e-02 8.34124e-02
 79   101 -7.41606e+01 1.28006e-02 8.64343e-02
 80   103 -7.50472e+01 1.17193e-02 8.49399e-02
 81   105 -7.56485e+01 9.84955e-03 8.24022e-02
 82   108 -7.32735e+01 1.01869e-02 8.46491e-02
 83   110 -7.39343e+01 9.83821e-03 8.35891e-02
 84   113 -7.63851e+01 1.30758e-02 8.90616e-02
 85   116 -7.23654e+01 1.31625e-02 8.46723e-02
 86   118 -7.36497e+01 1.30955e-02 8.73601e-02
 87   121 -7.22689e+01 1.06351e-02 8.13100e-02
 88   124 -7.28852e+01 9.39890e-03 8.53942e-02
 89   127 -7.57643e+01 9.84561e-03 8.30598e-02
 90   130 -7.37453e+01 1.09790e-02 8.59165e-02
 91   133 -7.10052e+01 1.04782e-02 8.48592e-02
 92   136 -7.40681e+01 1.12878e-02 8.67335e-02
 93   139 -7.06126e+01 9.90809e-03 8.08257e-02
 94   143 -7.13359e+01 1.09125e-02 8.27795e-02
 95   146 -7.64409e+01 1.03143e-02 8.39574e-02
 96   149 -7.26527e+01 8.84949e-03 7.99056e-02
 97   153 -7.46824e+01 1.18447e-02 8.46835e-02
 98   156 -6.99414e+01 1.32360e-02 8.94662e-02
 99   160 -7.35122e+01 1.16413e-02 8.60683e-02
100   164 -7.07443e+01 1.23260e-02 8.73848e-02
101   168 -7.20222e+01 1.17325e-02 8.94879e-02
102   172 -7.40897e+01 1.22925e-02 8.95041e-02
103   176 -7.76572e+01 1.24625e-02 9.01517e-02
104   180 -7.43169e+01 1.00241e-02 8.56943e-02
105   184 -7.27175e+01 1.08915e-02 8.58595e-02
106   188 -7.77176e+01 1.12365e-02 8.78256e-02
107   193 -7.30538e+01 1.18598e-02 8.74138e-02
108   197 -7.40277e+01 1.10612e-02 9.01875e-02
109   202 -6.95174e+01 1.14230e-02 8.78995e-02
110   206 -7.33516e+01 1.10905e-02 8.40230e-02
111   211 -7.61607e+01 1.26868e-02 9.07934e-02
112   216 -7.13416e+01 1.75131e-02 9.30946e-02
113   221 -6.94145e+01 1.34466e-02 9.33982e-02
114   226 -7.08822e+01 1.29013e-02 9.09331e-02
115   232 -7.63876e+01 1.34094e-02 9.34810e-02
116   237 -6.95391e+01 1.30486e-02 9.39176e-02
117   243 -7.25516e+01 1.27321e-02 9.07289e-02
118   248 -7.17796e+01 1.07257e-02 8.78370e-02
119   254 -7.24112e+01 1.25379e-02 8.97533e-02
120   260 -7.47451e+01 1.08841e-02 8.70160e-02
121   266 -7.26378e+01 1.34688e-02 9.05284e-02
122   272 -7.04511e+01 1.28420e-02 8.73515e-02
123   279 -7.15112e+01 1.06042e-02 8.31319e-02
124   285 -7.42823e+01 1.23115e-02 9.01221e-02
125   292 -6.93171e+01 1.21024e-02 9.10349e-02
126   299 -7.27471e+01 1.09994e-02 8.81271e-02
127   306 -7.60269e+01 1.18529e-02 8.77237e-02
128   313 -7.71190e+01 1.17211e-02 8.89985e-02
129   320 -7.51554e+01 1.03033e-02 8.58029e-02
130   328 -7.25523e+01 1.01805e-02 8.67713e-02
131   335 -6.91275e+01 1.21301e-02 9.19430e-02
132   343 -7.17684e+01 1.05814e-02 8.42804e-02
133   351 -7.62696e+01 1.33359e-02 8.99480e-02
134   360 -6.87589e+01 1.07521e-02 8.76074e-02
135   368 -7.63766e+01 1.33599e-02 9.11931e-02
136   377 -7.50858e+01 1.03469e-02 8.40570e-02
137   385 -7.44113e+01 1.23559e-02 9.10502e-02
138   394 -7.28678e+01 1.27667e-02 9.23168e-02
139   404 -7.27661e+01 1.25754e-02 9.14020e-02
140   413 -7.43148e+01 1.08249e-02 8.63890e-02
141   423 -7.43744e+01 1.07302e-02 8.52956e-02
142   433 -7.26586e+01 1.42086e-02 9.01856e-02
143   443 -7.42298e+01 1.41207e-02 9.20290e-02
144   453 -7.40358e+01 1.26920e-02 8.94068e-02
145   464 -7.61024e+01 1.03007e-02 8.33316e-02
146   474 -7.09254e+01 1.19497e-02 8.89842e-02
147   486 -7.56158e+01 1.35295e-02 8.97798e-02
148   497 -7.03672e+01 1.35589e-02 9.34807e-02
149   509 -7.77319e+01 1.24395e-02 8.87797e-02
150   520 -7.20580e+01 1.16954e-02 9.05390e-02
151   533 -7.08647e+01 1.14294e-02 9.14019e-02
152   545 -7.55384e+01 1.03359e-02 8.34403e-02
153   558 -7.40316e+01 1.34630e-02 9.31045e-02
154   571 -7.33877e+01 1.06300e-02 8.69258e-02
155   584 -6.94682e+01 1.12030e-02 9.18364e-02
156   598 -7.04100e+01 1.40688e-02 8.93420e-02
157   612 -7.23627e+01 1.26728e-02 9.09462e-02
158   626 -7.47506e+01 1.41436e-02 9.71044e-02
159   641 -7.27074e+01 1.19133e-02 8.85835e-02
160   656 -7.17504e+01 1.23203e-02 8.70150e-02
161   671 -7.10159e+01 1.30823e-02 8.63324e-02
162   687 -7.60021e+01 1.17045e-02 8.78259e-02
163   703 -7.26290e+01 1.01936e-02 8.39065e-02
164   719 -7.11609e+01 1.43677e-02 9.75195e-02
165   736 -7.49489e+01 1.32998e-02 9.31166e-02
166   753 -7.34867e+01 1.08560e-02 8.73718e-02
167   771 -7.37192e+01 9.86247e-03 8.16704e-02
168   789 -7.31527e+01 8.94240e-03 8.25757e-02
169   807 -7.28426e+01 1.04300e-02 8.46552e-02
170   826 -7.29449e+01 9.81287e-03 8.20660e-02
171   845 -7.33942e+01 9.69199e-03 8.19225e-02
172   865 -7.15878e+01 9.58271e-03 8.37144e-02
173   885 -7.31332e+01 1.06962e-02 8.31271e-02
174   906 -7.00516e+01 9.45083e-03 8.40414e-02
175   927 -7.19619e+01 1.06391e-02 8.60024e-02
176   949 -7.01141e+01 1.12969e-02 8.49473e-02
177   971 -7.62024e+01 9.92046e-03 8.11084e-02
178   994 -7.36023e+01 9.11606e-03 7.95888e-02
179  1017 -7.32759e+01 1.07184e-02 8.14201e-02
180  1041 -7.43245e+01 9.30164e-03 8.02256e-02
181  1065 -7.27062e+01 9.50969e-03 8.04310e-02
182  1090 -6.86159e+01 9.32533e-03 7.96513e-02
183  1115 -7.33680e+01 8.89757e-03 7.84344e-02
184  1141 -7.25214e+01 9.16981e-03 8.21473e-02
185  1168 -7.49596e+01 8.38222e-03 7.82427e-02
186  1195 -7.38645e+01 8.40703e-03 7.81669e-02
187  1223 -7.29841e+01 8.94169e-03 7.85242e-02
188  1252 -7.41238e+01 8.15656e-03 7.83542e-02
189  1281 -7.27684e+01 7.97012e-03 7.78603e-02
190  1311 -7.28027e+01 8.59190e-03 7.75051e-02
191  1342 -7.16522e+01 8.25712e-03 7.78402e-02
192  1373 -7.07398e+01 7.85581e-03 7.70509e-02
193  1405 -7.21077e+01 8.88163e-03 7.81720e-02
194  1438 -6.99740e+01 7.86272e-03 7.68025e-02
195  1472 -7.32922e+01 8.23852e-03 7.70278e-02
196  1506 -7.34233e+01 8.20301e-03 7.69921e-02
197  1541 -7.39072e+01 7.83284e-03 7.69345e-02
198  1577 -7.23160e+01 7.42901e-03 7.64789e-02
199  1614 -7.25243e+01 7.40589e-03 7.66287e-02
200  1652 -7.72224e+01 7.62769e-03 7.63684e-02
201  1690 -7.10910e+01 7.77300e-03 7.65292e-02
202  1730 -7.19589e+01 7.70055e-03 7.65879e-02
203  1770 -7.57274e+01 7.47409e-03 7.62264e-02
204  1811 -7.21189e+01 7.24597e-03 7.59441e-02
205  1854 -7.31166e+01 7.38941e-03 7.60429e-02
206  1897 -7.18352e+01 7.44327e-03 7.60309e-02
207  1941 -7.25291e+01 7.45084e-03 7.59448e-02
208  1987 -7.14033e+01 7.32245e-03 7.57861e-02
209  2033 -7.48404e+01 7.47818e-03 7.59869e-02
210  2081 -7.47028e+01 7.37629e-03 7.58550e-02
211  2129 -7.03544e+01 7.40328e-03 7.59118e-02
212  2179 -7.36259e+01 7.52052e-03 7.60461e-02
213  2230 -7.45321e+01 7.36981e-03 7.59444e-02
214  2282 -7.59367e+01 7.44801e-03 7.59616e-02
215  2335 -7.08629e+01 7.47093e-03 7.59774e-02
216  2390 -7.30265e+01 7.54179e-03 7.59655e-02
217  2446 -7.25401e+01 7.50555e-03 7.59103e-02
218  2503 -7.40675e+01 7.47011e-03 7.58938e-02
219  2561 -7.39556e+01 7.47623e-03 7.58509e-02
220  2621 -7.78935e+01 7.45762e-03 7.58183e-02
221  2682 -6.73201e+01 7.44752e-03 7.58128e-02
222  2745 -7.37124e+01 7.41317e-03 7.57947e-02
223  2809 -7.20360e+01 7.44277e-03 7.58342e-02
224  2875 -7.45491e+01 7.44622e-03 7.58240e-02
225  2942 -7.00077e+01 7.43597e-03 7.58055e-02
226  3010 -7.44543e+01 7.44190e-03 7.58066e-02
227  3081 -7.62848e+01 7.44566e-03 7.58069e-02
228  3153 -6.84466e+01 7.44246e-03 7.58055e-02
229  3226 -7.45990e+01 7.44885e-03 7.58155e-02
230  3302 -7.31872e+01 7.44764e-03 7.58109e-02
231  3379 -7.10590e+01 7.44742e-03 7.58119e-02
232  3458 -7.66406e+01 7.44867e-03 7.58096e-02
233  3538 -7.22501e+01 7.44616e-03 7.58070e-02
234  3621 -7.24083e+01 7.44610e-03 7.58049e-02
235  3706 -7.59856e+01 7.44474e-03 7.58025e-02
236  3792 -7.12112e+01 7.44530e-03 7.58030e-02
237  3881 -7.82988e+01 7.44480e-03 7.58017e-02
238  3971 -7.55018e+01 7.44534e-03 7.58017e-02
239  4064 -7.56979e+01 7.44406e-03 7.58000e-02
240  4159 -7.07030e+01 7.44487e-03 7.58008e-02
241  4256 -7.50943e+01 7.44386e-03 7.57993e-02
242  4356 -7.39005e+01 7.44480e-03 7.58003e-02
243  4457 -7.36678e+01 7.44497e-03 7.58000e-02
244  4561 -7.08662e+01 7.44408e-03 7.57987e-02
245  4668 -7.70255e+01 7.44353e-03 7.57972e-02
246  4777 -7.31658e+01 7.44349e-03 7.57967e-02
247  4889 -7.35250e+01 7.44355e-03 7.57963e-02
248  5003 -7.34103e+01 7.44295e-03 7.57956e-02
249  5120 -7.42170e+01 7.44264e-03 7.57944e-02
250  5239 -7.39362e+01 7.44351e-03 7.57947e-02
251  5361 -7.38871e+01 7.44325e-03 7.57940e-02
252  5487 -7.06089e+01 7.44342e-03 7.57932e-02
253  5615 -7.54496e+01 7.44146e-03 7.57904e-02
254  5746 -7.25855e+01 7.44225e-03 7.57911e-02
255  5880 -7.31383e+01 7.44251e-03 7.57907e-02
256  6017 -7.04363e+01 7.44205e-03 7.57890e-02
257  6158 -7.90201e+01 7.44385e-03 7.57903e-02
258  6302 -7.33157e+01 7.44345e-03 7.57893e-02
259  6449 -7.20622e+01 7.44379e-03 7.57892e-02
260  6600 -7.47940e+01 7.44572e-03 7.57905e-02
261  6754 -7.30187e+01 7.44479e-03 7.57888e-02
262  6911 -7.35521e+01 7.44486e-03 7.57888e-02
263  7073 -7.31906e+01 7.44421e-03 7.57884e-02
264  7238 -7.09046e+01 7.44580e-03 7.57908e-02
265  7407 -7.72251e+01 7.44582e-03 7.57895e-02
266  7580 -7.38484e+01 7.44701e-03 7.57902e-02
267  7757 -7.21718e+01 7.44692e-03 7.57896e-02
268  7938 -7.50191e+01 7.44662e-03 7.57887e-02
269  8124 -7.03588e+01 7.44616e-03 7.57872e-02
270  8313 -7.33664e+01 7.44654e-03 7.57868e-02
271  8507 -7.27016e+01 7.44784e-03 7.57879e-02
272  8706 -7.19893e+01 7.44786e-03 7.57866e-02
273  8909 -7.10177e+01 7.44697e-03 7.57848e-02
274  9118 -7.27201e+01 7.44821e-03 7.57863e-02
275  9330 -7.53521e+01 7.44881e-03 7.57868e-02
276  9548 -7.48555e+01 7.44836e-03 7.57854e-02
277  9771 -7.48531e+01 7.44822e-03 7.57858e-02
278 10000 -7.41073e+01 7.44794e-03 7.57851e-02
