i, epoch, loss, l2_err, h1_err
  0     1 -1.45251e+01 8.60375e-01 9.59395e-01
  1     2 -2.38880e+01 7.98935e-01 9.09974e-01
  2     3 -3.22530e+01 7.40724e-01 8.66616e-01
  3     4 -3.77598e+01 6.86149e-01 8.30946e-01
  4     5 -4.52915e+01 6.35095e-01 8.03407e-01
  5     6 -4.94408e+01 5.87619e-01 7.83937e-01
  6     7 -5.32082e+01 5.43677e-01 7.70112e-01
  7     8 -5.54336e+01 5.03290e-01 7.61790e-01
  8     9 -5.99826e+01 4.66510e-01 7.56423e-01
  9    10 -6.22224e+01 4.33382e-01 7.51891e-01
 10    11 -6.50879e+01 4.04167e-01 7.46607e-01
 11    12 -6.46139e+01 3.78517e-01 7.39606e-01
 12    13 -6.81568e+01 3.56772e-01 7.30169e-01
 13    14 -7.11976e+01 3.38523e-01 7.17507e-01
 14    15 -7.30991e+01 3.23328e-01 7.01802e-01
 15    16 -6.73828e+01 3.10797e-01 6.82672e-01
 16    17 -6.80986e+01 3.00160e-01 6.59816e-01
 17    18 -7.22260e+01 2.90603e-01 6.33290e-01
 18    19 -7.05966e+01 2.81511e-01 6.03480e-01
 19    20 -6.98006e+01 2.72099e-01 5.70947e-01
 20    21 -7.23835e+01 2.61879e-01 5.36053e-01
 21    22 -6.82026e+01 2.50657e-01 4.99644e-01
 22    23 -6.94635e+01 2.38470e-01 4.62581e-01
 23    24 -6.94425e+01 2.25376e-01 4.25538e-01
 24    25 -7.46606e+01 2.11606e-01 3.89971e-01
 25    26 -7.31542e+01 1.97519e-01 3.56883e-01
 26    27 -7.22932e+01 1.83393e-01 3.27807e-01
 27    28 -6.96343e+01 1.69600e-01 3.03787e-01
 28    29 -7.69088e+01 1.56633e-01 2.86186e-01
 29    30 -7.12098e+01 1.44694e-01 2.75171e-01
 30    31 -7.31578e+01 1.34146e-01 2.70461e-01
 31    32 -7.43564e+01 1.25188e-01 2.70891e-01
 32    33 -7.52499e+01 1.17966e-01 2.74889e-01
 33    34 -7.16945e+01 1.12388e-01 2.80594e-01
 34    35 -7.11643e+01 1.08112e-01 2.86166e-01
 35    36 -7.49584e+01 1.04985e-01 2.90599e-01
 36    37 -7.08082e+01 1.02767e-01 2.93081e-01
 37    38 -6.92644e+01 1.00812e-01 2.93087e-01
 38    39 -7.12024e+01 9.87943e-02 2.90632e-01
 39    40 -7.49945e+01 9.66198e-02 2.86111e-01
 40    41 -7.48952e+01 9.39713e-02 2.79598e-01
 41    42 -7.58224e+01 9.07572e-02 2.71471e-01
 42    43 -7.19997e+01 8.72745e-02 2.62289e-01
 43    44 -7.43212e+01 8.34126e-02 2.52546e-01
 44    45 -7.29079e+01 7.95489e-02 2.43048e-01
 45    46 -7.40888e+01 7.57687e-02 2.34422e-01
 46    47 -7.33479e+01 7.22408e-02 2.26976e-01
 47    48 -7.21077e+01 6.94507e-02 2.20836e-01
 48    49 -7.27500e+01 6.73006e-02 2.16309e-01
 49    50 -7.22970e+01 6.58433e-02 2.13358e-01
 50    51 -6.88170e+01 6.47600e-02 2.11819e-01
 51    53 -7.22798e+01 6.34072e-02 2.10968e-01
 52    54 -7.67936e+01 6.29899e-02 2.10958e-01
 53    55 -7.18793e+01 6.26307e-02 2.10768e-01
 54    56 -7.33593e+01 6.20337e-02 2.10005e-01
 55    58 -7.34036e+01 6.01905e-02 2.06630e-01
 56    59 -7.27639e+01 5.88262e-02 2.03773e-01
 57    60 -7.20991e+01 5.72999e-02 2.00320e-01
 58    62 -7.43341e+01 5.38599e-02 1.92171e-01
 59    63 -7.39153e+01 5.21819e-02 1.88043e-01
 60    65 -7.62779e+01 4.94161e-02 1.80940e-01
 61    66 -7.39402e+01 4.85608e-02 1.78425e-01
 62    68 -7.21594e+01 4.84147e-02 1.76296e-01
 63    69 -7.41539e+01 4.91531e-02 1.76530e-01
 64    71 -7.49190e+01 5.18112e-02 1.78596e-01
 65    73 -7.18065e+01 5.50302e-02 1.81863e-01
 66    74 -7.42673e+01 5.62021e-02 1.83377e-01
 67    76 -7.34693e+01 5.76412e-02 1.85649e-01
 68    78 -7.22901e+01 5.82043e-02 1.86082e-01
 69    80 -6.98671e+01 5.76881e-02 1.84801e-01
 70    82 -7.38301e+01 5.61944e-02 1.81910e-01
 71    84 -7.13426e+01 5.37088e-02 1.79005e-01
 72    86 -7.24927e+01 5.01102e-02 1.76898e-01
 73    88 -7.41261e+01 4.72895e-02 1.75697e-01
 74    90 -7.43738e+01 4.56864e-02 1.75055e-01
 75    92 -6.96129e+01 4.45994e-02 1.75079e-01
 76    94 -7.29259e+01 4.39520e-02 1.75314e-01
 77    96 -7.35950e+01 4.32986e-02 1.75453e-01
 78    98 -7.76295e+01 4.26196e-02 1.75431e-01
 79   101 -7.33181e+01 4.23269e-02 1.74407e-01
 80   103 -7.50325e+01 4.18841e-02 1.73837e-01
 81   105 -7.44131e+01 4.07650e-02 1.73714e-01
 82   108 -7.40416e+01 4.11836e-02 1.73286e-01
 83   110 -7.60446e+01 4.22663e-02 1.73056e-01
 84   113 -7.34025e+01 4.28537e-02 1.73373e-01
 85   116 -7.33708e+01 4.38273e-02 1.73749e-01
 86   118 -7.20276e+01 4.50019e-02 1.73479e-01
 87   121 -7.16251e+01 4.50576e-02 1.73547e-01
 88   124 -7.37926e+01 4.45875e-02 1.73942e-01
 89   127 -7.15622e+01 4.51197e-02 1.74077e-01
 90   130 -7.62683e+01 4.56281e-02 1.73848e-01
 91   133 -7.50344e+01 4.48653e-02 1.74082e-01
 92   136 -7.74095e+01 4.48776e-02 1.73779e-01
 93   139 -7.08444e+01 4.52244e-02 1.73706e-01
 94   143 -7.36389e+01 4.51095e-02 1.73936e-01
 95   146 -7.22469e+01 4.56394e-02 1.73965e-01
 96   149 -7.20490e+01 4.51264e-02 1.73904e-01
 97   153 -7.38724e+01 4.40101e-02 1.73061e-01
 98   156 -7.22652e+01 4.31348e-02 1.73095e-01
 99   160 -7.04976e+01 4.34962e-02 1.73578e-01
100   164 -7.18186e+01 4.47736e-02 1.73557e-01
101   168 -7.34757e+01 4.41933e-02 1.73477e-01
102   172 -7.58100e+01 4.32627e-02 1.73581e-01
103   176 -7.15308e+01 4.32116e-02 1.73697e-01
104   180 -7.15499e+01 4.48164e-02 1.73408e-01
105   184 -7.21917e+01 4.47702e-02 1.73968e-01
106   188 -7.30177e+01 4.50766e-02 1.73658e-01
107   193 -7.50297e+01 4.42142e-02 1.73792e-01
108   197 -7.13906e+01 4.51631e-02 1.73763e-01
109   202 -7.73545e+01 4.49310e-02 1.73553e-01
110   206 -7.00391e+01 4.38133e-02 1.73418e-01
111   211 -7.54277e+01 4.40311e-02 1.73379e-01
112   216 -7.45863e+01 4.49189e-02 1.73827e-01
113   221 -7.14231e+01 4.50561e-02 1.73583e-01
114   226 -7.30149e+01 4.30068e-02 1.73761e-01
115   232 -6.94612e+01 4.29463e-02 1.73679e-01
116   237 -7.32563e+01 4.49007e-02 1.73977e-01
117   243 -7.53618e+01 4.41602e-02 1.73792e-01
118   248 -7.41104e+01 4.44195e-02 1.73623e-01
119   254 -7.20711e+01 4.44042e-02 1.73506e-01
120   260 -7.08167e+01 4.35357e-02 1.73090e-01
121   266 -6.86746e+01 4.32672e-02 1.73616e-01
122   272 -6.87918e+01 4.40992e-02 1.73628e-01
123   279 -7.64513e+01 4.55806e-02 1.73908e-01
124   285 -7.40870e+01 4.50650e-02 1.73917e-01
125   292 -7.36065e+01 4.43080e-02 1.73577e-01
126   299 -7.40790e+01 4.42252e-02 1.73649e-01
127   306 -7.55362e+01 4.47426e-02 1.73818e-01
128   313 -7.45863e+01 4.42022e-02 1.73745e-01
129   320 -6.83819e+01 4.41154e-02 1.73500e-01
130   328 -7.88177e+01 4.39977e-02 1.73724e-01
131   335 -7.03977e+01 4.36348e-02 1.73624e-01
132   343 -7.49190e+01 4.45205e-02 1.73619e-01
133   351 -7.28103e+01 4.49894e-02 1.73751e-01
134   360 -7.22232e+01 4.44807e-02 1.73536e-01
135   368 -7.42421e+01 4.41503e-02 1.73554e-01
136   377 -7.23223e+01 4.39757e-02 1.73399e-01
137   385 -7.43700e+01 4.36277e-02 1.73477e-01
138   394 -7.54913e+01 4.38159e-02 1.73509e-01
139   404 -7.69124e+01 4.46690e-02 1.73639e-01
140   413 -7.22617e+01 4.34938e-02 1.73285e-01
141   423 -7.64249e+01 4.43315e-02 1.73483e-01
142   433 -7.23808e+01 4.46092e-02 1.73632e-01
143   443 -7.65654e+01 4.41998e-02 1.73511e-01
144   453 -7.26027e+01 4.52989e-02 1.73876e-01
145   464 -7.23405e+01 4.41596e-02 1.73483e-01
146   474 -7.10714e+01 4.44475e-02 1.73662e-01
147   486 -7.34608e+01 4.38057e-02 1.73584e-01
148   497 -7.16773e+01 4.48961e-02 1.73807e-01
149   509 -7.28830e+01 4.59107e-02 1.73777e-01
150   520 -7.16784e+01 4.46878e-02 1.73735e-01
151   533 -6.87039e+01 4.39713e-02 1.73545e-01
152   545 -7.04775e+01 4.36084e-02 1.73463e-01
153   558 -7.57396e+01 4.44449e-02 1.73542e-01
154   571 -6.73757e+01 4.38467e-02 1.73657e-01
155   584 -7.20681e+01 4.35632e-02 1.73486e-01
156   598 -6.92129e+01 4.40601e-02 1.73465e-01
157   612 -7.27575e+01 4.42338e-02 1.73591e-01
158   626 -7.28517e+01 4.40117e-02 1.73595e-01
159   641 -7.14063e+01 4.42000e-02 1.73588e-01
160   656 -7.53657e+01 4.49376e-02 1.73756e-01
161   671 -7.40213e+01 4.39494e-02 1.73318e-01
162   687 -7.19114e+01 4.36876e-02 1.73446e-01
163   703 -7.27654e+01 4.42763e-02 1.73541e-01
164   719 -7.17779e+01 4.52451e-02 1.73703e-01
165   736 -7.41695e+01 4.45390e-02 1.73684e-01
166   753 -7.58746e+01 4.42915e-02 1.73552e-01
167   771 -7.50907e+01 4.47111e-02 1.73562e-01
168   789 -7.32943e+01 4.40437e-02 1.73554e-01
169   807 -7.51192e+01 4.54936e-02 1.73747e-01
170   826 -7.06461e+01 4.41043e-02 1.73523e-01
171   845 -7.62111e+01 4.36659e-02 1.73394e-01
172   865 -7.08148e+01 4.33722e-02 1.73331e-01
173   885 -7.61052e+01 4.41701e-02 1.73528e-01
174   906 -7.62725e+01 4.46622e-02 1.73631e-01
175   927 -7.56486e+01 4.45050e-02 1.73629e-01
176   949 -7.51288e+01 4.44210e-02 1.73556e-01
177   971 -7.19729e+01 4.33649e-02 1.73335e-01
178   994 -7.49900e+01 4.49110e-02 1.73508e-01
179  1017 -7.40102e+01 4.40416e-02 1.73517e-01
180  1041 -7.04984e+01 4.42272e-02 1.73435e-01
181  1065 -7.45360e+01 4.44149e-02 1.73519e-01
182  1090 -7.30948e+01 4.39623e-02 1.73471e-01
183  1115 -7.39073e+01 4.39176e-02 1.73414e-01
184  1141 -7.38691e+01 4.47652e-02 1.73630e-01
185  1168 -7.60119e+01 4.39419e-02 1.73354e-01
186  1195 -7.16977e+01 4.38111e-02 1.73498e-01
187  1223 -7.35703e+01 4.40272e-02 1.73467e-01
188  1252 -7.25768e+01 4.39385e-02 1.73484e-01
189  1281 -7.53740e+01 4.44231e-02 1.73592e-01
190  1311 -7.57853e+01 4.43495e-02 1.73448e-01
191  1342 -7.68339e+01 4.42696e-02 1.73534e-01
192  1373 -7.39765e+01 4.43750e-02 1.73634e-01
193  1405 -7.59386e+01 4.45822e-02 1.73740e-01
194  1438 -7.16016e+01 4.44408e-02 1.73751e-01
195  1472 -7.28318e+01 4.45106e-02 1.73632e-01
196  1506 -7.14795e+01 4.40896e-02 1.73528e-01
197  1541 -7.23988e+01 4.41394e-02 1.73565e-01
198  1577 -7.21925e+01 4.43440e-02 1.73547e-01
199  1614 -7.63850e+01 4.41458e-02 1.73506e-01
200  1652 -7.54363e+01 4.39843e-02 1.73515e-01
201  1690 -7.41063e+01 4.40430e-02 1.73555e-01
202  1730 -7.62597e+01 4.41360e-02 1.73531e-01
203  1770 -7.03425e+01 4.41800e-02 1.73568e-01
204  1811 -6.88273e+01 4.42079e-02 1.73599e-01
205  1854 -6.98877e+01 4.41499e-02 1.73525e-01
206  1897 -7.39348e+01 4.41419e-02 1.73562e-01
207  1941 -7.36803e+01 4.39968e-02 1.73519e-01
208  1987 -7.02352e+01 4.41760e-02 1.73542e-01
209  2033 -7.59883e+01 4.41303e-02 1.73533e-01
210  2081 -7.23147e+01 4.40850e-02 1.73525e-01
211  2129 -7.25306e+01 4.41111e-02 1.73529e-01
212  2179 -7.42050e+01 4.40788e-02 1.73520e-01
213  2230 -7.54773e+01 4.41407e-02 1.73545e-01
214  2282 -7.70542e+01 4.41349e-02 1.73538e-01
215  2335 -7.13796e+01 4.41176e-02 1.73539e-01
216  2390 -7.06766e+01 4.41228e-02 1.73525e-01
217  2446 -7.12617e+01 4.40959e-02 1.73528e-01
218  2503 -7.47501e+01 4.41016e-02 1.73521e-01
219  2561 -7.34298e+01 4.41064e-02 1.73523e-01
220  2621 -7.42636e+01 4.41329e-02 1.73533e-01
221  2682 -7.07093e+01 4.41481e-02 1.73546e-01
222  2745 -6.93972e+01 4.41442e-02 1.73549e-01
223  2809 -7.27929e+01 4.41284e-02 1.73541e-01
224  2875 -7.32544e+01 4.41244e-02 1.73539e-01
225  2942 -7.17240e+01 4.41240e-02 1.73540e-01
226  3010 -7.53735e+01 4.41271e-02 1.73539e-01
227  3081 -7.22638e+01 4.41321e-02 1.73537e-01
228  3153 -7.46793e+01 4.41246e-02 1.73537e-01
229  3226 -7.24715e+01 4.41276e-02 1.73537e-01
230  3302 -7.34428e+01 4.41259e-02 1.73538e-01
231  3379 -7.25406e+01 4.41264e-02 1.73536e-01
232  3458 -7.45607e+01 4.41286e-02 1.73535e-01
233  3538 -7.51090e+01 4.41293e-02 1.73536e-01
234  3621 -7.33214e+01 4.41295e-02 1.73536e-01
235  3706 -7.27579e+01 4.41274e-02 1.73535e-01
236  3792 -7.20078e+01 4.41235e-02 1.73535e-01
237  3881 -7.43544e+01 4.41228e-02 1.73534e-01
238  3971 -7.07703e+01 4.41207e-02 1.73534e-01
239  4064 -7.07977e+01 4.41197e-02 1.73533e-01
240  4159 -7.37369e+01 4.41198e-02 1.73533e-01
241  4256 -7.28155e+01 4.41215e-02 1.73534e-01
242  4356 -7.44897e+01 4.41210e-02 1.73534e-01
243  4457 -7.54473e+01 4.41226e-02 1.73534e-01
244  4561 -7.00924e+01 4.41220e-02 1.73533e-01
245  4668 -7.51728e+01 4.41179e-02 1.73532e-01
246  4777 -7.21579e+01 4.41143e-02 1.73531e-01
247  4889 -7.33239e+01 4.41169e-02 1.73532e-01
248  5003 -6.89283e+01 4.41170e-02 1.73531e-01
249  5120 -7.14145e+01 4.41147e-02 1.73530e-01
250  5239 -7.33972e+01 4.41129e-02 1.73529e-01
251  5361 -7.52357e+01 4.41120e-02 1.73530e-01
252  5487 -7.16492e+01 4.41106e-02 1.73530e-01
253  5615 -7.39944e+01 4.41120e-02 1.73530e-01
254  5746 -7.30619e+01 4.41094e-02 1.73530e-01
255  5880 -7.25879e+01 4.41088e-02 1.73530e-01
256  6017 -7.32311e+01 4.41079e-02 1.73531e-01
257  6158 -7.50997e+01 4.41112e-02 1.73532e-01
258  6302 -7.60286e+01 4.41101e-02 1.73531e-01
259  6449 -7.32783e+01 4.41111e-02 1.73532e-01
260  6600 -7.51904e+01 4.41087e-02 1.73530e-01
261  6754 -7.51434e+01 4.41062e-02 1.73531e-01
262  6911 -7.27325e+01 4.41038e-02 1.73531e-01
263  7073 -6.90528e+01 4.40973e-02 1.73529e-01
264  7238 -7.25098e+01 4.40994e-02 1.73529e-01
265  7407 -7.38966e+01 4.40999e-02 1.73529e-01
266  7580 -7.25288e+01 4.41014e-02 1.73530e-01
267  7757 -7.46297e+01 4.41000e-02 1.73530e-01
268  7938 -7.07613e+01 4.41009e-02 1.73529e-01
269  8124 -7.20746e+01 4.41026e-02 1.73530e-01
270  8313 -7.07169e+01 4.41057e-02 1.73530e-01
271  8507 -7.39982e+01 4.41128e-02 1.73532e-01
272  8706 -7.36370e+01 4.41098e-02 1.73530e-01
273  8909 -7.26141e+01 4.41013e-02 1.73528e-01
274  9118 -7.27782e+01 4.41068e-02 1.73529e-01
275  9330 -7.21075e+01 4.41015e-02 1.73527e-01
276  9548 -7.41371e+01 4.41002e-02 1.73528e-01
277  9771 -7.04037e+01 4.40905e-02 1.73524e-01
278 10000 -7.05573e+01 4.40931e-02 1.73523e-01
