i, epoch, loss, l2_err, h1_err
  0     1 -8.18713e+00 8.68330e-01 9.01271e-01
  1     2 -1.69941e+01 8.11004e-01 8.63207e-01
  2     3 -2.45079e+01 7.55281e-01 8.31993e-01
  3     4 -3.28234e+01 7.01510e-01 7.99986e-01
  4     5 -3.82765e+01 6.50276e-01 7.67080e-01
  5     6 -4.39298e+01 6.01500e-01 7.34156e-01
  6     7 -4.79535e+01 5.54808e-01 7.02407e-01
  7     8 -5.13614e+01 5.10182e-01 6.73008e-01
  8     9 -5.67793e+01 4.67451e-01 6.46189e-01
  9    10 -5.76682e+01 4.26374e-01 6.22907e-01
 10    11 -6.43140e+01 3.87035e-01 6.03169e-01
 11    12 -6.59261e+01 3.49200e-01 5.86193e-01
 12    13 -6.49719e+01 3.12648e-01 5.71056e-01
 13    14 -6.76856e+01 2.77878e-01 5.56558e-01
 14    15 -6.96018e+01 2.45669e-01 5.42795e-01
 15    16 -6.95389e+01 2.16957e-01 5.29535e-01
 16    17 -6.77960e+01 1.92455e-01 5.16742e-01
 17    18 -7.17933e+01 1.73179e-01 5.04464e-01
 18    19 -7.05272e+01 1.60071e-01 4.92067e-01
 19    20 -6.80421e+01 1.52822e-01 4.79233e-01
 20    21 -7.15809e+01 1.50645e-01 4.65093e-01
 21    22 -7.03698e+01 1.51713e-01 4.49921e-01
 22    23 -7.15079e+01 1.54675e-01 4.33957e-01
 23    24 -7.06564e+01 1.58167e-01 4.17700e-01
 24    25 -6.85328e+01 1.61118e-01 4.01134e-01
 25    26 -7.27561e+01 1.63036e-01 3.85080e-01
 26    27 -7.23843e+01 1.63766e-01 3.69736e-01
 27    28 -7.25590e+01 1.62878e-01 3.55372e-01
 28    29 -6.87435e+01 1.60588e-01 3.43296e-01
 29    30 -7.00332e+01 1.57222e-01 3.33182e-01
 30    31 -7.44244e+01 1.52438e-01 3.24735e-01
 31    32 -7.01168e+01 1.46592e-01 3.17267e-01
 32    33 -7.13392e+01 1.40019e-01 3.10851e-01
 33    34 -7.34702e+01 1.32752e-01 3.03558e-01
 34    35 -7.24470e+01 1.25061e-01 2.95572e-01
 35    36 -7.46265e+01 1.17200e-01 2.87316e-01
 36    37 -6.95675e+01 1.09468e-01 2.78108e-01
 37    38 -6.97787e+01 1.01724e-01 2.66892e-01
 38    39 -7.07709e+01 9.43315e-02 2.54319e-01
 39    40 -7.20099e+01 8.73141e-02 2.41038e-01
 40    41 -7.47369e+01 8.05777e-02 2.27853e-01
 41    42 -7.04442e+01 7.43143e-02 2.15137e-01
 42    43 -7.51306e+01 6.89733e-02 2.04039e-01
 43    44 -7.24004e+01 6.46518e-02 1.95148e-01
 44    45 -7.57118e+01 6.11099e-02 1.88368e-01
 45    46 -7.39164e+01 5.84012e-02 1.83831e-01
 46    47 -7.21434e+01 5.63926e-02 1.81128e-01
 47    48 -7.36810e+01 5.48724e-02 1.79600e-01
 48    49 -7.04092e+01 5.34759e-02 1.78955e-01
 49    50 -7.46609e+01 5.18775e-02 1.78375e-01
 50    51 -7.66858e+01 4.99460e-02 1.76830e-01
 51    53 -7.22295e+01 4.51324e-02 1.70524e-01
 52    54 -7.29246e+01 4.22127e-02 1.66068e-01
 53    55 -7.08501e+01 3.92564e-02 1.61438e-01
 54    56 -7.39761e+01 3.61093e-02 1.56194e-01
 55    58 -7.20693e+01 3.04141e-02 1.44717e-01
 56    59 -7.20966e+01 2.80914e-02 1.38813e-01
 57    60 -7.23475e+01 2.65087e-02 1.33273e-01
 58    62 -7.45124e+01 2.61112e-02 1.26220e-01
 59    63 -7.36636e+01 2.69053e-02 1.24575e-01
 60    65 -7.23074e+01 2.94799e-02 1.24076e-01
 61    66 -7.66753e+01 3.03800e-02 1.24146e-01
 62    68 -7.16218e+01 3.15691e-02 1.24552e-01
 63    69 -7.44695e+01 3.17539e-02 1.24245e-01
 64    71 -7.26909e+01 3.07147e-02 1.22114e-01
 65    73 -7.21480e+01 2.83721e-02 1.19135e-01
 66    74 -7.31410e+01 2.73956e-02 1.18255e-01
 67    76 -7.00680e+01 2.53355e-02 1.17410e-01
 68    78 -6.87622e+01 2.36047e-02 1.16893e-01
 69    80 -7.05906e+01 2.21669e-02 1.15449e-01
 70    82 -7.25723e+01 2.14060e-02 1.13824e-01
 71    84 -7.22713e+01 2.10675e-02 1.12207e-01
 72    86 -7.24793e+01 2.15333e-02 1.11573e-01
 73    88 -7.30601e+01 2.19902e-02 1.11788e-01
 74    90 -7.43314e+01 2.07237e-02 1.10953e-01
 75    92 -7.24682e+01 1.85258e-02 1.09508e-01
 76    94 -7.59353e+01 1.66724e-02 1.08823e-01
 77    96 -6.98156e+01 1.55161e-02 1.08034e-01
 78    98 -7.28090e+01 1.50394e-02 1.07450e-01
 79   101 -7.34112e+01 1.61208e-02 1.07741e-01
 80   103 -7.64272e+01 1.69317e-02 1.08545e-01
 81   105 -7.57216e+01 1.67679e-02 1.08766e-01
 82   108 -7.45615e+01 1.61974e-02 1.08112e-01
 83   110 -7.38561e+01 1.63117e-02 1.07385e-01
 84   113 -7.86859e+01 1.61596e-02 1.07451e-01
 85   116 -7.31133e+01 1.59862e-02 1.06737e-01
 86   118 -7.43539e+01 1.59005e-02 1.06773e-01
 87   121 -7.05744e+01 1.48639e-02 1.06170e-01
 88   124 -7.47158e+01 1.57255e-02 1.06959e-01
 89   127 -7.50642e+01 1.57761e-02 1.07137e-01
 90   130 -7.29526e+01 1.53862e-02 1.06544e-01
 91   133 -7.34878e+01 1.60560e-02 1.06495e-01
 92   136 -7.56816e+01 1.76388e-02 1.06993e-01
 93   139 -7.33747e+01 1.67536e-02 1.07235e-01
 94   143 -7.33067e+01 1.60960e-02 1.07475e-01
 95   146 -7.35967e+01 1.68584e-02 1.07165e-01
 96   149 -7.42411e+01 1.66561e-02 1.09367e-01
 97   153 -7.21872e+01 1.80463e-02 1.08786e-01
 98   156 -7.50795e+01 1.98880e-02 1.10814e-01
 99   160 -7.42924e+01 1.98605e-02 1.08640e-01
100   164 -7.64679e+01 1.74463e-02 1.08619e-01
101   168 -7.27375e+01 1.54592e-02 1.07536e-01
102   172 -7.22792e+01 1.55346e-02 1.08192e-01
103   176 -7.52671e+01 1.73056e-02 1.07430e-01
104   180 -7.19260e+01 1.55423e-02 1.07030e-01
105   184 -7.28412e+01 1.72654e-02 1.07401e-01
106   188 -7.44443e+01 1.68857e-02 1.07932e-01
107   193 -7.58384e+01 1.62940e-02 1.07305e-01
108   197 -7.00533e+01 1.57434e-02 1.06799e-01
109   202 -7.13350e+01 1.59999e-02 1.08162e-01
110   206 -7.49630e+01 1.62066e-02 1.06855e-01
111   211 -7.61389e+01 1.91243e-02 1.08044e-01
112   216 -7.53092e+01 1.74619e-02 1.08327e-01
113   221 -7.25310e+01 1.64209e-02 1.08088e-01
114   226 -6.88797e+01 1.64992e-02 1.07978e-01
115   232 -7.49404e+01 1.93438e-02 1.08870e-01
116   237 -7.46813e+01 1.60464e-02 1.07024e-01
117   243 -7.14770e+01 1.70901e-02 1.07437e-01
118   248 -7.52370e+01 1.61930e-02 1.06354e-01
119   254 -7.06712e+01 1.63096e-02 1.07629e-01
120   260 -7.68413e+01 1.77850e-02 1.07432e-01
121   266 -7.42486e+01 1.90322e-02 1.09520e-01
122   272 -7.57814e+01 1.89652e-02 1.08785e-01
123   279 -7.48568e+01 1.64887e-02 1.08580e-01
124   285 -7.36752e+01 1.60109e-02 1.06731e-01
125   292 -7.01211e+01 1.57562e-02 1.08657e-01
126   299 -7.49904e+01 1.71476e-02 1.08433e-01
127   306 -7.26692e+01 1.58216e-02 1.06859e-01
128   313 -7.31849e+01 1.71525e-02 1.08760e-01
129   320 -7.48495e+01 1.50075e-02 1.06826e-01
130   328 -7.09967e+01 1.60970e-02 1.07123e-01
131   335 -7.75250e+01 1.66204e-02 1.07465e-01
132   343 -7.65349e+01 1.76037e-02 1.07211e-01
133   351 -7.45061e+01 1.59636e-02 1.07235e-01
134   360 -7.35541e+01 1.52271e-02 1.06087e-01
135   368 -7.09076e+01 1.62075e-02 1.07475e-01
136   377 -7.44711e+01 1.62562e-02 1.07048e-01
137   385 -7.55065e+01 1.54605e-02 1.07084e-01
138   394 -7.29448e+01 1.50432e-02 1.06216e-01
139   404 -7.44184e+01 1.59561e-02 1.06639e-01
140   413 -7.21900e+01 1.58702e-02 1.06647e-01
141   423 -7.02481e+01 1.69771e-02 1.07456e-01
142   433 -7.66636e+01 1.61318e-02 1.06670e-01
143   443 -7.42103e+01 1.61934e-02 1.06931e-01
144   453 -7.60675e+01 1.67877e-02 1.07891e-01
145   464 -7.02819e+01 1.71706e-02 1.07549e-01
146   474 -7.42139e+01 1.49869e-02 1.06302e-01
147   486 -7.51157e+01 1.63834e-02 1.07081e-01
148   497 -7.37066e+01 1.66317e-02 1.07609e-01
149   509 -7.44159e+01 1.84682e-02 1.08567e-01
150   520 -7.59590e+01 1.63467e-02 1.08746e-01
151   533 -7.23215e+01 1.66246e-02 1.07430e-01
152   545 -7.42096e+01 1.51494e-02 1.07449e-01
153   558 -7.64320e+01 1.66027e-02 1.06784e-01
154   571 -7.35102e+01 1.54542e-02 1.06728e-01
155   584 -7.36470e+01 1.58771e-02 1.07604e-01
156   598 -7.55621e+01 1.65462e-02 1.07294e-01
157   612 -7.63287e+01 1.65556e-02 1.07171e-01
158   626 -7.13383e+01 1.82621e-02 1.07550e-01
159   641 -7.62654e+01 1.52169e-02 1.06416e-01
160   656 -7.17542e+01 1.67922e-02 1.06359e-01
161   671 -7.26206e+01 1.56368e-02 1.06147e-01
162   687 -7.38575e+01 1.58269e-02 1.06312e-01
163   703 -7.04449e+01 1.68122e-02 1.06355e-01
164   719 -7.11524e+01 1.55621e-02 1.06274e-01
165   736 -7.24028e+01 1.64183e-02 1.06794e-01
166   753 -7.33240e+01 1.59737e-02 1.06650e-01
167   771 -7.20679e+01 1.54094e-02 1.07071e-01
168   789 -7.56718e+01 1.59969e-02 1.06617e-01
169   807 -7.32578e+01 1.73130e-02 1.07639e-01
170   826 -7.34881e+01 1.62477e-02 1.06504e-01
171   845 -7.29275e+01 1.52804e-02 1.05972e-01
172   865 -7.62765e+01 1.59867e-02 1.06382e-01
173   885 -7.13538e+01 1.54984e-02 1.06071e-01
174   906 -7.13509e+01 1.62532e-02 1.06806e-01
175   927 -7.46502e+01 1.58326e-02 1.06467e-01
176   949 -7.59358e+01 1.65224e-02 1.06371e-01
177   971 -6.93371e+01 1.59601e-02 1.06044e-01
178   994 -7.01901e+01 1.55759e-02 1.06091e-01
179  1017 -7.32268e+01 1.56572e-02 1.06000e-01
180  1041 -7.28436e+01 1.58680e-02 1.05989e-01
181  1065 -7.41916e+01 1.63257e-02 1.06240e-01
182  1090 -7.29273e+01 1.50560e-02 1.05910e-01
183  1115 -7.13162e+01 1.54904e-02 1.05928e-01
184  1141 -6.94846e+01 1.64219e-02 1.06389e-01
185  1168 -7.01718e+01 1.59423e-02 1.06143e-01
186  1195 -7.43612e+01 1.59411e-02 1.06160e-01
187  1223 -7.43890e+01 1.61320e-02 1.06109e-01
188  1252 -7.26652e+01 1.57184e-02 1.06001e-01
189  1281 -7.46757e+01 1.56670e-02 1.06087e-01
190  1311 -7.32594e+01 1.56245e-02 1.05862e-01
191  1342 -7.55389e+01 1.58855e-02 1.06038e-01
192  1373 -7.75140e+01 1.57861e-02 1.06059e-01
193  1405 -7.40983e+01 1.57958e-02 1.05905e-01
194  1438 -7.35643e+01 1.58735e-02 1.05931e-01
195  1472 -7.18070e+01 1.56604e-02 1.05824e-01
196  1506 -7.28540e+01 1.57906e-02 1.05861e-01
197  1541 -7.38742e+01 1.59382e-02 1.06108e-01
198  1577 -7.78189e+01 1.58173e-02 1.05957e-01
199  1614 -7.38785e+01 1.56862e-02 1.05833e-01
200  1652 -7.89627e+01 1.59497e-02 1.05945e-01
201  1690 -7.43604e+01 1.61682e-02 1.06041e-01
202  1730 -7.30021e+01 1.64758e-02 1.06169e-01
203  1770 -7.33099e+01 1.60622e-02 1.06019e-01
204  1811 -7.03476e+01 1.59330e-02 1.05912e-01
205  1854 -7.42632e+01 1.58159e-02 1.05876e-01
206  1897 -7.27442e+01 1.58260e-02 1.05923e-01
207  1941 -7.48846e+01 1.57341e-02 1.05852e-01
208  1987 -7.44149e+01 1.55765e-02 1.05839e-01
209  2033 -7.45967e+01 1.55413e-02 1.05842e-01
210  2081 -7.53005e+01 1.55190e-02 1.05823e-01
211  2129 -7.50892e+01 1.56455e-02 1.05833e-01
212  2179 -7.68151e+01 1.57770e-02 1.05887e-01
213  2230 -7.26573e+01 1.57360e-02 1.05858e-01
214  2282 -7.06943e+01 1.57261e-02 1.05861e-01
215  2335 -7.36525e+01 1.56896e-02 1.05848e-01
216  2390 -7.26540e+01 1.56847e-02 1.05854e-01
217  2446 -7.66995e+01 1.56933e-02 1.05858e-01
218  2503 -7.31488e+01 1.56809e-02 1.05851e-01
219  2561 -7.28158e+01 1.56833e-02 1.05855e-01
220  2621 -7.22086e+01 1.56903e-02 1.05858e-01
221  2682 -7.38361e+01 1.56813e-02 1.05856e-01
222  2745 -7.18796e+01 1.56825e-02 1.05849e-01
223  2809 -7.37328e+01 1.56889e-02 1.05851e-01
224  2875 -7.33687e+01 1.57005e-02 1.05855e-01
225  2942 -7.68708e+01 1.56933e-02 1.05852e-01
226  3010 -7.22936e+01 1.56859e-02 1.05847e-01
227  3081 -7.45133e+01 1.56862e-02 1.05847e-01
228  3153 -7.15483e+01 1.56854e-02 1.05847e-01
229  3226 -7.52545e+01 1.56821e-02 1.05847e-01
230  3302 -7.09845e+01 1.56817e-02 1.05847e-01
231  3379 -7.32104e+01 1.56811e-02 1.05847e-01
232  3458 -7.45768e+01 1.56803e-02 1.05846e-01
233  3538 -7.54207e+01 1.56807e-02 1.05847e-01
234  3621 -7.17423e+01 1.56802e-02 1.05847e-01
235  3706 -7.11043e+01 1.56804e-02 1.05847e-01
236  3792 -7.36150e+01 1.56794e-02 1.05847e-01
237  3881 -7.76191e+01 1.56790e-02 1.05847e-01
238  3971 -7.43641e+01 1.56797e-02 1.05846e-01
239  4064 -7.48279e+01 1.56811e-02 1.05847e-01
240  4159 -7.42931e+01 1.56806e-02 1.05847e-01
241  4256 -7.18691e+01 1.56804e-02 1.05847e-01
242  4356 -7.33598e+01 1.56813e-02 1.05848e-01
243  4457 -7.15828e+01 1.56838e-02 1.05849e-01
244  4561 -6.94019e+01 1.56841e-02 1.05849e-01
245  4668 -7.36872e+01 1.56837e-02 1.05849e-01
246  4777 -7.52524e+01 1.56825e-02 1.05848e-01
247  4889 -7.17992e+01 1.56830e-02 1.05847e-01
248  5003 -7.68444e+01 1.56844e-02 1.05848e-01
249  5120 -7.29328e+01 1.56872e-02 1.05849e-01
250  5239 -7.48467e+01 1.56875e-02 1.05850e-01
251  5361 -7.21186e+01 1.56883e-02 1.05850e-01
252  5487 -7.56862e+01 1.56884e-02 1.05850e-01
253  5615 -7.32848e+01 1.56882e-02 1.05850e-01
254  5746 -7.32592e+01 1.56884e-02 1.05849e-01
255  5880 -7.55322e+01 1.56893e-02 1.05849e-01
256  6017 -7.32190e+01 1.56893e-02 1.05849e-01
257  6158 -7.55265e+01 1.56896e-02 1.05849e-01
258  6302 -7.14617e+01 1.56898e-02 1.05848e-01
259  6449 -7.12002e+01 1.56905e-02 1.05848e-01
260  6600 -7.06040e+01 1.56922e-02 1.05849e-01
261  6754 -7.05871e+01 1.56919e-02 1.05848e-01
262  6911 -7.26567e+01 1.56901e-02 1.05846e-01
263  7073 -7.45388e+01 1.56920e-02 1.05846e-01
264  7238 -7.39087e+01 1.56937e-02 1.05846e-01
265  7407 -7.40759e+01 1.56961e-02 1.05848e-01
266  7580 -7.92891e+01 1.56951e-02 1.05847e-01
267  7757 -6.93627e+01 1.56972e-02 1.05847e-01
268  7938 -7.41404e+01 1.56955e-02 1.05846e-01
269  8124 -7.33989e+01 1.56950e-02 1.05846e-01
270  8313 -7.44328e+01 1.56948e-02 1.05845e-01
271  8507 -7.36308e+01 1.56956e-02 1.05845e-01
272  8706 -7.67495e+01 1.56917e-02 1.05843e-01
273  8909 -7.70588e+01 1.56928e-02 1.05843e-01
274  9118 -7.34871e+01 1.56929e-02 1.05842e-01
275  9330 -7.35789e+01 1.56928e-02 1.05841e-01
276  9548 -7.35474e+01 1.56929e-02 1.05842e-01
277  9771 -7.12183e+01 1.56965e-02 1.05844e-01
278 10000 -7.33894e+01 1.56973e-02 1.05844e-01
