i, epoch, loss, l2_err, h1_err
  0     1 -1.06601e+01 9.46663e-01 1.18775e+00
  1     2 -1.98231e+01 9.17909e-01 1.17854e+00
  2     3 -2.83200e+01 8.87222e-01 1.18470e+00
  3     4 -3.25495e+01 8.54860e-01 1.18950e+00
  4     5 -3.99196e+01 8.21013e-01 1.18511e+00
  5     6 -4.39201e+01 7.86131e-01 1.17376e+00
  6     7 -4.94205e+01 7.50697e-01 1.15627e+00
  7     8 -5.17105e+01 7.15324e-01 1.13323e+00
  8     9 -5.81413e+01 6.79864e-01 1.10423e+00
  9    10 -6.09940e+01 6.44521e-01 1.07035e+00
 10    11 -6.58607e+01 6.09379e-01 1.03253e+00
 11    12 -6.48739e+01 5.74677e-01 9.93853e-01
 12    13 -6.74382e+01 5.40605e-01 9.55172e-01
 13    14 -6.77607e+01 5.07430e-01 9.17948e-01
 14    15 -6.72864e+01 4.75486e-01 8.81024e-01
 15    16 -6.83952e+01 4.44960e-01 8.43077e-01
 16    17 -6.94624e+01 4.16055e-01 8.04657e-01
 17    18 -7.16832e+01 3.88784e-01 7.64989e-01
 18    19 -6.79255e+01 3.63022e-01 7.25485e-01
 19    20 -7.00556e+01 3.38690e-01 6.88185e-01
 20    21 -7.18288e+01 3.15596e-01 6.53892e-01
 21    22 -7.10191e+01 2.93631e-01 6.23618e-01
 22    23 -7.55250e+01 2.72896e-01 5.97134e-01
 23    24 -7.66148e+01 2.53197e-01 5.73145e-01
 24    25 -7.06794e+01 2.34415e-01 5.50901e-01
 25    26 -7.07672e+01 2.16558e-01 5.30829e-01
 26    27 -7.11358e+01 1.99665e-01 5.11248e-01
 27    28 -7.58879e+01 1.83908e-01 4.91226e-01
 28    29 -7.34139e+01 1.69366e-01 4.69710e-01
 29    30 -6.90921e+01 1.55988e-01 4.47419e-01
 30    31 -7.12733e+01 1.43958e-01 4.25653e-01
 31    32 -7.35752e+01 1.33248e-01 4.04543e-01
 32    33 -6.91825e+01 1.23529e-01 3.83315e-01
 33    34 -7.25348e+01 1.14907e-01 3.62347e-01
 34    35 -7.30433e+01 1.07671e-01 3.42545e-01
 35    36 -7.32837e+01 1.01628e-01 3.24901e-01
 36    37 -7.26009e+01 9.67871e-02 3.08804e-01
 37    38 -7.26961e+01 9.29246e-02 2.92296e-01
 38    39 -7.25586e+01 8.98911e-02 2.75826e-01
 39    40 -6.93413e+01 8.75337e-02 2.60678e-01
 40    41 -7.26356e+01 8.54469e-02 2.46943e-01
 41    42 -7.29459e+01 8.32711e-02 2.33878e-01
 42    43 -7.39361e+01 8.14552e-02 2.25192e-01
 43    44 -7.36388e+01 7.97892e-02 2.18771e-01
 44    45 -7.20021e+01 7.83704e-02 2.12190e-01
 45    46 -7.25848e+01 7.73568e-02 2.06791e-01
 46    47 -6.99899e+01 7.64707e-02 2.05035e-01
 47    48 -7.60074e+01 7.56885e-02 2.04442e-01
 48    49 -7.43628e+01 7.49687e-02 2.03064e-01
 49    50 -7.08526e+01 7.43451e-02 1.98179e-01
 50    51 -7.32585e+01 7.39416e-02 1.95316e-01
 51    53 -7.31391e+01 7.33361e-02 1.93631e-01
 52    54 -7.78747e+01 7.30930e-02 1.93186e-01
 53    55 -6.97482e+01 7.27659e-02 1.90504e-01
 54    56 -7.40137e+01 7.20582e-02 1.85717e-01
 55    58 -7.52622e+01 6.81959e-02 1.73112e-01
 56    59 -7.31669e+01 6.53607e-02 1.67551e-01
 57    60 -7.25591e+01 6.23684e-02 1.62327e-01
 58    62 -7.39043e+01 5.64205e-02 1.54017e-01
 59    63 -7.28737e+01 5.30185e-02 1.47321e-01
 60    65 -6.90562e+01 4.57830e-02 1.40193e-01
 61    66 -6.94086e+01 4.17983e-02 1.35363e-01
 62    68 -7.58798e+01 3.36670e-02 1.22358e-01
 63    69 -7.53974e+01 2.98834e-02 1.19009e-01
 64    71 -7.51782e+01 2.32904e-02 1.15290e-01
 65    73 -7.35621e+01 1.80763e-02 1.14222e-01
 66    74 -7.58873e+01 1.59601e-02 1.17304e-01
 67    76 -7.60999e+01 1.23280e-02 1.09403e-01
 68    78 -6.83097e+01 1.22942e-02 1.06829e-01
 69    80 -7.38255e+01 1.37734e-02 1.10728e-01
 70    82 -7.20055e+01 1.54067e-02 9.97621e-02
 71    84 -7.19259e+01 1.72893e-02 1.00766e-01
 72    86 -7.18145e+01 1.78905e-02 1.01711e-01
 73    88 -7.22513e+01 1.80736e-02 9.90690e-02
 74    90 -7.54360e+01 1.81665e-02 1.05962e-01
 75    92 -7.19754e+01 1.70364e-02 1.01615e-01
 76    94 -7.22864e+01 1.61012e-02 1.06906e-01
 77    96 -7.06677e+01 1.41772e-02 9.79340e-02
 78    98 -7.50029e+01 1.34233e-02 1.07115e-01
 79   101 -7.52814e+01 1.11705e-02 9.56124e-02
 80   103 -7.40348e+01 1.04679e-02 9.70848e-02
 81   105 -7.62331e+01 1.04225e-02 1.04695e-01
 82   108 -7.28045e+01 9.27261e-03 9.63902e-02
 83   110 -7.24800e+01 9.36798e-03 9.63769e-02
 84   113 -7.12966e+01 9.87321e-03 9.22085e-02
 85   116 -7.33620e+01 9.34835e-03 9.56275e-02
 86   118 -7.07764e+01 1.01544e-02 9.91644e-02
 87   121 -7.37641e+01 9.22673e-03 9.14405e-02
 88   124 -7.09869e+01 1.16986e-02 1.10593e-01
 89   127 -7.29003e+01 1.09401e-02 1.01592e-01
 90   130 -7.54093e+01 1.08109e-02 1.00092e-01
 91   133 -7.15755e+01 1.04707e-02 1.01620e-01
 92   136 -6.99335e+01 1.01775e-02 9.31238e-02
 93   139 -7.44788e+01 1.00732e-02 9.65844e-02
 94   143 -7.01067e+01 1.15197e-02 1.00266e-01
 95   146 -7.31826e+01 1.08622e-02 1.01953e-01
 96   149 -7.49493e+01 1.07353e-02 9.85376e-02
 97   153 -7.10170e+01 9.66738e-03 9.40677e-02
 98   156 -7.40925e+01 1.00465e-02 1.06708e-01
 99   160 -7.47847e+01 1.04714e-02 1.04530e-01
100   164 -7.32035e+01 1.03569e-02 1.02088e-01
101   168 -7.26601e+01 1.13217e-02 1.06671e-01
102   172 -7.06510e+01 9.27551e-03 9.75664e-02
103   176 -7.10968e+01 9.91592e-03 1.02633e-01
104   180 -7.13036e+01 9.81320e-03 1.03447e-01
105   184 -7.32327e+01 9.72586e-03 1.00586e-01
106   188 -7.38644e+01 9.35006e-03 9.45903e-02
107   193 -7.28519e+01 9.95693e-03 9.46094e-02
108   197 -7.42473e+01 1.23300e-02 1.00931e-01
109   202 -7.48063e+01 1.03755e-02 9.68276e-02
110   206 -7.28840e+01 1.18662e-02 1.17004e-01
111   211 -7.33395e+01 1.01357e-02 1.03864e-01
112   216 -7.43026e+01 8.84932e-03 9.16066e-02
113   221 -7.33741e+01 9.71472e-03 1.01234e-01
114   226 -7.05155e+01 1.03819e-02 1.02157e-01
115   232 -7.32953e+01 1.06136e-02 1.04319e-01
116   237 -7.27136e+01 9.52129e-03 9.68412e-02
117   243 -7.18695e+01 1.05568e-02 1.06907e-01
118   248 -7.54506e+01 1.08608e-02 1.16613e-01
119   254 -7.76426e+01 1.05541e-02 9.86352e-02
120   260 -7.42498e+01 1.09027e-02 1.08237e-01
121   266 -7.28184e+01 1.18954e-02 1.09127e-01
122   272 -7.38359e+01 1.11592e-02 1.03982e-01
123   279 -7.33924e+01 9.81794e-03 1.06399e-01
124   285 -6.96671e+01 1.10144e-02 1.05960e-01
125   292 -7.31573e+01 1.14122e-02 1.12146e-01
126   299 -7.31711e+01 1.23750e-02 1.21435e-01
127   306 -7.09112e+01 1.16138e-02 1.12576e-01
128   313 -7.40187e+01 1.14761e-02 1.12505e-01
129   320 -7.42856e+01 1.32455e-02 1.20116e-01
130   328 -7.36971e+01 1.08265e-02 1.08440e-01
131   335 -7.58173e+01 1.01902e-02 1.01987e-01
132   343 -7.50316e+01 1.02563e-02 1.01124e-01
133   351 -7.16070e+01 1.03353e-02 1.00372e-01
134   360 -7.28922e+01 1.10279e-02 1.08917e-01
135   368 -7.26678e+01 1.05821e-02 1.07566e-01
136   377 -7.24805e+01 1.02741e-02 9.79024e-02
137   385 -7.33341e+01 1.16543e-02 1.11776e-01
138   394 -7.47339e+01 1.03949e-02 1.10264e-01
139   404 -7.33234e+01 1.11835e-02 1.09313e-01
140   413 -7.16520e+01 9.68421e-03 1.09886e-01
141   423 -7.42286e+01 1.07443e-02 1.09340e-01
142   433 -7.35716e+01 1.17026e-02 1.13662e-01
143   443 -7.31904e+01 1.17107e-02 1.17430e-01
144   453 -7.27072e+01 1.04434e-02 1.06761e-01
145   464 -7.45001e+01 1.03091e-02 1.01520e-01
146   474 -7.22407e+01 1.21459e-02 1.18661e-01
147   486 -7.45060e+01 1.14126e-02 1.19434e-01
148   497 -7.00154e+01 1.27284e-02 1.19864e-01
149   509 -7.40010e+01 1.02990e-02 1.03845e-01
150   520 -7.39902e+01 1.18334e-02 1.10046e-01
151   533 -7.58438e+01 1.20548e-02 1.15408e-01
152   545 -7.65737e+01 1.31893e-02 1.22916e-01
153   558 -7.32779e+01 1.29032e-02 1.22395e-01
154   571 -7.68482e+01 1.16420e-02 1.08182e-01
155   584 -7.12107e+01 9.71147e-03 9.96428e-02
156   598 -7.15816e+01 1.29582e-02 1.15264e-01
157   612 -7.28067e+01 1.11215e-02 1.09741e-01
158   626 -7.57915e+01 1.11213e-02 1.12365e-01
159   641 -7.49988e+01 1.21130e-02 1.12451e-01
160   656 -7.55462e+01 1.09603e-02 1.03724e-01
161   671 -7.22873e+01 9.09971e-03 8.95483e-02
162   687 -7.38595e+01 8.02470e-03 9.04103e-02
163   703 -7.28181e+01 7.54593e-03 8.02690e-02
164   719 -7.20547e+01 8.53592e-03 8.30928e-02
165   736 -7.61939e+01 8.85635e-03 8.63869e-02
166   753 -7.36348e+01 8.78259e-03 8.73514e-02
167   771 -7.20798e+01 8.54017e-03 8.53897e-02
168   789 -7.47587e+01 8.72093e-03 8.74818e-02
169   807 -7.24251e+01 8.04113e-03 8.46673e-02
170   826 -7.39486e+01 8.39030e-03 8.83731e-02
171   845 -7.32509e+01 8.51993e-03 8.73713e-02
172   865 -7.39529e+01 5.83807e-03 6.82418e-02
173   885 -7.43820e+01 5.84842e-03 6.54818e-02
174   906 -7.48381e+01 5.99749e-03 6.59471e-02
175   927 -7.20414e+01 5.99077e-03 6.43826e-02
176   949 -7.61255e+01 5.46068e-03 6.25652e-02
177   971 -7.45481e+01 6.27337e-03 6.84591e-02
178   994 -7.17669e+01 6.46951e-03 6.89688e-02
179  1017 -7.30601e+01 6.44739e-03 6.60205e-02
180  1041 -7.52314e+01 6.01495e-03 6.98986e-02
181  1065 -7.37008e+01 4.47563e-03 5.44687e-02
182  1090 -7.42895e+01 4.95035e-03 5.50239e-02
183  1115 -7.14271e+01 5.19704e-03 5.70036e-02
184  1141 -7.64730e+01 4.30983e-03 5.55957e-02
185  1168 -7.33926e+01 4.80607e-03 5.74541e-02
186  1195 -7.59634e+01 4.76889e-03 5.74711e-02
187  1223 -7.50243e+01 4.83328e-03 5.63745e-02
188  1252 -7.42113e+01 4.71033e-03 5.72549e-02
189  1281 -7.25218e+01 3.71975e-03 4.94462e-02
190  1311 -7.38058e+01 3.18348e-03 4.77773e-02
191  1342 -7.37159e+01 3.40272e-03 4.96550e-02
192  1373 -7.41935e+01 3.12553e-03 4.73515e-02
193  1405 -7.03476e+01 3.81850e-03 4.98719e-02
194  1438 -7.49546e+01 3.62321e-03 4.97439e-02
195  1472 -7.70736e+01 3.03389e-03 4.65582e-02
196  1506 -7.33119e+01 2.91541e-03 4.54280e-02
197  1541 -7.68502e+01 2.76424e-03 4.45592e-02
198  1577 -7.19720e+01 2.59605e-03 4.43492e-02
199  1614 -7.53598e+01 2.77907e-03 4.44902e-02
200  1652 -7.37273e+01 2.54061e-03 4.43075e-02
201  1690 -7.12640e+01 2.24689e-03 4.28524e-02
202  1730 -7.37907e+01 2.31022e-03 4.26975e-02
203  1770 -7.44236e+01 2.35878e-03 4.35126e-02
204  1811 -7.27943e+01 2.12554e-03 4.25162e-02
205  1854 -7.18370e+01 2.26079e-03 4.28366e-02
206  1897 -7.40375e+01 2.02356e-03 4.15356e-02
207  1941 -7.16044e+01 1.91366e-03 4.15744e-02
208  1987 -7.79103e+01 1.93371e-03 4.13045e-02
209  2033 -7.81380e+01 1.82042e-03 4.09178e-02
210  2081 -7.33718e+01 1.72460e-03 4.05104e-02
211  2129 -7.35099e+01 1.70847e-03 4.04831e-02
212  2179 -7.25576e+01 1.73191e-03 4.05022e-02
213  2230 -7.39796e+01 1.68782e-03 4.00830e-02
214  2282 -7.11453e+01 1.70324e-03 4.02540e-02
215  2335 -7.50257e+01 1.63014e-03 4.00785e-02
216  2390 -7.53337e+01 1.62121e-03 4.00981e-02
217  2446 -7.78493e+01 1.61540e-03 4.01049e-02
218  2503 -7.30195e+01 1.57286e-03 3.99797e-02
219  2561 -7.27367e+01 1.55865e-03 3.99169e-02
220  2621 -7.23632e+01 1.54472e-03 3.98682e-02
221  2682 -7.37937e+01 1.56240e-03 3.99355e-02
222  2745 -7.42093e+01 1.55035e-03 3.98605e-02
223  2809 -7.31298e+01 1.54427e-03 3.98445e-02
224  2875 -6.94312e+01 1.52792e-03 3.97719e-02
225  2942 -7.49054e+01 1.52528e-03 3.97556e-02
226  3010 -7.33984e+01 1.52171e-03 3.97492e-02
227  3081 -7.19596e+01 1.51461e-03 3.97198e-02
228  3153 -7.09282e+01 1.51359e-03 3.97221e-02
229  3226 -7.24940e+01 1.51402e-03 3.97190e-02
230  3302 -7.21413e+01 1.51326e-03 3.97197e-02
231  3379 -7.28190e+01 1.51206e-03 3.97174e-02
232  3458 -7.75951e+01 1.51103e-03 3.97129e-02
233  3538 -7.40823e+01 1.51102e-03 3.97138e-02
234  3621 -7.27359e+01 1.51062e-03 3.97096e-02
235  3706 -7.60378e+01 1.50940e-03 3.97046e-02
236  3792 -7.42747e+01 1.50884e-03 3.97032e-02
237  3881 -7.47913e+01 1.50834e-03 3.97009e-02
238  3971 -7.07366e+01 1.50800e-03 3.96996e-02
239  4064 -7.44406e+01 1.50725e-03 3.96968e-02
240  4159 -7.49097e+01 1.50702e-03 3.96945e-02
241  4256 -7.27523e+01 1.50644e-03 3.96918e-02
242  4356 -7.35036e+01 1.50585e-03 3.96889e-02
243  4457 -7.52279e+01 1.50570e-03 3.96873e-02
244  4561 -7.66323e+01 1.50559e-03 3.96867e-02
245  4668 -7.38047e+01 1.50473e-03 3.96831e-02
246  4777 -7.60946e+01 1.50370e-03 3.96787e-02
247  4889 -7.21501e+01 1.50405e-03 3.96810e-02
248  5003 -7.47395e+01 1.50358e-03 3.96794e-02
249  5120 -7.46457e+01 1.50350e-03 3.96787e-02
250  5239 -7.34586e+01 1.50293e-03 3.96784e-02
251  5361 -7.51146e+01 1.50256e-03 3.96765e-02
252  5487 -7.58838e+01 1.50218e-03 3.96758e-02
253  5615 -7.07322e+01 1.50185e-03 3.96747e-02
254  5746 -7.33614e+01 1.50123e-03 3.96706e-02
255  5880 -7.14513e+01 1.50069e-03 3.96704e-02
256  6017 -7.33805e+01 1.49981e-03 3.96690e-02
257  6158 -7.28245e+01 1.50009e-03 3.96702e-02
258  6302 -7.36872e+01 1.49966e-03 3.96688e-02
259  6449 -7.34781e+01 1.49870e-03 3.96655e-02
260  6600 -7.46552e+01 1.49748e-03 3.96608e-02
261  6754 -7.16428e+01 1.49671e-03 3.96567e-02
262  6911 -7.63916e+01 1.49650e-03 3.96550e-02
263  7073 -7.18621e+01 1.49693e-03 3.96585e-02
264  7238 -7.31088e+01 1.49639e-03 3.96569e-02
265  7407 -7.36584e+01 1.49558e-03 3.96550e-02
266  7580 -7.36117e+01 1.49589e-03 3.96586e-02
267  7757 -7.44507e+01 1.49464e-03 3.96548e-02
268  7938 -7.07796e+01 1.49443e-03 3.96547e-02
269  8124 -7.49522e+01 1.49435e-03 3.96537e-02
270  8313 -7.66228e+01 1.49410e-03 3.96519e-02
271  8507 -7.44937e+01 1.49355e-03 3.96516e-02
272  8706 -7.56908e+01 1.49328e-03 3.96525e-02
273  8909 -7.29420e+01 1.49291e-03 3.96514e-02
274  9118 -7.26959e+01 1.49309e-03 3.96520e-02
275  9330 -7.44182e+01 1.49302e-03 3.96494e-02
276  9548 -7.18301e+01 1.49262e-03 3.96504e-02
277  9771 -7.26520e+01 1.49239e-03 3.96512e-02
278 10000 -7.44275e+01 1.49167e-03 3.96467e-02
