i, epoch, loss, l2_err, h1_err
  0     1 -4.01865e+00 9.74889e-01 1.42694e+00
  1     2 -1.42915e+01 9.53977e-01 1.39353e+00
  2     3 -2.11341e+01 9.32630e-01 1.42374e+00
  3     4 -2.72477e+01 9.10484e-01 1.45773e+00
  4     5 -3.65536e+01 8.87679e-01 1.47034e+00
  5     6 -4.02915e+01 8.64240e-01 1.46227e+00
  6     7 -4.56021e+01 8.40232e-01 1.44037e+00
  7     8 -4.72359e+01 8.15718e-01 1.41259e+00
  8     9 -5.28918e+01 7.90715e-01 1.38189e+00
  9    10 -5.32222e+01 7.65606e-01 1.35115e+00
 10    11 -5.73116e+01 7.40289e-01 1.32085e+00
 11    12 -6.24817e+01 7.14741e-01 1.28895e+00
 12    13 -6.08616e+01 6.89145e-01 1.25499e+00
 13    14 -6.66348e+01 6.63499e-01 1.21811e+00
 14    15 -6.66583e+01 6.38001e-01 1.17798e+00
 15    16 -7.12608e+01 6.12921e-01 1.13744e+00
 16    17 -6.88898e+01 5.88304e-01 1.09841e+00
 17    18 -6.85116e+01 5.64257e-01 1.06220e+00
 18    19 -7.25652e+01 5.41050e-01 1.02899e+00
 19    20 -7.02511e+01 5.18649e-01 9.99099e-01
 20    21 -7.44127e+01 4.97259e-01 9.71075e-01
 21    22 -6.93151e+01 4.76558e-01 9.44129e-01
 22    23 -6.94723e+01 4.56495e-01 9.16484e-01
 23    24 -7.25310e+01 4.37038e-01 8.86602e-01
 24    25 -6.88691e+01 4.18278e-01 8.55139e-01
 25    26 -7.30047e+01 4.00141e-01 8.22952e-01
 26    27 -7.38453e+01 3.82634e-01 7.92061e-01
 27    28 -7.37364e+01 3.65775e-01 7.63280e-01
 28    29 -7.18517e+01 3.49626e-01 7.35102e-01
 29    30 -7.56553e+01 3.34073e-01 7.06568e-01
 30    31 -7.03598e+01 3.18988e-01 6.77314e-01
 31    32 -6.99605e+01 3.04502e-01 6.47556e-01
 32    33 -7.39048e+01 2.90472e-01 6.19643e-01
 33    34 -7.09382e+01 2.76859e-01 5.93269e-01
 34    35 -6.99039e+01 2.63819e-01 5.66656e-01
 35    36 -7.24474e+01 2.51319e-01 5.38853e-01
 36    37 -7.33102e+01 2.39459e-01 5.11417e-01
 37    38 -7.27660e+01 2.28045e-01 4.85213e-01
 38    39 -7.03985e+01 2.17110e-01 4.61271e-01
 39    40 -6.89196e+01 2.06577e-01 4.40014e-01
 40    41 -7.51564e+01 1.96410e-01 4.18264e-01
 41    42 -7.42689e+01 1.86421e-01 3.95245e-01
 42    43 -7.40489e+01 1.76606e-01 3.73415e-01
 43    44 -6.96440e+01 1.67140e-01 3.54910e-01
 44    45 -7.28262e+01 1.57940e-01 3.37703e-01
 45    46 -7.24487e+01 1.48989e-01 3.21633e-01
 46    47 -7.24654e+01 1.40290e-01 3.08563e-01
 47    48 -7.28943e+01 1.31851e-01 2.99587e-01
 48    49 -7.30527e+01 1.23479e-01 2.90733e-01
 49    50 -7.58439e+01 1.15314e-01 2.77489e-01
 50    51 -7.17590e+01 1.07181e-01 2.60686e-01
 51    53 -7.44027e+01 9.17603e-02 2.38328e-01
 52    54 -7.34750e+01 8.44415e-02 2.31884e-01
 53    55 -7.18064e+01 7.73790e-02 2.21377e-01
 54    56 -7.26179e+01 7.06202e-02 2.12370e-01
 55    58 -7.63657e+01 5.80023e-02 2.09334e-01
 56    59 -7.47743e+01 5.20870e-02 2.01967e-01
 57    60 -7.23424e+01 4.65230e-02 1.92748e-01
 58    62 -7.29780e+01 3.65588e-02 1.84767e-01
 59    63 -6.78552e+01 3.18419e-02 1.79918e-01
 60    65 -7.45496e+01 2.38838e-02 1.72868e-01
 61    66 -7.35426e+01 2.08139e-02 1.70550e-01
 62    68 -7.30317e+01 1.61797e-02 1.67753e-01
 63    69 -7.25554e+01 1.48543e-02 1.66534e-01
 64    71 -7.55349e+01 1.48626e-02 1.55666e-01
 65    73 -7.41866e+01 1.75018e-02 1.66102e-01
 66    74 -7.44369e+01 1.85431e-02 1.62920e-01
 67    76 -7.41881e+01 1.99430e-02 1.49825e-01
 68    78 -7.35619e+01 2.12221e-02 1.43629e-01
 69    80 -7.21195e+01 2.22397e-02 1.48746e-01
 70    82 -7.37585e+01 2.26230e-02 1.45556e-01
 71    84 -7.64210e+01 2.23368e-02 1.33057e-01
 72    86 -7.47689e+01 2.18013e-02 1.47692e-01
 73    88 -7.51702e+01 2.03008e-02 1.39088e-01
 74    90 -7.29199e+01 1.90288e-02 1.35374e-01
 75    92 -7.51415e+01 1.85676e-02 1.54932e-01
 76    94 -7.54812e+01 1.65572e-02 1.35699e-01
 77    96 -7.18006e+01 1.52901e-02 1.36666e-01
 78    98 -7.73483e+01 1.44914e-02 1.41450e-01
 79   101 -7.31842e+01 1.32159e-02 1.36944e-01
 80   103 -7.02868e+01 1.29445e-02 1.43445e-01
 81   105 -7.17167e+01 1.19618e-02 1.33913e-01
 82   108 -7.38857e+01 1.16840e-02 1.44416e-01
 83   110 -7.26668e+01 1.16187e-02 1.50493e-01
 84   113 -7.60549e+01 1.09836e-02 1.45198e-01
 85   116 -7.47697e+01 9.98408e-03 1.40622e-01
 86   118 -7.09832e+01 1.00804e-02 1.41143e-01
 87   121 -7.44322e+01 1.13660e-02 1.54134e-01
 88   124 -7.07774e+01 9.27699e-03 1.38418e-01
 89   127 -7.48854e+01 1.12634e-02 1.50644e-01
 90   130 -7.39218e+01 1.05506e-02 1.41598e-01
 91   133 -7.11528e+01 1.15229e-02 1.55813e-01
 92   136 -7.58603e+01 1.05227e-02 1.49537e-01
 93   139 -7.34288e+01 1.03955e-02 1.44378e-01
 94   143 -7.12323e+01 1.04252e-02 1.46207e-01
 95   146 -7.21488e+01 1.03643e-02 1.42332e-01
 96   149 -7.63096e+01 1.09879e-02 1.48183e-01
 97   153 -7.48746e+01 1.01779e-02 1.28068e-01
 98   156 -7.32089e+01 1.10019e-02 1.48620e-01
 99   160 -7.32470e+01 1.11709e-02 1.50915e-01
100   164 -7.28573e+01 1.12282e-02 1.58719e-01
101   168 -7.14283e+01 1.07730e-02 1.51551e-01
102   172 -7.34454e+01 1.04853e-02 1.41204e-01
103   176 -7.47234e+01 1.14954e-02 1.49371e-01
104   180 -7.10230e+01 1.19722e-02 1.57378e-01
105   184 -7.08809e+01 1.15269e-02 1.52877e-01
106   188 -7.37957e+01 1.18503e-02 1.59115e-01
107   193 -7.02475e+01 1.30738e-02 1.59921e-01
108   197 -7.46138e+01 1.17793e-02 1.62621e-01
109   202 -7.38664e+01 1.15159e-02 1.63333e-01
110   206 -7.25609e+01 1.17314e-02 1.55453e-01
111   211 -7.54441e+01 1.09517e-02 1.50532e-01
112   216 -6.83695e+01 1.08429e-02 1.51271e-01
113   221 -7.12805e+01 1.02287e-02 1.36482e-01
114   226 -7.57628e+01 1.05966e-02 1.39971e-01
115   232 -7.18278e+01 1.09640e-02 1.45800e-01
116   237 -7.08317e+01 1.08781e-02 1.46213e-01
117   243 -7.50828e+01 1.03168e-02 1.42076e-01
118   248 -7.65323e+01 1.03412e-02 1.47842e-01
119   254 -7.15462e+01 1.13000e-02 1.54913e-01
120   260 -6.98712e+01 1.05973e-02 1.44338e-01
121   266 -7.32758e+01 1.15217e-02 1.47974e-01
122   272 -7.67249e+01 1.17035e-02 1.46667e-01
123   279 -7.15117e+01 1.16318e-02 1.57950e-01
124   285 -7.58159e+01 1.16521e-02 1.60825e-01
125   292 -7.09704e+01 1.18985e-02 1.60466e-01
126   299 -7.23823e+01 1.16353e-02 1.58711e-01
127   306 -7.02978e+01 1.05511e-02 1.49684e-01
128   313 -7.13363e+01 1.15416e-02 1.55634e-01
129   320 -7.42251e+01 1.10276e-02 1.58723e-01
130   328 -7.30388e+01 1.22891e-02 1.74296e-01
131   335 -7.33256e+01 1.19323e-02 1.57345e-01
132   343 -7.20560e+01 1.19368e-02 1.61794e-01
133   351 -7.24047e+01 1.12609e-02 1.59519e-01
134   360 -7.59600e+01 1.13270e-02 1.62142e-01
135   368 -7.28713e+01 1.14187e-02 1.58761e-01
136   377 -7.45784e+01 1.14498e-02 1.52099e-01
137   385 -7.40755e+01 1.15668e-02 1.52594e-01
138   394 -6.94416e+01 1.07192e-02 1.57474e-01
139   404 -7.46532e+01 8.22034e-03 1.11480e-01
140   413 -7.59371e+01 8.37989e-03 1.17763e-01
141   423 -7.00059e+01 8.75426e-03 1.18346e-01
142   433 -7.28081e+01 8.72322e-03 1.17728e-01
143   443 -7.56759e+01 8.97472e-03 1.17605e-01
144   453 -7.65452e+01 7.99114e-03 1.15307e-01
145   464 -7.12631e+01 8.30733e-03 1.23805e-01
146   474 -7.21121e+01 8.65774e-03 1.19821e-01
147   486 -7.28830e+01 8.08843e-03 1.12045e-01
148   497 -7.49567e+01 8.12089e-03 1.17640e-01
149   509 -7.45144e+01 8.31906e-03 1.15145e-01
150   520 -7.35673e+01 8.76420e-03 1.23293e-01
151   533 -7.45210e+01 8.50206e-03 1.21046e-01
152   545 -7.16584e+01 8.80890e-03 1.17265e-01
153   558 -7.39799e+01 8.90730e-03 1.23743e-01
154   571 -7.23450e+01 8.62592e-03 1.20161e-01
155   584 -7.27166e+01 8.62174e-03 1.22742e-01
156   598 -7.52009e+01 7.54502e-03 1.11004e-01
157   612 -7.19647e+01 8.33364e-03 1.17037e-01
158   626 -6.87360e+01 9.12222e-03 1.18842e-01
159   641 -7.34942e+01 8.54929e-03 1.15435e-01
160   656 -7.41077e+01 7.82034e-03 1.11138e-01
161   671 -7.17718e+01 8.80104e-03 1.23898e-01
162   687 -7.34805e+01 8.68810e-03 1.22386e-01
163   703 -7.44357e+01 9.01121e-03 1.29009e-01
164   719 -7.28459e+01 7.98255e-03 1.13989e-01
165   736 -7.31962e+01 7.50794e-03 1.07494e-01
166   753 -7.72579e+01 8.35018e-03 1.27660e-01
167   771 -7.47060e+01 6.40319e-03 8.93020e-02
168   789 -7.92555e+01 6.53969e-03 8.97407e-02
169   807 -7.19015e+01 6.20429e-03 9.17886e-02
170   826 -7.12927e+01 6.76767e-03 8.95794e-02
171   845 -7.26741e+01 7.05169e-03 9.05756e-02
172   865 -7.15992e+01 6.52621e-03 8.91924e-02
173   885 -7.43492e+01 7.09545e-03 9.33157e-02
174   906 -7.22225e+01 6.88996e-03 9.36136e-02
175   927 -7.36598e+01 5.77387e-03 8.89871e-02
176   949 -7.03444e+01 6.52470e-03 9.32646e-02
177   971 -7.20208e+01 5.32132e-03 7.95494e-02
178   994 -7.12958e+01 4.70844e-03 6.76116e-02
179  1017 -7.35003e+01 4.42235e-03 6.53109e-02
180  1041 -7.43314e+01 4.82988e-03 6.65928e-02
181  1065 -7.03336e+01 4.73931e-03 6.76565e-02
182  1090 -7.25901e+01 4.37589e-03 6.60974e-02
183  1115 -7.11120e+01 4.47023e-03 6.39878e-02
184  1141 -7.13729e+01 4.84053e-03 6.90041e-02
185  1168 -7.31255e+01 4.94852e-03 6.94052e-02
186  1195 -7.33355e+01 3.09048e-03 4.95673e-02
187  1223 -7.33619e+01 3.24923e-03 5.15704e-02
188  1252 -7.50043e+01 2.99239e-03 4.94532e-02
189  1281 -7.59069e+01 3.64405e-03 5.34840e-02
190  1311 -7.24801e+01 3.14967e-03 4.98358e-02
191  1342 -7.54514e+01 3.52550e-03 5.32252e-02
192  1373 -7.28294e+01 3.36151e-03 5.16836e-02
193  1405 -7.18238e+01 2.37351e-03 3.99630e-02
194  1438 -7.37733e+01 2.42254e-03 4.22314e-02
195  1472 -7.31712e+01 2.54949e-03 4.32449e-02
196  1506 -7.35092e+01 2.39821e-03 4.17746e-02
197  1541 -7.50320e+01 2.65036e-03 4.29072e-02
198  1577 -7.09779e+01 2.40934e-03 3.87775e-02
199  1614 -7.39383e+01 1.92924e-03 3.49636e-02
200  1652 -7.59220e+01 1.71069e-03 3.49738e-02
201  1690 -7.29779e+01 1.90145e-03 3.50294e-02
202  1730 -7.40969e+01 1.70392e-03 3.52016e-02
203  1770 -7.26081e+01 1.83986e-03 3.56484e-02
204  1811 -7.48635e+01 1.53491e-03 3.12198e-02
205  1854 -7.08954e+01 1.37426e-03 3.08905e-02
206  1897 -7.65155e+01 1.40658e-03 3.16731e-02
207  1941 -7.22199e+01 1.31344e-03 3.15810e-02
208  1987 -7.44111e+01 1.34638e-03 3.11607e-02
209  2033 -7.45134e+01 1.16848e-03 2.94534e-02
210  2081 -7.19015e+01 1.10004e-03 2.91481e-02
211  2129 -7.22276e+01 1.03822e-03 2.86731e-02
212  2179 -7.10384e+01 9.50334e-04 2.84899e-02
213  2230 -7.22871e+01 8.67436e-04 2.77460e-02
214  2282 -7.16592e+01 9.11384e-04 2.80565e-02
215  2335 -7.21276e+01 9.16150e-04 2.81816e-02
216  2390 -6.99581e+01 9.06865e-04 2.80940e-02
217  2446 -7.15319e+01 8.56007e-04 2.77126e-02
218  2503 -7.00853e+01 7.87065e-04 2.72155e-02
219  2561 -7.45253e+01 7.71403e-04 2.70599e-02
220  2621 -6.92194e+01 7.52547e-04 2.69319e-02
221  2682 -7.36652e+01 7.26932e-04 2.67759e-02
222  2745 -7.57481e+01 7.20468e-04 2.67630e-02
223  2809 -6.92007e+01 7.01807e-04 2.67188e-02
224  2875 -7.51168e+01 6.89282e-04 2.67017e-02
225  2942 -7.44807e+01 6.81972e-04 2.66466e-02
226  3010 -7.29592e+01 6.75938e-04 2.66167e-02
227  3081 -7.62495e+01 6.72105e-04 2.66126e-02
228  3153 -7.52606e+01 6.67111e-04 2.66069e-02
229  3226 -7.12621e+01 6.63319e-04 2.65756e-02
230  3302 -7.44447e+01 6.60537e-04 2.65574e-02
231  3379 -7.75506e+01 6.57936e-04 2.65476e-02
232  3458 -7.30423e+01 6.56444e-04 2.65388e-02
233  3538 -7.31561e+01 6.55141e-04 2.65324e-02
234  3621 -7.68330e+01 6.53908e-04 2.65276e-02
235  3706 -7.11920e+01 6.52418e-04 2.65203e-02
236  3792 -7.37774e+01 6.51468e-04 2.65138e-02
237  3881 -7.05802e+01 6.50103e-04 2.65112e-02
238  3971 -7.03877e+01 6.49187e-04 2.65060e-02
239  4064 -7.51659e+01 6.47915e-04 2.65021e-02
240  4159 -7.63857e+01 6.46762e-04 2.64994e-02
241  4256 -7.59629e+01 6.45520e-04 2.64921e-02
242  4356 -7.43233e+01 6.43909e-04 2.64855e-02
243  4457 -7.56092e+01 6.42818e-04 2.64825e-02
244  4561 -6.99537e+01 6.42097e-04 2.64830e-02
245  4668 -7.26997e+01 6.40612e-04 2.64753e-02
246  4777 -6.96949e+01 6.39951e-04 2.64733e-02
247  4889 -7.50835e+01 6.38983e-04 2.64703e-02
248  5003 -7.17242e+01 6.38186e-04 2.64664e-02
249  5120 -7.33113e+01 6.36954e-04 2.64594e-02
250  5239 -7.47293e+01 6.35940e-04 2.64610e-02
251  5361 -7.20078e+01 6.34743e-04 2.64595e-02
252  5487 -7.31629e+01 6.33607e-04 2.64591e-02
253  5615 -7.33590e+01 6.32699e-04 2.64568e-02
254  5746 -7.56152e+01 6.32064e-04 2.64531e-02
255  5880 -7.45997e+01 6.31511e-04 2.64526e-02
256  6017 -7.37720e+01 6.30203e-04 2.64466e-02
257  6158 -7.23535e+01 6.29233e-04 2.64453e-02
258  6302 -7.16865e+01 6.28323e-04 2.64404e-02
259  6449 -7.62986e+01 6.27642e-04 2.64371e-02
260  6600 -7.06870e+01 6.26546e-04 2.64349e-02
261  6754 -7.40762e+01 6.25711e-04 2.64372e-02
262  6911 -7.64312e+01 6.24385e-04 2.64318e-02
263  7073 -7.02477e+01 6.24166e-04 2.64257e-02
264  7238 -7.18632e+01 6.23256e-04 2.64193e-02
265  7407 -7.36781e+01 6.22367e-04 2.64175e-02
266  7580 -6.95398e+01 6.20614e-04 2.64083e-02
267  7757 -7.61184e+01 6.20101e-04 2.64022e-02
268  7938 -7.45943e+01 6.18627e-04 2.63992e-02
269  8124 -7.36888e+01 6.17672e-04 2.63954e-02
270  8313 -7.48716e+01 6.16942e-04 2.63940e-02
271  8507 -7.72366e+01 6.16090e-04 2.63966e-02
272  8706 -7.14174e+01 6.15420e-04 2.63991e-02
273  8909 -7.37370e+01 6.15057e-04 2.64016e-02
274  9118 -7.38604e+01 6.14060e-04 2.64011e-02
275  9330 -7.49502e+01 6.13693e-04 2.64028e-02
276  9548 -7.59935e+01 6.13147e-04 2.63963e-02
277  9771 -7.16921e+01 6.12137e-04 2.63996e-02
278 10000 -7.56148e+01 6.11457e-04 2.63961e-02
