i, epoch, loss, l2_err, h1_err
  0     1 -1.05651e+01 9.61189e-01 1.07897e+00
  1     2 -1.89885e+01 9.16942e-01 1.01430e+00
  2     3 -2.51279e+01 8.71000e-01 9.83116e-01
  3     4 -3.30438e+01 8.23641e-01 9.70112e-01
  4     5 -3.89071e+01 7.75862e-01 9.62033e-01
  5     6 -4.79933e+01 7.28437e-01 9.50921e-01
  6     7 -5.07152e+01 6.81731e-01 9.33120e-01
  7     8 -5.55531e+01 6.36114e-01 9.10023e-01
  8     9 -5.96380e+01 5.92051e-01 8.81708e-01
  9    10 -6.11406e+01 5.49772e-01 8.50154e-01
 10    11 -6.02427e+01 5.09406e-01 8.16954e-01
 11    12 -6.55170e+01 4.71325e-01 7.82591e-01
 12    13 -6.83210e+01 4.35580e-01 7.48895e-01
 13    14 -7.05199e+01 4.01948e-01 7.17030e-01
 14    15 -6.67883e+01 3.70407e-01 6.86080e-01
 15    16 -6.64492e+01 3.40824e-01 6.56223e-01
 16    17 -7.07498e+01 3.12789e-01 6.27119e-01
 17    18 -6.81006e+01 2.86379e-01 5.96649e-01
 18    19 -7.18857e+01 2.61340e-01 5.64294e-01
 19    20 -7.16585e+01 2.37221e-01 5.30155e-01
 20    21 -7.25545e+01 2.14629e-01 4.95091e-01
 21    22 -7.43154e+01 1.93426e-01 4.61283e-01
 22    23 -7.54426e+01 1.73306e-01 4.29246e-01
 23    24 -7.09781e+01 1.54643e-01 4.01793e-01
 24    25 -7.18708e+01 1.37706e-01 3.80923e-01
 25    26 -6.98078e+01 1.23171e-01 3.66532e-01
 26    27 -7.36895e+01 1.11707e-01 3.58218e-01
 27    28 -6.96054e+01 1.03654e-01 3.53794e-01
 28    29 -7.59291e+01 9.94476e-02 3.51955e-01
 29    30 -6.67696e+01 9.85273e-02 3.50245e-01
 30    31 -7.37441e+01 9.92884e-02 3.48163e-01
 31    32 -7.37060e+01 1.01148e-01 3.45406e-01
 32    33 -7.09048e+01 1.03435e-01 3.41531e-01
 33    34 -7.06560e+01 1.05341e-01 3.35410e-01
 34    35 -7.34474e+01 1.06761e-01 3.27278e-01
 35    36 -7.30977e+01 1.07633e-01 3.18316e-01
 36    37 -7.11459e+01 1.07811e-01 3.06543e-01
 37    38 -7.06784e+01 1.07343e-01 2.92433e-01
 38    39 -6.88295e+01 1.06312e-01 2.77023e-01
 39    40 -7.26042e+01 1.04333e-01 2.59654e-01
 40    41 -7.55359e+01 1.01713e-01 2.41953e-01
 41    42 -7.45474e+01 9.86227e-02 2.25068e-01
 42    43 -7.26741e+01 9.51204e-02 2.10095e-01
 43    44 -7.07901e+01 9.11250e-02 1.98092e-01
 44    45 -7.34030e+01 8.68513e-02 1.88699e-01
 45    46 -7.33191e+01 8.24579e-02 1.83083e-01
 46    47 -7.05348e+01 7.79038e-02 1.79130e-01
 47    48 -7.10332e+01 7.34979e-02 1.76044e-01
 48    49 -7.41029e+01 6.90247e-02 1.74475e-01
 49    50 -7.48875e+01 6.48226e-02 1.73841e-01
 50    51 -7.03062e+01 6.07852e-02 1.71489e-01
 51    53 -7.13768e+01 5.31819e-02 1.67363e-01
 52    54 -7.25438e+01 4.91627e-02 1.64734e-01
 53    55 -7.25966e+01 4.48562e-02 1.62011e-01
 54    56 -7.13044e+01 4.04874e-02 1.59687e-01
 55    58 -6.98706e+01 3.27285e-02 1.44703e-01
 56    59 -7.31320e+01 2.93269e-02 1.38580e-01
 57    60 -7.23857e+01 2.67334e-02 1.34474e-01
 58    62 -7.40311e+01 2.15991e-02 1.21251e-01
 59    63 -7.22757e+01 1.89923e-02 1.11658e-01
 60    65 -7.54973e+01 1.64655e-02 1.02690e-01
 61    66 -7.42233e+01 1.70653e-02 1.04161e-01
 62    68 -7.49376e+01 1.79983e-02 1.01916e-01
 63    69 -7.35281e+01 1.79653e-02 9.62538e-02
 64    71 -7.23913e+01 1.91250e-02 9.38616e-02
 65    73 -7.71247e+01 2.08580e-02 9.77190e-02
 66    74 -7.27961e+01 2.08674e-02 9.79055e-02
 67    76 -7.17314e+01 2.04663e-02 9.34608e-02
 68    78 -7.12975e+01 2.12554e-02 9.60408e-02
 69    80 -7.43239e+01 2.00717e-02 9.00484e-02
 70    82 -7.24608e+01 1.74772e-02 8.76717e-02
 71    84 -7.64143e+01 1.57089e-02 9.01599e-02
 72    86 -7.16380e+01 1.36574e-02 8.05750e-02
 73    88 -7.08120e+01 1.13801e-02 8.27782e-02
 74    90 -7.29696e+01 9.03145e-03 7.95137e-02
 75    92 -7.37106e+01 8.55969e-03 7.76108e-02
 76    94 -7.26695e+01 9.94604e-03 8.06751e-02
 77    96 -7.45591e+01 1.08634e-02 8.08256e-02
 78    98 -7.25302e+01 1.07670e-02 8.34772e-02
 79   101 -6.90439e+01 1.00465e-02 7.71581e-02
 80   103 -7.24447e+01 1.01632e-02 7.81593e-02
 81   105 -7.15686e+01 1.01773e-02 8.49428e-02
 82   108 -7.04915e+01 8.88606e-03 7.35262e-02
 83   110 -7.52462e+01 9.78174e-03 8.20254e-02
 84   113 -7.31176e+01 9.64702e-03 7.73726e-02
 85   116 -7.75006e+01 9.94126e-03 8.64296e-02
 86   118 -7.44582e+01 8.10644e-03 7.76116e-02
 87   121 -7.26964e+01 1.14710e-02 8.65589e-02
 88   124 -7.49724e+01 9.62089e-03 8.25645e-02
 89   127 -7.64619e+01 8.40973e-03 7.73523e-02
 90   130 -7.33273e+01 1.09552e-02 8.81065e-02
 91   133 -7.75403e+01 8.53331e-03 8.14753e-02
 92   136 -7.42547e+01 9.58185e-03 8.24077e-02
 93   139 -7.17043e+01 9.53122e-03 8.37455e-02
 94   143 -7.39129e+01 1.07563e-02 8.54670e-02
 95   146 -7.31898e+01 9.50943e-03 8.27170e-02
 96   149 -7.36294e+01 1.13389e-02 8.31932e-02
 97   153 -7.27726e+01 6.85067e-03 6.84324e-02
 98   156 -7.34322e+01 9.32161e-03 8.23896e-02
 99   160 -7.06271e+01 9.96100e-03 8.20971e-02
100   164 -7.25359e+01 1.05261e-02 8.13183e-02
101   168 -7.49038e+01 9.04229e-03 8.30571e-02
102   172 -7.18416e+01 1.10000e-02 8.68077e-02
103   176 -7.59463e+01 9.83679e-03 8.78809e-02
104   180 -7.29981e+01 1.00699e-02 8.42768e-02
105   184 -7.61546e+01 8.95920e-03 7.77160e-02
106   188 -7.07093e+01 8.54083e-03 7.36771e-02
107   193 -7.50139e+01 9.25316e-03 7.82590e-02
108   197 -7.09183e+01 9.34921e-03 7.72035e-02
109   202 -7.18456e+01 7.88628e-03 7.45383e-02
110   206 -7.27840e+01 1.09057e-02 8.26947e-02
111   211 -7.51219e+01 7.78559e-03 7.33471e-02
112   216 -7.18341e+01 1.13619e-02 8.69806e-02
113   221 -7.45473e+01 1.05931e-02 8.60161e-02
114   226 -7.46315e+01 1.26725e-02 9.16236e-02
115   232 -7.52583e+01 1.18139e-02 8.75376e-02
116   237 -7.42601e+01 9.97614e-03 8.09464e-02
117   243 -7.33897e+01 1.09985e-02 8.37293e-02
118   248 -7.47813e+01 1.09139e-02 8.91015e-02
119   254 -7.57112e+01 1.07245e-02 9.35842e-02
120   260 -6.94426e+01 1.08334e-02 8.72196e-02
121   266 -7.19579e+01 9.04439e-03 8.24737e-02
122   272 -7.22286e+01 1.09291e-02 8.63591e-02
123   279 -7.30203e+01 1.13387e-02 8.80922e-02
124   285 -7.56080e+01 9.63491e-03 8.59791e-02
125   292 -7.17747e+01 9.84383e-03 8.18905e-02
126   299 -7.29325e+01 9.62705e-03 8.43694e-02
127   306 -7.08718e+01 8.41034e-03 7.63099e-02
128   313 -7.25954e+01 1.26967e-02 8.69100e-02
129   320 -7.41202e+01 1.15197e-02 9.07607e-02
130   328 -7.12626e+01 1.04652e-02 8.79571e-02
131   335 -7.51801e+01 1.14759e-02 8.71192e-02
132   343 -7.19610e+01 1.05038e-02 8.33562e-02
133   351 -7.34961e+01 1.07782e-02 8.57646e-02
134   360 -7.32157e+01 1.08629e-02 8.66644e-02
135   368 -7.29973e+01 1.18963e-02 9.02081e-02
136   377 -7.24597e+01 8.46209e-03 7.48982e-02
137   385 -7.28269e+01 8.43360e-03 7.42264e-02
138   394 -7.14616e+01 6.80968e-03 7.06125e-02
139   404 -7.17264e+01 8.57569e-03 7.42141e-02
140   413 -7.27311e+01 1.04221e-02 8.23773e-02
141   423 -7.23384e+01 9.06501e-03 7.43504e-02
142   433 -7.23532e+01 8.84994e-03 7.59192e-02
143   443 -7.28962e+01 7.80870e-03 7.30433e-02
144   453 -7.61095e+01 8.79235e-03 7.67726e-02
145   464 -6.97582e+01 9.14994e-03 7.54615e-02
146   474 -7.05650e+01 8.71329e-03 7.11395e-02
147   486 -7.24528e+01 8.14848e-03 6.96951e-02
148   497 -7.30409e+01 7.98652e-03 7.51325e-02
149   509 -7.29056e+01 7.21412e-03 6.84819e-02
150   520 -7.62606e+01 9.45662e-03 7.57681e-02
151   533 -7.38197e+01 7.25544e-03 7.10145e-02
152   545 -7.36219e+01 8.94774e-03 8.12000e-02
153   558 -7.09034e+01 8.07822e-03 7.61847e-02
154   571 -7.32438e+01 9.50374e-03 7.73809e-02
155   584 -7.26196e+01 7.28151e-03 7.26706e-02
156   598 -7.18293e+01 8.40080e-03 7.31061e-02
157   612 -7.27896e+01 7.28718e-03 7.24730e-02
158   626 -7.37180e+01 8.29049e-03 7.55449e-02
159   641 -6.88661e+01 9.14258e-03 8.00481e-02
160   656 -7.14500e+01 7.59435e-03 7.13070e-02
161   671 -7.42289e+01 7.88662e-03 7.23753e-02
162   687 -7.54692e+01 5.98638e-03 6.50328e-02
163   703 -7.04406e+01 6.57888e-03 6.91143e-02
164   719 -7.43748e+01 7.20999e-03 6.59923e-02
165   736 -7.37375e+01 6.66814e-03 6.91183e-02
166   753 -7.36106e+01 7.17724e-03 7.15577e-02
167   771 -7.18110e+01 5.85571e-03 6.57540e-02
168   789 -7.38086e+01 6.78214e-03 6.98489e-02
169   807 -7.30881e+01 6.49814e-03 6.88906e-02
170   826 -7.52024e+01 7.64945e-03 6.99954e-02
171   845 -7.18466e+01 6.27134e-03 6.83745e-02
172   865 -7.77382e+01 6.84546e-03 6.65899e-02
173   885 -7.76032e+01 6.98579e-03 6.68033e-02
174   906 -7.19904e+01 6.56539e-03 6.80496e-02
175   927 -7.42884e+01 6.93225e-03 6.84738e-02
176   949 -7.04777e+01 6.80620e-03 6.65138e-02
177   971 -7.43687e+01 5.59748e-03 6.38027e-02
178   994 -7.33669e+01 5.60975e-03 6.47598e-02
179  1017 -7.35304e+01 5.80771e-03 6.30079e-02
180  1041 -7.61104e+01 6.02834e-03 6.47128e-02
181  1065 -7.45857e+01 5.87877e-03 6.38986e-02
182  1090 -7.45751e+01 5.37874e-03 6.47090e-02
183  1115 -7.29327e+01 5.63080e-03 6.37319e-02
184  1141 -7.33505e+01 6.11269e-03 6.51551e-02
185  1168 -7.20291e+01 5.10943e-03 6.12269e-02
186  1195 -7.21800e+01 5.63554e-03 6.25255e-02
187  1223 -7.30371e+01 5.11167e-03 6.19337e-02
188  1252 -7.71069e+01 4.73360e-03 6.11955e-02
189  1281 -7.43363e+01 4.82405e-03 6.19290e-02
190  1311 -7.05894e+01 5.46234e-03 6.19753e-02
191  1342 -7.41796e+01 5.05943e-03 6.13002e-02
192  1373 -7.27214e+01 4.67410e-03 6.06915e-02
193  1405 -7.67789e+01 4.72805e-03 6.07549e-02
194  1438 -7.52498e+01 4.62498e-03 6.00340e-02
195  1472 -7.31746e+01 4.81327e-03 6.01845e-02
196  1506 -7.56775e+01 4.56446e-03 6.01247e-02
197  1541 -7.17163e+01 4.14592e-03 5.94762e-02
198  1577 -7.23023e+01 4.46155e-03 5.99415e-02
199  1614 -6.77159e+01 4.35954e-03 5.95530e-02
200  1652 -7.47132e+01 4.08095e-03 5.92341e-02
201  1690 -7.39976e+01 4.07734e-03 5.90982e-02
202  1730 -7.37144e+01 4.23299e-03 5.91853e-02
203  1770 -7.36408e+01 4.38713e-03 5.97276e-02
204  1811 -7.43672e+01 4.32157e-03 5.97947e-02
205  1854 -7.30717e+01 4.26489e-03 5.92108e-02
206  1897 -7.10713e+01 4.31894e-03 5.92989e-02
207  1941 -7.34784e+01 4.24117e-03 5.91273e-02
208  1987 -7.01924e+01 4.21069e-03 5.91698e-02
209  2033 -7.77029e+01 4.11676e-03 5.88961e-02
210  2081 -7.16324e+01 4.08750e-03 5.89152e-02
211  2129 -7.61461e+01 4.15224e-03 5.88869e-02
212  2179 -7.27267e+01 4.11606e-03 5.88482e-02
213  2230 -7.39499e+01 4.15516e-03 5.88721e-02
214  2282 -7.43722e+01 4.14458e-03 5.87821e-02
215  2335 -7.25129e+01 4.12540e-03 5.87810e-02
216  2390 -7.28758e+01 4.12236e-03 5.88284e-02
217  2446 -7.54181e+01 4.11787e-03 5.88077e-02
218  2503 -7.23621e+01 4.11427e-03 5.87658e-02
219  2561 -7.32224e+01 4.09964e-03 5.87335e-02
220  2621 -7.59381e+01 4.09650e-03 5.87429e-02
221  2682 -7.08936e+01 4.09280e-03 5.87327e-02
222  2745 -7.41172e+01 4.09468e-03 5.87437e-02
223  2809 -7.46894e+01 4.09447e-03 5.87397e-02
224  2875 -7.19317e+01 4.09505e-03 5.87364e-02
225  2942 -7.27460e+01 4.09175e-03 5.87177e-02
226  3010 -7.35469e+01 4.09432e-03 5.87187e-02
227  3081 -7.31724e+01 4.09261e-03 5.87134e-02
228  3153 -7.74661e+01 4.09082e-03 5.87078e-02
229  3226 -7.61322e+01 4.09354e-03 5.87129e-02
230  3302 -7.29118e+01 4.09164e-03 5.87091e-02
231  3379 -7.33592e+01 4.09444e-03 5.87139e-02
232  3458 -7.15851e+01 4.09575e-03 5.87158e-02
233  3538 -7.65402e+01 4.09686e-03 5.87181e-02
234  3621 -6.98230e+01 4.09683e-03 5.87166e-02
235  3706 -7.33897e+01 4.09607e-03 5.87146e-02
236  3792 -7.30788e+01 4.09638e-03 5.87146e-02
237  3881 -6.99755e+01 4.09752e-03 5.87165e-02
238  3971 -6.98997e+01 4.09696e-03 5.87157e-02
239  4064 -7.75389e+01 4.09681e-03 5.87155e-02
240  4159 -7.49368e+01 4.09706e-03 5.87156e-02
241  4256 -7.13288e+01 4.09714e-03 5.87145e-02
242  4356 -7.61766e+01 4.09610e-03 5.87123e-02
243  4457 -7.24553e+01 4.09605e-03 5.87119e-02
244  4561 -7.51431e+01 4.09543e-03 5.87109e-02
245  4668 -7.00522e+01 4.09552e-03 5.87102e-02
246  4777 -7.35869e+01 4.09542e-03 5.87092e-02
247  4889 -7.36396e+01 4.09457e-03 5.87071e-02
248  5003 -7.52007e+01 4.09432e-03 5.87060e-02
249  5120 -6.97222e+01 4.09436e-03 5.87055e-02
250  5239 -7.71010e+01 4.09363e-03 5.87041e-02
251  5361 -7.33590e+01 4.09402e-03 5.87043e-02
252  5487 -7.40016e+01 4.09457e-03 5.87055e-02
253  5615 -6.85688e+01 4.09478e-03 5.87052e-02
254  5746 -7.19716e+01 4.09362e-03 5.87022e-02
255  5880 -7.16129e+01 4.09355e-03 5.87021e-02
256  6017 -7.61490e+01 4.09269e-03 5.86995e-02
257  6158 -7.37168e+01 4.09391e-03 5.87021e-02
258  6302 -7.31237e+01 4.09362e-03 5.87007e-02
259  6449 -7.05785e+01 4.09301e-03 5.86993e-02
260  6600 -7.26644e+01 4.09199e-03 5.86953e-02
261  6754 -7.45553e+01 4.09179e-03 5.86937e-02
262  6911 -7.56902e+01 4.09217e-03 5.86943e-02
263  7073 -7.21484e+01 4.09157e-03 5.86921e-02
264  7238 -7.61589e+01 4.09103e-03 5.86903e-02
265  7407 -7.31034e+01 4.08924e-03 5.86854e-02
266  7580 -7.42308e+01 4.08850e-03 5.86836e-02
267  7757 -7.44677e+01 4.08823e-03 5.86824e-02
268  7938 -7.31509e+01 4.08665e-03 5.86801e-02
269  8124 -7.53589e+01 4.08623e-03 5.86778e-02
270  8313 -6.97331e+01 4.08606e-03 5.86761e-02
271  8507 -7.47037e+01 4.08695e-03 5.86785e-02
272  8706 -7.23046e+01 4.08636e-03 5.86789e-02
273  8909 -6.95484e+01 4.08516e-03 5.86770e-02
274  9118 -7.40863e+01 4.08380e-03 5.86743e-02
275  9330 -7.24514e+01 4.08378e-03 5.86742e-02
276  9548 -7.35969e+01 4.08390e-03 5.86740e-02
277  9771 -7.19520e+01 4.08456e-03 5.86741e-02
278 10000 -7.62591e+01 4.08383e-03 5.86711e-02
