i, epoch, loss, l2_err, h1_err
  0     1 -5.59641e+01 9.85463e-01 1.16844e+00
  1     2 -1.33187e+02 9.74245e-01 1.19109e+00
  2     3 -1.94967e+02 9.62095e-01 1.22060e+00
  3     4 -2.57594e+02 9.49078e-01 1.25443e+00
  4     5 -3.28963e+02 9.35317e-01 1.28866e+00
  5     6 -3.84963e+02 9.21163e-01 1.32186e+00
  6     7 -4.40030e+02 9.06689e-01 1.35258e+00
  7     8 -4.91057e+02 8.91693e-01 1.37852e+00
  8     9 -5.41112e+02 8.76094e-01 1.39991e+00
  9    10 -5.86503e+02 8.59869e-01 1.41703e+00
 10    11 -6.28073e+02 8.43150e-01 1.43017e+00
 11    12 -6.75294e+02 8.25881e-01 1.43918e+00
 12    13 -7.19920e+02 8.08212e-01 1.44418e+00
 13    14 -7.52135e+02 7.90234e-01 1.44579e+00
 14    15 -7.86764e+02 7.72000e-01 1.44496e+00
 15    16 -8.16035e+02 7.53701e-01 1.44146e+00
 16    17 -8.50309e+02 7.35239e-01 1.43548e+00
 17    18 -8.87718e+02 7.16542e-01 1.42671e+00
 18    19 -9.18642e+02 6.97668e-01 1.41538e+00
 19    20 -9.25478e+02 6.78737e-01 1.40190e+00
 20    21 -9.40270e+02 6.59657e-01 1.38682e+00
 21    22 -9.62038e+02 6.40597e-01 1.37018e+00
 22    23 -9.81499e+02 6.21486e-01 1.35180e+00
 23    24 -1.01685e+03 6.02330e-01 1.33185e+00
 24    25 -1.01869e+03 5.83213e-01 1.31017e+00
 25    26 -1.02376e+03 5.64132e-01 1.28659e+00
 26    27 -1.05091e+03 5.45107e-01 1.26133e+00
 27    28 -1.05271e+03 5.26188e-01 1.23470e+00
 28    29 -1.07281e+03 5.07350e-01 1.20724e+00
 29    30 -1.08106e+03 4.88599e-01 1.17850e+00
 30    31 -1.07541e+03 4.69980e-01 1.14843e+00
 31    32 -1.07828e+03 4.51509e-01 1.11737e+00
 32    33 -1.08432e+03 4.33203e-01 1.08546e+00
 33    34 -1.08659e+03 4.15099e-01 1.05313e+00
 34    35 -1.10828e+03 3.97207e-01 1.02008e+00
 35    36 -1.09108e+03 3.79625e-01 9.86894e-01
 36    37 -1.09433e+03 3.62322e-01 9.53668e-01
 37    38 -1.11958e+03 3.45356e-01 9.20553e-01
 38    39 -1.10561e+03 3.28701e-01 8.87702e-01
 39    40 -1.13204e+03 3.12361e-01 8.55058e-01
 40    41 -1.12900e+03 2.96314e-01 8.22921e-01
 41    42 -1.09878e+03 2.80603e-01 7.90924e-01
 42    43 -1.13417e+03 2.65238e-01 7.59541e-01
 43    44 -1.12094e+03 2.50308e-01 7.28846e-01
 44    45 -1.12662e+03 2.35786e-01 6.98887e-01
 45    46 -1.11371e+03 2.21707e-01 6.69601e-01
 46    47 -1.12416e+03 2.08070e-01 6.40991e-01
 47    48 -1.11641e+03 1.94848e-01 6.13573e-01
 48    49 -1.10891e+03 1.82061e-01 5.87265e-01
 49    50 -1.11357e+03 1.69768e-01 5.62119e-01
 50    51 -1.12000e+03 1.57866e-01 5.38153e-01
 51    53 -1.13033e+03 1.35402e-01 4.93380e-01
 52    54 -1.12327e+03 1.24883e-01 4.72462e-01
 53    55 -1.12738e+03 1.14854e-01 4.53026e-01
 54    56 -1.13917e+03 1.05355e-01 4.34757e-01
 55    58 -1.12576e+03 8.78988e-02 4.01860e-01
 56    59 -1.11949e+03 7.99582e-02 3.87268e-01
 57    60 -1.11568e+03 7.25218e-02 3.73776e-01
 58    62 -1.12060e+03 5.91429e-02 3.50623e-01
 59    63 -1.12867e+03 5.32398e-02 3.41010e-01
 60    65 -1.12324e+03 4.30529e-02 3.25190e-01
 61    66 -1.13175e+03 3.89001e-02 3.18937e-01
 62    68 -1.12870e+03 3.26777e-02 3.08985e-01
 63    69 -1.13759e+03 3.05760e-02 3.04814e-01
 64    71 -1.13731e+03 2.84504e-02 2.99156e-01
 65    73 -1.13971e+03 2.82095e-02 2.94702e-01
 66    74 -1.12145e+03 2.85971e-02 2.92999e-01
 67    76 -1.13309e+03 2.99204e-02 2.90287e-01
 68    78 -1.11846e+03 3.15173e-02 2.88402e-01
 69    80 -1.13799e+03 3.29136e-02 2.86875e-01
 70    82 -1.13486e+03 3.39277e-02 2.86437e-01
 71    84 -1.11281e+03 3.43997e-02 2.86199e-01
 72    86 -1.13595e+03 3.43025e-02 2.85388e-01
 73    88 -1.12831e+03 3.37806e-02 2.84015e-01
 74    90 -1.12568e+03 3.31249e-02 2.83247e-01
 75    92 -1.11717e+03 3.25830e-02 2.84791e-01
 76    94 -1.13198e+03 3.18532e-02 2.85061e-01
 77    96 -1.11951e+03 3.10283e-02 2.84584e-01
 78    98 -1.10514e+03 3.00036e-02 2.83100e-01
 79   101 -1.11352e+03 2.83636e-02 2.81192e-01
 80   103 -1.12973e+03 2.72285e-02 2.79714e-01
 81   105 -1.13559e+03 2.62298e-02 2.78003e-01
 82   108 -1.14355e+03 2.51134e-02 2.76274e-01
 83   110 -1.13212e+03 2.46502e-02 2.76426e-01
 84   113 -1.12992e+03 2.41532e-02 2.77572e-01
 85   116 -1.14075e+03 2.38013e-02 2.77780e-01
 86   118 -1.13702e+03 2.36087e-02 2.78176e-01
 87   121 -1.15785e+03 2.35672e-02 2.80246e-01
 88   124 -1.12361e+03 2.31511e-02 2.78638e-01
 89   127 -1.11610e+03 2.25376e-02 2.75549e-01
 90   130 -1.13102e+03 2.22234e-02 2.75330e-01
 91   133 -1.14709e+03 2.22034e-02 2.76178e-01
 92   136 -1.13718e+03 2.25204e-02 2.77600e-01
 93   139 -1.11213e+03 2.27732e-02 2.77843e-01
 94   143 -1.12248e+03 2.25886e-02 2.76193e-01
 95   146 -1.12492e+03 2.22283e-02 2.74528e-01
 96   149 -1.12443e+03 2.20514e-02 2.74367e-01
 97   153 -1.13225e+03 2.25583e-02 2.77516e-01
 98   156 -1.12697e+03 2.27162e-02 2.77271e-01
 99   160 -1.12747e+03 2.27911e-02 2.78119e-01
100   164 -1.13489e+03 2.27189e-02 2.77953e-01
101   168 -1.12930e+03 2.24137e-02 2.76002e-01
102   172 -1.12940e+03 2.23766e-02 2.76659e-01
103   176 -1.12074e+03 2.27201e-02 2.77932e-01
104   180 -1.12359e+03 2.28396e-02 2.77686e-01
105   184 -1.15261e+03 2.28811e-02 2.77697e-01
106   188 -1.15136e+03 2.24737e-02 2.75410e-01
107   193 -1.13430e+03 2.22172e-02 2.75514e-01
108   197 -1.15302e+03 2.23007e-02 2.76470e-01
109   202 -1.13172e+03 2.23081e-02 2.76262e-01
110   206 -1.12162e+03 2.23123e-02 2.75356e-01
111   211 -1.14910e+03 2.27970e-02 2.78205e-01
112   216 -1.13710e+03 2.22417e-02 2.74525e-01
113   221 -1.10359e+03 2.23532e-02 2.74810e-01
114   226 -1.13681e+03 2.30847e-02 2.79143e-01
115   232 -1.12164e+03 2.25700e-02 2.75541e-01
116   237 -1.13782e+03 2.23949e-02 2.75504e-01
117   243 -1.12036e+03 2.17939e-02 2.71356e-01
118   248 -1.12138e+03 2.21017e-02 2.74860e-01
119   254 -1.13014e+03 2.31805e-02 2.79874e-01
120   260 -1.14355e+03 2.25743e-02 2.76805e-01
121   266 -1.13208e+03 2.28003e-02 2.77682e-01
122   272 -1.12673e+03 2.30340e-02 2.78073e-01
123   279 -1.14258e+03 2.28911e-02 2.77301e-01
124   285 -1.12844e+03 2.30018e-02 2.77358e-01
125   292 -1.12964e+03 2.27173e-02 2.78224e-01
126   299 -1.11206e+03 2.26279e-02 2.76294e-01
127   306 -1.14672e+03 2.29597e-02 2.79679e-01
128   313 -1.14379e+03 2.19627e-02 2.73398e-01
129   320 -1.13351e+03 2.22997e-02 2.74675e-01
130   328 -1.12277e+03 2.27705e-02 2.77745e-01
131   335 -1.12049e+03 2.25419e-02 2.76080e-01
132   343 -1.11764e+03 2.23667e-02 2.74761e-01
133   351 -1.13555e+03 2.31449e-02 2.80054e-01
134   360 -1.13334e+03 2.25761e-02 2.75676e-01
135   368 -1.13284e+03 2.23290e-02 2.76326e-01
136   377 -1.12281e+03 2.29025e-02 2.76783e-01
137   385 -1.13280e+03 2.24575e-02 2.76240e-01
138   394 -1.10258e+03 2.23858e-02 2.76579e-01
139   404 -1.11416e+03 2.28591e-02 2.76766e-01
140   413 -1.12643e+03 2.17737e-02 2.71575e-01
141   423 -1.13072e+03 2.29122e-02 2.77803e-01
142   433 -1.10718e+03 2.24870e-02 2.74942e-01
143   443 -1.12448e+03 2.27486e-02 2.77345e-01
144   453 -1.12368e+03 2.23989e-02 2.75375e-01
145   464 -1.14353e+03 2.22519e-02 2.74852e-01
146   474 -1.13869e+03 2.20372e-02 2.73488e-01
147   486 -1.11720e+03 2.29510e-02 2.79648e-01
148   497 -1.12755e+03 2.24762e-02 2.75992e-01
149   509 -1.13160e+03 2.22207e-02 2.74449e-01
150   520 -1.13549e+03 2.30058e-02 2.78775e-01
151   533 -1.11900e+03 2.21445e-02 2.73965e-01
152   545 -1.14121e+03 2.22356e-02 2.75793e-01
153   558 -1.09792e+03 2.24839e-02 2.76633e-01
154   571 -1.12557e+03 2.24161e-02 2.75659e-01
155   584 -1.10963e+03 2.28462e-02 2.77594e-01
156   598 -1.11284e+03 2.24867e-02 2.75509e-01
157   612 -1.12068e+03 2.25617e-02 2.76035e-01
158   626 -1.11574e+03 2.26669e-02 2.76518e-01
159   641 -1.13103e+03 2.23624e-02 2.74883e-01
160   656 -1.14803e+03 2.24094e-02 2.76921e-01
161   671 -1.10352e+03 2.19284e-02 2.73370e-01
162   687 -1.11383e+03 2.27749e-02 2.77622e-01
163   703 -1.13894e+03 2.29098e-02 2.78283e-01
164   719 -1.13047e+03 2.24612e-02 2.75443e-01
165   736 -1.12578e+03 2.25291e-02 2.75572e-01
166   753 -1.12727e+03 2.21559e-02 2.75271e-01
167   771 -1.13805e+03 2.16870e-02 2.71302e-01
168   789 -1.12612e+03 2.22445e-02 2.75761e-01
169   807 -1.15291e+03 2.22249e-02 2.75055e-01
170   826 -1.12906e+03 2.23050e-02 2.74056e-01
171   845 -1.12879e+03 2.26300e-02 2.77895e-01
172   865 -1.14543e+03 2.23353e-02 2.74980e-01
173   885 -1.12976e+03 2.22789e-02 2.74660e-01
174   906 -1.10690e+03 2.27574e-02 2.77284e-01
175   927 -1.13851e+03 2.22199e-02 2.74834e-01
176   949 -1.13046e+03 2.23335e-02 2.75234e-01
177   971 -1.12433e+03 2.23859e-02 2.75691e-01
178   994 -1.12267e+03 2.23746e-02 2.75930e-01
179  1017 -1.12846e+03 2.24868e-02 2.76636e-01
180  1041 -1.14272e+03 2.23545e-02 2.75420e-01
181  1065 -1.13026e+03 2.23008e-02 2.75731e-01
182  1090 -1.11795e+03 2.26315e-02 2.77062e-01
183  1115 -1.11773e+03 2.25909e-02 2.76996e-01
184  1141 -1.14026e+03 2.24070e-02 2.75522e-01
185  1168 -1.13544e+03 2.24419e-02 2.75696e-01
186  1195 -1.10748e+03 2.27241e-02 2.77770e-01
187  1223 -1.11222e+03 2.27299e-02 2.77401e-01
188  1252 -1.11422e+03 2.24947e-02 2.75926e-01
189  1281 -1.11391e+03 2.25511e-02 2.76647e-01
190  1311 -1.13146e+03 2.24579e-02 2.76014e-01
191  1342 -1.13624e+03 2.22959e-02 2.75451e-01
192  1373 -1.13783e+03 2.25192e-02 2.76317e-01
193  1405 -1.14106e+03 2.25478e-02 2.76528e-01
194  1438 -1.13572e+03 2.25611e-02 2.76596e-01
195  1472 -1.12749e+03 2.25738e-02 2.76487e-01
196  1506 -1.13394e+03 2.25394e-02 2.76256e-01
197  1541 -1.12862e+03 2.26371e-02 2.76869e-01
198  1577 -1.12045e+03 2.25169e-02 2.76095e-01
199  1614 -1.13732e+03 2.23377e-02 2.74935e-01
200  1652 -1.12378e+03 2.23515e-02 2.75183e-01
201  1690 -1.13747e+03 2.23573e-02 2.75341e-01
202  1730 -1.10936e+03 2.23459e-02 2.75332e-01
203  1770 -1.12606e+03 2.22893e-02 2.75061e-01
204  1811 -1.15054e+03 2.23953e-02 2.75762e-01
205  1854 -1.13350e+03 2.24717e-02 2.76214e-01
206  1897 -1.11251e+03 2.24209e-02 2.75942e-01
207  1941 -1.11640e+03 2.24498e-02 2.76102e-01
208  1987 -1.12790e+03 2.24507e-02 2.76101e-01
209  2033 -1.11924e+03 2.25212e-02 2.76521e-01
210  2081 -1.11264e+03 2.24575e-02 2.76115e-01
211  2129 -1.11948e+03 2.24536e-02 2.76166e-01
212  2179 -1.12093e+03 2.24143e-02 2.75934e-01
213  2230 -1.12834e+03 2.23991e-02 2.75730e-01
214  2282 -1.12726e+03 2.24024e-02 2.75819e-01
215  2335 -1.13387e+03 2.23967e-02 2.75735e-01
216  2390 -1.14091e+03 2.23735e-02 2.75655e-01
217  2446 -1.12716e+03 2.23796e-02 2.75701e-01
218  2503 -1.12348e+03 2.23879e-02 2.75772e-01
219  2561 -1.11824e+03 2.23646e-02 2.75566e-01
220  2621 -1.11850e+03 2.23711e-02 2.75649e-01
221  2682 -1.12701e+03 2.23766e-02 2.75708e-01
222  2745 -1.12844e+03 2.23925e-02 2.75834e-01
223  2809 -1.12883e+03 2.23869e-02 2.75794e-01
224  2875 -1.11674e+03 2.23882e-02 2.75794e-01
225  2942 -1.13254e+03 2.23907e-02 2.75800e-01
226  3010 -1.12590e+03 2.23958e-02 2.75842e-01
227  3081 -1.13868e+03 2.23952e-02 2.75837e-01
228  3153 -1.12590e+03 2.23956e-02 2.75831e-01
229  3226 -1.12461e+03 2.23991e-02 2.75852e-01
230  3302 -1.11239e+03 2.23990e-02 2.75851e-01
231  3379 -1.13388e+03 2.23993e-02 2.75849e-01
232  3458 -1.13896e+03 2.23988e-02 2.75848e-01
233  3538 -1.13613e+03 2.23990e-02 2.75846e-01
234  3621 -1.12148e+03 2.24005e-02 2.75853e-01
235  3706 -1.11708e+03 2.24004e-02 2.75853e-01
236  3792 -1.13113e+03 2.24006e-02 2.75852e-01
237  3881 -1.12626e+03 2.24010e-02 2.75853e-01
238  3971 -1.12616e+03 2.24009e-02 2.75853e-01
239  4064 -1.12288e+03 2.24009e-02 2.75849e-01
240  4159 -1.13113e+03 2.24017e-02 2.75855e-01
241  4256 -1.14139e+03 2.24017e-02 2.75854e-01
242  4356 -1.13382e+03 2.24019e-02 2.75856e-01
243  4457 -1.13280e+03 2.24024e-02 2.75857e-01
244  4561 -1.12944e+03 2.24023e-02 2.75854e-01
245  4668 -1.13932e+03 2.24022e-02 2.75852e-01
246  4777 -1.11972e+03 2.24028e-02 2.75854e-01
247  4889 -1.12415e+03 2.24034e-02 2.75858e-01
248  5003 -1.13892e+03 2.24039e-02 2.75862e-01
249  5120 -1.14395e+03 2.24037e-02 2.75860e-01
250  5239 -1.12027e+03 2.24041e-02 2.75858e-01
251  5361 -1.15222e+03 2.24046e-02 2.75857e-01
252  5487 -1.13197e+03 2.24048e-02 2.75858e-01
253  5615 -1.11566e+03 2.24054e-02 2.75859e-01
254  5746 -1.14175e+03 2.24055e-02 2.75859e-01
255  5880 -1.13838e+03 2.24054e-02 2.75860e-01
256  6017 -1.12882e+03 2.24054e-02 2.75860e-01
257  6158 -1.12544e+03 2.24050e-02 2.75856e-01
258  6302 -1.12931e+03 2.24048e-02 2.75852e-01
259  6449 -1.13717e+03 2.24058e-02 2.75856e-01
260  6600 -1.13786e+03 2.24055e-02 2.75850e-01
261  6754 -1.11446e+03 2.24059e-02 2.75849e-01
262  6911 -1.13546e+03 2.24072e-02 2.75855e-01
263  7073 -1.12804e+03 2.24072e-02 2.75853e-01
264  7238 -1.14079e+03 2.24084e-02 2.75860e-01
265  7407 -1.13809e+03 2.24085e-02 2.75858e-01
266  7580 -1.13961e+03 2.24085e-02 2.75856e-01
267  7757 -1.13593e+03 2.24083e-02 2.75851e-01
268  7938 -1.15223e+03 2.24080e-02 2.75849e-01
269  8124 -1.14097e+03 2.24089e-02 2.75854e-01
270  8313 -1.13182e+03 2.24092e-02 2.75853e-01
271  8507 -1.13954e+03 2.24100e-02 2.75854e-01
272  8706 -1.12564e+03 2.24109e-02 2.75853e-01
273  8909 -1.13601e+03 2.24112e-02 2.75852e-01
274  9118 -1.13261e+03 2.24122e-02 2.75855e-01
275  9330 -1.13093e+03 2.24134e-02 2.75860e-01
276  9548 -1.13729e+03 2.24126e-02 2.75853e-01
277  9771 -1.13380e+03 2.24133e-02 2.75851e-01
278 10000 -1.13783e+03 2.24129e-02 2.75846e-01
