i, epoch, loss, l2_err, h1_err
  0     1 -4.89915e+01 9.74795e-01 1.16765e+00
  1     2 -1.17123e+02 9.65434e-01 1.20970e+00
  2     3 -1.86075e+02 9.56327e-01 1.26274e+00
  3     4 -2.54983e+02 9.46628e-01 1.31641e+00
  4     5 -3.10773e+02 9.36763e-01 1.36333e+00
  5     6 -3.72217e+02 9.26272e-01 1.40317e+00
  6     7 -4.34828e+02 9.15333e-01 1.43608e+00
  7     8 -4.82039e+02 9.03647e-01 1.46356e+00
  8     9 -5.32901e+02 8.91586e-01 1.48443e+00
  9    10 -5.83584e+02 8.79105e-01 1.50025e+00
 10    11 -6.20759e+02 8.66293e-01 1.51231e+00
 11    12 -6.67416e+02 8.53024e-01 1.51849e+00
 12    13 -7.09257e+02 8.39244e-01 1.52111e+00
 13    14 -7.39993e+02 8.25112e-01 1.52028e+00
 14    15 -7.75472e+02 8.10449e-01 1.51661e+00
 15    16 -8.10700e+02 7.95148e-01 1.50990e+00
 16    17 -8.52824e+02 7.79097e-01 1.50044e+00
 17    18 -8.74108e+02 7.62314e-01 1.48825e+00
 18    19 -8.90504e+02 7.44921e-01 1.47332e+00
 19    20 -9.20571e+02 7.26950e-01 1.45625e+00
 20    21 -9.52010e+02 7.08487e-01 1.43718e+00
 21    22 -9.56682e+02 6.89579e-01 1.41633e+00
 22    23 -9.86668e+02 6.70303e-01 1.39373e+00
 23    24 -9.97356e+02 6.50692e-01 1.36945e+00
 24    25 -1.01299e+03 6.30860e-01 1.34362e+00
 25    26 -1.02549e+03 6.10888e-01 1.31696e+00
 26    27 -1.03369e+03 5.90754e-01 1.28905e+00
 27    28 -1.04357e+03 5.70508e-01 1.26012e+00
 28    29 -1.04606e+03 5.50215e-01 1.23022e+00
 29    30 -1.05666e+03 5.29976e-01 1.19981e+00
 30    31 -1.06602e+03 5.09804e-01 1.16893e+00
 31    32 -1.08833e+03 4.89738e-01 1.13741e+00
 32    33 -1.09035e+03 4.69804e-01 1.10551e+00
 33    34 -1.09412e+03 4.50052e-01 1.07330e+00
 34    35 -1.09600e+03 4.30603e-01 1.04085e+00
 35    36 -1.08380e+03 4.11400e-01 1.00795e+00
 36    37 -1.11093e+03 3.92454e-01 9.74856e-01
 37    38 -1.09685e+03 3.73813e-01 9.41872e-01
 38    39 -1.11401e+03 3.55452e-01 9.09038e-01
 39    40 -1.10126e+03 3.37411e-01 8.76417e-01
 40    41 -1.12067e+03 3.19720e-01 8.44189e-01
 41    42 -1.13018e+03 3.02360e-01 8.12277e-01
 42    43 -1.12020e+03 2.85354e-01 7.80872e-01
 43    44 -1.12043e+03 2.68760e-01 7.50054e-01
 44    45 -1.12267e+03 2.52594e-01 7.19917e-01
 45    46 -1.12891e+03 2.36865e-01 6.90497e-01
 46    47 -1.10658e+03 2.21632e-01 6.61818e-01
 47    48 -1.11530e+03 2.06930e-01 6.33912e-01
 48    49 -1.14238e+03 1.92747e-01 6.06803e-01
 49    50 -1.14036e+03 1.79080e-01 5.80582e-01
 50    51 -1.12313e+03 1.65974e-01 5.54976e-01
 51    53 -1.13131e+03 1.41498e-01 5.06007e-01
 52    54 -1.13490e+03 1.30131e-01 4.82614e-01
 53    55 -1.10599e+03 1.19313e-01 4.60129e-01
 54    56 -1.11657e+03 1.09048e-01 4.38561e-01
 55    58 -1.10272e+03 9.01808e-02 3.98510e-01
 56    59 -1.13402e+03 8.15659e-02 3.80045e-01
 57    60 -1.12757e+03 7.34573e-02 3.62624e-01
 58    62 -1.12695e+03 5.87936e-02 3.31093e-01
 59    63 -1.12664e+03 5.22588e-02 3.17139e-01
 60    65 -1.11647e+03 4.08634e-02 2.93090e-01
 61    66 -1.13813e+03 3.60583e-02 2.82600e-01
 62    68 -1.14033e+03 2.84043e-02 2.64361e-01
 63    69 -1.12002e+03 2.56546e-02 2.56623e-01
 64    71 -1.12224e+03 2.23522e-02 2.43433e-01
 65    73 -1.10729e+03 2.15587e-02 2.32821e-01
 66    74 -1.12660e+03 2.18284e-02 2.28539e-01
 67    76 -1.13684e+03 2.30561e-02 2.21979e-01
 68    78 -1.13058e+03 2.46051e-02 2.18459e-01
 69    80 -1.12692e+03 2.59298e-02 2.16299e-01
 70    82 -1.12842e+03 2.68860e-02 2.15324e-01
 71    84 -1.11646e+03 2.74066e-02 2.14132e-01
 72    86 -1.13104e+03 2.74443e-02 2.12794e-01
 73    88 -1.12017e+03 2.71368e-02 2.11294e-01
 74    90 -1.13252e+03 2.64707e-02 2.09580e-01
 75    92 -1.12859e+03 2.55115e-02 2.08284e-01
 76    94 -1.13971e+03 2.43502e-02 2.07449e-01
 77    96 -1.12929e+03 2.31247e-02 2.07266e-01
 78    98 -1.16364e+03 2.19304e-02 2.08245e-01
 79   101 -1.13798e+03 2.01187e-02 2.08190e-01
 80   103 -1.09909e+03 1.88969e-02 2.06402e-01
 81   105 -1.12877e+03 1.77622e-02 2.04328e-01
 82   108 -1.13336e+03 1.62078e-02 2.02188e-01
 83   110 -1.12438e+03 1.52914e-02 2.02014e-01
 84   113 -1.12996e+03 1.42136e-02 2.03003e-01
 85   116 -1.13376e+03 1.35194e-02 2.04942e-01
 86   118 -1.13912e+03 1.30607e-02 2.03988e-01
 87   121 -1.13061e+03 1.25095e-02 2.01378e-01
 88   124 -1.14673e+03 1.20286e-02 1.99083e-01
 89   127 -1.13679e+03 1.17855e-02 1.99127e-01
 90   130 -1.12674e+03 1.17225e-02 2.00006e-01
 91   133 -1.11931e+03 1.15896e-02 1.99579e-01
 92   136 -1.12189e+03 1.12707e-02 1.96922e-01
 93   139 -1.14146e+03 1.10908e-02 1.95998e-01
 94   143 -1.10553e+03 1.14949e-02 1.99895e-01
 95   146 -1.13170e+03 1.19239e-02 2.02382e-01
 96   149 -1.15432e+03 1.19439e-02 2.00362e-01
 97   153 -1.14964e+03 1.17699e-02 1.97193e-01
 98   156 -1.11879e+03 1.17525e-02 1.97719e-01
 99   160 -1.10393e+03 1.17918e-02 1.99528e-01
100   164 -1.13843e+03 1.16730e-02 1.98626e-01
101   168 -1.12939e+03 1.16608e-02 1.98446e-01
102   172 -1.12915e+03 1.17536e-02 1.99240e-01
103   176 -1.13385e+03 1.20173e-02 2.00401e-01
104   180 -1.13805e+03 1.18447e-02 1.98604e-01
105   184 -1.11585e+03 1.17439e-02 1.99193e-01
106   188 -1.12302e+03 1.16046e-02 1.99091e-01
107   193 -1.12818e+03 1.13286e-02 1.97900e-01
108   197 -1.12516e+03 1.12564e-02 1.97307e-01
109   202 -1.13340e+03 1.17043e-02 2.00509e-01
110   206 -1.11316e+03 1.19783e-02 2.01080e-01
111   211 -1.11198e+03 1.19185e-02 1.98313e-01
112   216 -1.11422e+03 1.20634e-02 1.98931e-01
113   221 -1.13141e+03 1.20023e-02 1.98012e-01
114   226 -1.14362e+03 1.23172e-02 2.03077e-01
115   232 -1.12454e+03 1.17272e-02 1.97311e-01
116   237 -1.13955e+03 1.15766e-02 1.98792e-01
117   243 -1.12348e+03 1.15752e-02 1.98840e-01
118   248 -1.12409e+03 1.17584e-02 1.99324e-01
119   254 -1.10871e+03 1.18960e-02 2.00160e-01
120   260 -1.11855e+03 1.18127e-02 1.98209e-01
121   266 -1.13907e+03 1.20317e-02 2.00168e-01
122   272 -1.12565e+03 1.17229e-02 1.97500e-01
123   279 -1.13295e+03 1.16146e-02 1.99847e-01
124   285 -1.12868e+03 1.13976e-02 1.97031e-01
125   292 -1.14686e+03 1.17822e-02 2.00142e-01
126   299 -1.12323e+03 1.17502e-02 1.98783e-01
127   306 -1.13762e+03 1.17248e-02 1.98883e-01
128   313 -1.11537e+03 1.17245e-02 1.98379e-01
129   320 -1.13356e+03 1.17990e-02 1.98221e-01
130   328 -1.14764e+03 1.20074e-02 1.99533e-01
131   335 -1.10156e+03 1.20889e-02 2.00041e-01
132   343 -1.12477e+03 1.19059e-02 1.99016e-01
133   351 -1.13404e+03 1.19563e-02 1.99809e-01
134   360 -1.10667e+03 1.16601e-02 1.98727e-01
135   368 -1.12629e+03 1.20016e-02 2.01186e-01
136   377 -1.13483e+03 1.16076e-02 1.97534e-01
137   385 -1.15478e+03 1.18589e-02 2.00407e-01
138   394 -1.13942e+03 1.17435e-02 2.00232e-01
139   404 -1.12442e+03 1.15737e-02 1.97018e-01
140   413 -1.11862e+03 1.18002e-02 2.01542e-01
141   423 -1.13852e+03 1.15668e-02 1.97314e-01
142   433 -1.12495e+03 1.18875e-02 1.99637e-01
143   443 -1.12770e+03 1.16748e-02 1.99062e-01
144   453 -1.11989e+03 1.16941e-02 1.97466e-01
145   464 -1.11094e+03 1.18822e-02 2.00506e-01
146   474 -1.12751e+03 1.20173e-02 2.00027e-01
147   486 -1.12023e+03 1.18202e-02 1.98104e-01
148   497 -1.12853e+03 1.18283e-02 1.99031e-01
149   509 -1.13669e+03 1.18327e-02 1.99264e-01
150   520 -1.12702e+03 1.17080e-02 1.98242e-01
151   533 -1.12642e+03 1.16891e-02 1.99395e-01
152   545 -1.10442e+03 1.14117e-02 1.97896e-01
153   558 -1.12046e+03 1.18068e-02 1.99541e-01
154   571 -1.12036e+03 1.16962e-02 1.98517e-01
155   584 -1.13034e+03 1.16454e-02 1.98629e-01
156   598 -1.11942e+03 1.20188e-02 2.00715e-01
157   612 -1.13657e+03 1.17157e-02 1.98542e-01
158   626 -1.11976e+03 1.15935e-02 1.98430e-01
159   641 -1.12415e+03 1.17179e-02 1.98213e-01
160   656 -1.11699e+03 1.13952e-02 1.97740e-01
161   671 -1.12804e+03 1.14843e-02 1.97690e-01
162   687 -1.12940e+03 1.19398e-02 2.00524e-01
163   703 -1.11443e+03 1.17255e-02 1.97887e-01
164   719 -1.10959e+03 1.17676e-02 1.98407e-01
165   736 -1.09754e+03 1.18979e-02 1.99239e-01
166   753 -1.12654e+03 1.17596e-02 1.99243e-01
167   771 -1.12991e+03 1.15983e-02 1.97923e-01
168   789 -1.12564e+03 1.17619e-02 1.98350e-01
169   807 -1.12704e+03 1.17869e-02 1.99100e-01
170   826 -1.11866e+03 1.17762e-02 1.99009e-01
171   845 -1.13264e+03 1.16263e-02 1.97913e-01
172   865 -1.12083e+03 1.16785e-02 1.98172e-01
173   885 -1.13309e+03 1.17501e-02 1.98544e-01
174   906 -1.12554e+03 1.16695e-02 1.98822e-01
175   927 -1.11405e+03 1.17146e-02 1.99274e-01
176   949 -1.14121e+03 1.17860e-02 1.99367e-01
177   971 -1.11004e+03 1.18790e-02 1.99779e-01
178   994 -1.12126e+03 1.17657e-02 1.98709e-01
179  1017 -1.13978e+03 1.18411e-02 2.00117e-01
180  1041 -1.12634e+03 1.16819e-02 1.98644e-01
181  1065 -1.13395e+03 1.17004e-02 1.98236e-01
182  1090 -1.11642e+03 1.15746e-02 1.97932e-01
183  1115 -1.12683e+03 1.17780e-02 1.99524e-01
184  1141 -1.11143e+03 1.17457e-02 1.99016e-01
185  1168 -1.10480e+03 1.18434e-02 1.99678e-01
186  1195 -1.13448e+03 1.17952e-02 1.99055e-01
187  1223 -1.11176e+03 1.18398e-02 1.99111e-01
188  1252 -1.13389e+03 1.18892e-02 1.99688e-01
189  1281 -1.14557e+03 1.17978e-02 1.99142e-01
190  1311 -1.12100e+03 1.17056e-02 1.98783e-01
191  1342 -1.13520e+03 1.17025e-02 1.98823e-01
192  1373 -1.11748e+03 1.17220e-02 1.98997e-01
193  1405 -1.11905e+03 1.17898e-02 1.99470e-01
194  1438 -1.13434e+03 1.17103e-02 1.98712e-01
195  1472 -1.12332e+03 1.17121e-02 1.99043e-01
196  1506 -1.13121e+03 1.17142e-02 1.98720e-01
197  1541 -1.13466e+03 1.17740e-02 1.99194e-01
198  1577 -1.12509e+03 1.17595e-02 1.99096e-01
199  1614 -1.12362e+03 1.16601e-02 1.98633e-01
200  1652 -1.13943e+03 1.17532e-02 1.99296e-01
201  1690 -1.13806e+03 1.16804e-02 1.98828e-01
202  1730 -1.12667e+03 1.16831e-02 1.98765e-01
203  1770 -1.12451e+03 1.16842e-02 1.98875e-01
204  1811 -1.13147e+03 1.16348e-02 1.98545e-01
205  1854 -1.11294e+03 1.15889e-02 1.98404e-01
206  1897 -1.13867e+03 1.16466e-02 1.98858e-01
207  1941 -1.12286e+03 1.16593e-02 1.98828e-01
208  1987 -1.14713e+03 1.16297e-02 1.98662e-01
209  2033 -1.12799e+03 1.16781e-02 1.98996e-01
210  2081 -1.10901e+03 1.16910e-02 1.99007e-01
211  2129 -1.13326e+03 1.17092e-02 1.99099e-01
212  2179 -1.12070e+03 1.17014e-02 1.98959e-01
213  2230 -1.12345e+03 1.17232e-02 1.99083e-01
214  2282 -1.11361e+03 1.17098e-02 1.98964e-01
215  2335 -1.14228e+03 1.17170e-02 1.99039e-01
216  2390 -1.14693e+03 1.16936e-02 1.98768e-01
217  2446 -1.14327e+03 1.16956e-02 1.98836e-01
218  2503 -1.13172e+03 1.16915e-02 1.98832e-01
219  2561 -1.14580e+03 1.16992e-02 1.98883e-01
220  2621 -1.13572e+03 1.16902e-02 1.98836e-01
221  2682 -1.10325e+03 1.16934e-02 1.98868e-01
222  2745 -1.13817e+03 1.16980e-02 1.98889e-01
223  2809 -1.11581e+03 1.16986e-02 1.98896e-01
224  2875 -1.12597e+03 1.17028e-02 1.98918e-01
225  2942 -1.12791e+03 1.16997e-02 1.98885e-01
226  3010 -1.12276e+03 1.16971e-02 1.98853e-01
227  3081 -1.12711e+03 1.16981e-02 1.98871e-01
228  3153 -1.10603e+03 1.16981e-02 1.98874e-01
229  3226 -1.15194e+03 1.16985e-02 1.98880e-01
230  3302 -1.13235e+03 1.16980e-02 1.98875e-01
231  3379 -1.13205e+03 1.16986e-02 1.98880e-01
232  3458 -1.15005e+03 1.16983e-02 1.98878e-01
233  3538 -1.11368e+03 1.16985e-02 1.98881e-01
234  3621 -1.12575e+03 1.16986e-02 1.98882e-01
235  3706 -1.13319e+03 1.16988e-02 1.98884e-01
236  3792 -1.13502e+03 1.16993e-02 1.98888e-01
237  3881 -1.12976e+03 1.17000e-02 1.98893e-01
238  3971 -1.14024e+03 1.17001e-02 1.98894e-01
239  4064 -1.12961e+03 1.17006e-02 1.98897e-01
240  4159 -1.13490e+03 1.17006e-02 1.98899e-01
241  4256 -1.11623e+03 1.17005e-02 1.98899e-01
242  4356 -1.11830e+03 1.17002e-02 1.98894e-01
243  4457 -1.10851e+03 1.17005e-02 1.98897e-01
244  4561 -1.13404e+03 1.16998e-02 1.98892e-01
245  4668 -1.13273e+03 1.17002e-02 1.98894e-01
246  4777 -1.13777e+03 1.17001e-02 1.98893e-01
247  4889 -1.11918e+03 1.16997e-02 1.98889e-01
248  5003 -1.10934e+03 1.16994e-02 1.98886e-01
249  5120 -1.13067e+03 1.16995e-02 1.98887e-01
250  5239 -1.12497e+03 1.16998e-02 1.98891e-01
251  5361 -1.10505e+03 1.17000e-02 1.98891e-01
252  5487 -1.12001e+03 1.17004e-02 1.98892e-01
253  5615 -1.17325e+03 1.17003e-02 1.98891e-01
254  5746 -1.12783e+03 1.17007e-02 1.98895e-01
255  5880 -1.13978e+03 1.17013e-02 1.98899e-01
256  6017 -1.14355e+03 1.17016e-02 1.98901e-01
257  6158 -1.13605e+03 1.17019e-02 1.98902e-01
258  6302 -1.12364e+03 1.17023e-02 1.98905e-01
259  6449 -1.13487e+03 1.17017e-02 1.98899e-01
260  6600 -1.14156e+03 1.17017e-02 1.98900e-01
261  6754 -1.11969e+03 1.17020e-02 1.98897e-01
262  6911 -1.11608e+03 1.17025e-02 1.98898e-01
263  7073 -1.10749e+03 1.17019e-02 1.98896e-01
264  7238 -1.12991e+03 1.17022e-02 1.98896e-01
265  7407 -1.13524e+03 1.17020e-02 1.98895e-01
266  7580 -1.12651e+03 1.17025e-02 1.98896e-01
267  7757 -1.12311e+03 1.17027e-02 1.98892e-01
268  7938 -1.14044e+03 1.17025e-02 1.98891e-01
269  8124 -1.12220e+03 1.17024e-02 1.98893e-01
270  8313 -1.15125e+03 1.17028e-02 1.98893e-01
271  8507 -1.11748e+03 1.17035e-02 1.98900e-01
272  8706 -1.14985e+03 1.17035e-02 1.98897e-01
273  8909 -1.14211e+03 1.17039e-02 1.98899e-01
274  9118 -1.11326e+03 1.17037e-02 1.98900e-01
275  9330 -1.13384e+03 1.17036e-02 1.98902e-01
276  9548 -1.13104e+03 1.17038e-02 1.98901e-01
277  9771 -1.13748e+03 1.17035e-02 1.98898e-01
278 10000 -1.11771e+03 1.17029e-02 1.98895e-01
