i, epoch, loss, l2_err, h1_err
  0     1 -1.11598e+02 9.42738e-01 1.04738e+00
  1     2 -1.87549e+02 9.20968e-01 1.04878e+00
  2     3 -2.45513e+02 8.97812e-01 1.04906e+00
  3     4 -3.04146e+02 8.73412e-01 1.04792e+00
  4     5 -3.73995e+02 8.48175e-01 1.04419e+00
  5     6 -4.39132e+02 8.22122e-01 1.03816e+00
  6     7 -4.78513e+02 7.95232e-01 1.02796e+00
  7     8 -5.26794e+02 7.68030e-01 1.01525e+00
  8     9 -5.86555e+02 7.40614e-01 1.00089e+00
  9    10 -6.33219e+02 7.13133e-01 9.84866e-01
 10    11 -6.74857e+02 6.85772e-01 9.67452e-01
 11    12 -7.18117e+02 6.58683e-01 9.49647e-01
 12    13 -7.52784e+02 6.31824e-01 9.30720e-01
 13    14 -8.03280e+02 6.05309e-01 9.11142e-01
 14    15 -8.18758e+02 5.79130e-01 8.90662e-01
 15    16 -8.50036e+02 5.53233e-01 8.69710e-01
 16    17 -8.75126e+02 5.27727e-01 8.48274e-01
 17    18 -8.90032e+02 5.02844e-01 8.26703e-01
 18    19 -9.28481e+02 4.78362e-01 8.05294e-01
 19    20 -9.42051e+02 4.54267e-01 7.83807e-01
 20    21 -9.80902e+02 4.30635e-01 7.62270e-01
 21    22 -9.96027e+02 4.07609e-01 7.40890e-01
 22    23 -1.00368e+03 3.85020e-01 7.19570e-01
 23    24 -1.00980e+03 3.62976e-01 6.98570e-01
 24    25 -1.02531e+03 3.41470e-01 6.78267e-01
 25    26 -1.03860e+03 3.20545e-01 6.58689e-01
 26    27 -1.04644e+03 3.00190e-01 6.39809e-01
 27    28 -1.06655e+03 2.80395e-01 6.21924e-01
 28    29 -1.06978e+03 2.61152e-01 6.05033e-01
 29    30 -1.09538e+03 2.42489e-01 5.89132e-01
 30    31 -1.08965e+03 2.24423e-01 5.74238e-01
 31    32 -1.09902e+03 2.07007e-01 5.60394e-01
 32    33 -1.09395e+03 1.90237e-01 5.47399e-01
 33    34 -1.09996e+03 1.74246e-01 5.35510e-01
 34    35 -1.10572e+03 1.58985e-01 5.24424e-01
 35    36 -1.10201e+03 1.44565e-01 5.14258e-01
 36    37 -1.10010e+03 1.31055e-01 5.05012e-01
 37    38 -1.13326e+03 1.18510e-01 4.96599e-01
 38    39 -1.10670e+03 1.07007e-01 4.89104e-01
 39    40 -1.12549e+03 9.66276e-02 4.82401e-01
 40    41 -1.12209e+03 8.75013e-02 4.76452e-01
 41    42 -1.12721e+03 7.97218e-02 4.71351e-01
 42    43 -1.12419e+03 7.33772e-02 4.67091e-01
 43    44 -1.14253e+03 6.85580e-02 4.63674e-01
 44    45 -1.12679e+03 6.52843e-02 4.61044e-01
 45    46 -1.13961e+03 6.34945e-02 4.59157e-01
 46    47 -1.12734e+03 6.29706e-02 4.57850e-01
 47    48 -1.11441e+03 6.34700e-02 4.57023e-01
 48    49 -1.12422e+03 6.47352e-02 4.56643e-01
 49    50 -1.12465e+03 6.64533e-02 4.56592e-01
 50    51 -1.14335e+03 6.84195e-02 4.56783e-01
 51    53 -1.12449e+03 7.24559e-02 4.57612e-01
 52    54 -1.13040e+03 7.43320e-02 4.58090e-01
 53    55 -1.16073e+03 7.59844e-02 4.58532e-01
 54    56 -1.13290e+03 7.73426e-02 4.58850e-01
 55    58 -1.12480e+03 7.91653e-02 4.59193e-01
 56    59 -1.12617e+03 7.96518e-02 4.59347e-01
 57    60 -1.09809e+03 7.98657e-02 4.59336e-01
 58    62 -1.11914e+03 7.94728e-02 4.58795e-01
 59    63 -1.13096e+03 7.89065e-02 4.58199e-01
 60    65 -1.12180e+03 7.71819e-02 4.56599e-01
 61    66 -1.12815e+03 7.61068e-02 4.55769e-01
 62    68 -1.14144e+03 7.36826e-02 4.54059e-01
 63    69 -1.12310e+03 7.23791e-02 4.53222e-01
 64    71 -1.15832e+03 6.96536e-02 4.51648e-01
 65    73 -1.11218e+03 6.68744e-02 4.50078e-01
 66    74 -1.11842e+03 6.55357e-02 4.49347e-01
 67    76 -1.13028e+03 6.29351e-02 4.47798e-01
 68    78 -1.12049e+03 6.05741e-02 4.46232e-01
 69    80 -1.14189e+03 5.83788e-02 4.44372e-01
 70    82 -1.14785e+03 5.64534e-02 4.42462e-01
 71    84 -1.12518e+03 5.47781e-02 4.40705e-01
 72    86 -1.13174e+03 5.33756e-02 4.39203e-01
 73    88 -1.11734e+03 5.21418e-02 4.37849e-01
 74    90 -1.13170e+03 5.10731e-02 4.36821e-01
 75    92 -1.11944e+03 5.01991e-02 4.36016e-01
 76    94 -1.12840e+03 4.95334e-02 4.35211e-01
 77    96 -1.15189e+03 4.89764e-02 4.34435e-01
 78    98 -1.12345e+03 4.84850e-02 4.33823e-01
 79   101 -1.10848e+03 4.79253e-02 4.33134e-01
 80   103 -1.12791e+03 4.76911e-02 4.32894e-01
 81   105 -1.14373e+03 4.75460e-02 4.32781e-01
 82   108 -1.11615e+03 4.74042e-02 4.32825e-01
 83   110 -1.14239e+03 4.74368e-02 4.32889e-01
 84   113 -1.11332e+03 4.75150e-02 4.32833e-01
 85   116 -1.11129e+03 4.75593e-02 4.32779e-01
 86   118 -1.11593e+03 4.76743e-02 4.32980e-01
 87   121 -1.13552e+03 4.77420e-02 4.33090e-01
 88   124 -1.13060e+03 4.79591e-02 4.33318e-01
 89   127 -1.12883e+03 4.81382e-02 4.33354e-01
 90   130 -1.14049e+03 4.83978e-02 4.33652e-01
 91   133 -1.12706e+03 4.87494e-02 4.34266e-01
 92   136 -1.13674e+03 4.88912e-02 4.34663e-01
 93   139 -1.14472e+03 4.89152e-02 4.34645e-01
 94   143 -1.13783e+03 4.89389e-02 4.34236e-01
 95   146 -1.11385e+03 4.89080e-02 4.34105e-01
 96   149 -1.12941e+03 4.89448e-02 4.34332e-01
 97   153 -1.12242e+03 4.90736e-02 4.34688e-01
 98   156 -1.11788e+03 4.89722e-02 4.34851e-01
 99   160 -1.11840e+03 4.89224e-02 4.34201e-01
100   164 -1.11158e+03 4.88750e-02 4.33348e-01
101   168 -1.11092e+03 4.84677e-02 4.33302e-01
102   172 -1.12761e+03 4.84402e-02 4.33876e-01
103   176 -1.12205e+03 4.86057e-02 4.34355e-01
104   180 -1.12676e+03 4.89842e-02 4.34370e-01
105   184 -1.11914e+03 4.87331e-02 4.33604e-01
106   188 -1.12513e+03 4.86395e-02 4.33467e-01
107   193 -1.12120e+03 4.86638e-02 4.34522e-01
108   197 -1.12262e+03 4.86824e-02 4.34431e-01
109   202 -1.11196e+03 4.88870e-02 4.34468e-01
110   206 -1.11594e+03 4.86556e-02 4.34184e-01
111   211 -1.13075e+03 4.89001e-02 4.34614e-01
112   216 -1.10485e+03 4.87296e-02 4.34135e-01
113   221 -1.12621e+03 4.83890e-02 4.33402e-01
114   226 -1.13284e+03 4.83371e-02 4.33146e-01
115   232 -1.11253e+03 4.83811e-02 4.33824e-01
116   237 -1.15425e+03 4.88625e-02 4.34740e-01
117   243 -1.13861e+03 4.89639e-02 4.34626e-01
118   248 -1.14179e+03 4.84179e-02 4.32709e-01
119   254 -1.11486e+03 4.85688e-02 4.34050e-01
120   260 -1.13835e+03 4.89102e-02 4.35288e-01
121   266 -1.12864e+03 4.88248e-02 4.33766e-01
122   272 -1.12820e+03 4.86789e-02 4.33015e-01
123   279 -1.12822e+03 4.88903e-02 4.34412e-01
124   285 -1.12681e+03 4.88757e-02 4.35137e-01
125   292 -1.14390e+03 4.85079e-02 4.34289e-01
126   299 -1.13390e+03 4.83138e-02 4.33258e-01
127   306 -1.12864e+03 4.82426e-02 4.33211e-01
128   313 -1.13953e+03 4.87621e-02 4.34131e-01
129   320 -1.11419e+03 4.89489e-02 4.34515e-01
130   328 -1.12666e+03 4.87598e-02 4.33592e-01
131   335 -1.13769e+03 4.86504e-02 4.33723e-01
132   343 -1.11646e+03 4.87853e-02 4.34694e-01
133   351 -1.13076e+03 4.85301e-02 4.33779e-01
134   360 -1.12607e+03 4.87169e-02 4.34266e-01
135   368 -1.11915e+03 4.89707e-02 4.34403e-01
136   377 -1.12062e+03 4.85162e-02 4.33814e-01
137   385 -1.14812e+03 4.85366e-02 4.33992e-01
138   394 -1.13558e+03 4.89673e-02 4.35024e-01
139   404 -1.12016e+03 4.88457e-02 4.34255e-01
140   413 -1.11052e+03 4.86125e-02 4.34285e-01
141   423 -1.12357e+03 4.87540e-02 4.33958e-01
142   433 -1.13147e+03 4.89373e-02 4.34695e-01
143   443 -1.11775e+03 4.86833e-02 4.34496e-01
144   453 -1.11784e+03 4.81977e-02 4.32992e-01
145   464 -1.13313e+03 4.89271e-02 4.35466e-01
146   474 -1.12487e+03 4.91157e-02 4.35159e-01
147   486 -1.13602e+03 4.88974e-02 4.33813e-01
148   497 -1.12245e+03 4.87993e-02 4.33968e-01
149   509 -1.12646e+03 4.86584e-02 4.34310e-01
150   520 -1.12379e+03 4.85879e-02 4.33449e-01
151   533 -1.12765e+03 4.88147e-02 4.34231e-01
152   545 -1.12201e+03 4.87175e-02 4.34088e-01
153   558 -1.13104e+03 4.85968e-02 4.34475e-01
154   571 -1.12025e+03 4.87827e-02 4.34276e-01
155   584 -1.13028e+03 4.88815e-02 4.34482e-01
156   598 -1.12630e+03 4.89719e-02 4.34266e-01
157   612 -1.11205e+03 4.86871e-02 4.33947e-01
158   626 -1.13219e+03 4.87122e-02 4.34146e-01
159   641 -1.11742e+03 4.89733e-02 4.35047e-01
160   656 -1.13139e+03 4.87262e-02 4.33975e-01
161   671 -1.12634e+03 4.87182e-02 4.34448e-01
162   687 -1.13124e+03 4.86658e-02 4.34251e-01
163   703 -1.11411e+03 4.85950e-02 4.33739e-01
164   719 -1.13058e+03 4.85726e-02 4.33782e-01
165   736 -1.12575e+03 4.87765e-02 4.34440e-01
166   753 -1.12220e+03 4.84812e-02 4.33555e-01
167   771 -1.13927e+03 4.85455e-02 4.33547e-01
168   789 -1.12944e+03 4.83449e-02 4.33321e-01
169   807 -1.12781e+03 4.85165e-02 4.33569e-01
170   826 -1.11826e+03 4.86167e-02 4.33851e-01
171   845 -1.11854e+03 4.85700e-02 4.33456e-01
172   865 -1.12191e+03 4.89011e-02 4.34935e-01
173   885 -1.11786e+03 4.88098e-02 4.34305e-01
174   906 -1.11317e+03 4.89936e-02 4.34698e-01
175   927 -1.12619e+03 4.85726e-02 4.33729e-01
176   949 -1.12948e+03 4.86676e-02 4.34105e-01
177   971 -1.13902e+03 4.86072e-02 4.33775e-01
178   994 -1.14286e+03 4.86113e-02 4.33869e-01
179  1017 -1.13165e+03 4.86976e-02 4.34078e-01
180  1041 -1.13000e+03 4.85489e-02 4.33770e-01
181  1065 -1.14961e+03 4.84920e-02 4.33872e-01
182  1090 -1.15194e+03 4.85796e-02 4.33920e-01
183  1115 -1.13008e+03 4.85837e-02 4.33984e-01
184  1141 -1.13444e+03 4.85514e-02 4.33862e-01
185  1168 -1.11510e+03 4.85451e-02 4.33807e-01
186  1195 -1.11737e+03 4.86035e-02 4.33979e-01
187  1223 -1.12513e+03 4.86698e-02 4.34063e-01
188  1252 -1.11242e+03 4.85705e-02 4.33852e-01
189  1281 -1.12461e+03 4.87385e-02 4.34042e-01
190  1311 -1.11004e+03 4.88212e-02 4.34396e-01
191  1342 -1.13794e+03 4.88052e-02 4.34354e-01
192  1373 -1.12937e+03 4.88095e-02 4.34413e-01
193  1405 -1.12149e+03 4.87323e-02 4.34139e-01
194  1438 -1.12940e+03 4.88758e-02 4.34412e-01
195  1472 -1.13503e+03 4.88606e-02 4.34515e-01
196  1506 -1.13265e+03 4.88155e-02 4.34283e-01
197  1541 -1.12191e+03 4.88345e-02 4.34362e-01
198  1577 -1.15355e+03 4.87573e-02 4.34143e-01
199  1614 -1.13121e+03 4.86865e-02 4.34071e-01
200  1652 -1.12451e+03 4.87255e-02 4.34365e-01
201  1690 -1.13356e+03 4.87655e-02 4.34289e-01
202  1730 -1.12412e+03 4.87565e-02 4.34238e-01
203  1770 -1.12328e+03 4.87287e-02 4.34123e-01
204  1811 -1.12888e+03 4.87247e-02 4.34110e-01
205  1854 -1.13136e+03 4.87026e-02 4.34107e-01
206  1897 -1.12227e+03 4.87035e-02 4.34067e-01
207  1941 -1.11666e+03 4.86913e-02 4.34053e-01
208  1987 -1.13509e+03 4.86828e-02 4.34057e-01
209  2033 -1.13746e+03 4.86727e-02 4.34036e-01
210  2081 -1.12187e+03 4.86781e-02 4.34057e-01
211  2129 -1.11687e+03 4.86924e-02 4.34127e-01
212  2179 -1.11182e+03 4.86907e-02 4.34123e-01
213  2230 -1.13802e+03 4.86990e-02 4.34137e-01
214  2282 -1.10530e+03 4.87076e-02 4.34156e-01
215  2335 -1.14770e+03 4.86996e-02 4.34146e-01
216  2390 -1.10593e+03 4.87012e-02 4.34150e-01
217  2446 -1.12885e+03 4.86975e-02 4.34121e-01
218  2503 -1.13520e+03 4.86973e-02 4.34107e-01
219  2561 -1.11901e+03 4.86975e-02 4.34107e-01
220  2621 -1.14169e+03 4.86969e-02 4.34103e-01
221  2682 -1.13991e+03 4.86924e-02 4.34091e-01
222  2745 -1.11824e+03 4.86912e-02 4.34086e-01
223  2809 -1.12009e+03 4.86890e-02 4.34083e-01
224  2875 -1.13314e+03 4.86860e-02 4.34071e-01
225  2942 -1.12067e+03 4.86842e-02 4.34065e-01
226  3010 -1.12983e+03 4.86854e-02 4.34071e-01
227  3081 -1.13050e+03 4.86855e-02 4.34070e-01
228  3153 -1.11419e+03 4.86860e-02 4.34071e-01
229  3226 -1.13487e+03 4.86855e-02 4.34070e-01
230  3302 -1.13694e+03 4.86864e-02 4.34075e-01
231  3379 -1.12981e+03 4.86868e-02 4.34077e-01
232  3458 -1.13364e+03 4.86869e-02 4.34077e-01
233  3538 -1.11638e+03 4.86868e-02 4.34078e-01
234  3621 -1.12691e+03 4.86869e-02 4.34079e-01
235  3706 -1.13413e+03 4.86868e-02 4.34078e-01
236  3792 -1.14671e+03 4.86869e-02 4.34078e-01
237  3881 -1.11952e+03 4.86874e-02 4.34080e-01
238  3971 -1.12625e+03 4.86873e-02 4.34081e-01
239  4064 -1.11990e+03 4.86880e-02 4.34084e-01
240  4159 -1.12572e+03 4.86877e-02 4.34084e-01
241  4256 -1.11921e+03 4.86883e-02 4.34086e-01
242  4356 -1.13760e+03 4.86885e-02 4.34087e-01
243  4457 -1.13997e+03 4.86884e-02 4.34088e-01
244  4561 -1.14425e+03 4.86879e-02 4.34087e-01
245  4668 -1.12108e+03 4.86872e-02 4.34086e-01
246  4777 -1.12975e+03 4.86875e-02 4.34085e-01
247  4889 -1.12590e+03 4.86866e-02 4.34082e-01
248  5003 -1.11917e+03 4.86868e-02 4.34086e-01
249  5120 -1.12539e+03 4.86870e-02 4.34087e-01
250  5239 -1.13161e+03 4.86867e-02 4.34086e-01
251  5361 -1.13132e+03 4.86867e-02 4.34086e-01
252  5487 -1.11124e+03 4.86865e-02 4.34087e-01
253  5615 -1.11351e+03 4.86867e-02 4.34090e-01
254  5746 -1.13274e+03 4.86861e-02 4.34086e-01
255  5880 -1.12575e+03 4.86866e-02 4.34088e-01
256  6017 -1.12802e+03 4.86867e-02 4.34090e-01
257  6158 -1.12820e+03 4.86864e-02 4.34089e-01
258  6302 -1.14511e+03 4.86847e-02 4.34084e-01
259  6449 -1.13369e+03 4.86839e-02 4.34082e-01
260  6600 -1.14084e+03 4.86828e-02 4.34076e-01
261  6754 -1.13096e+03 4.86821e-02 4.34074e-01
262  6911 -1.12596e+03 4.86828e-02 4.34076e-01
263  7073 -1.13283e+03 4.86841e-02 4.34080e-01
264  7238 -1.12528e+03 4.86845e-02 4.34080e-01
265  7407 -1.12848e+03 4.86857e-02 4.34086e-01
266  7580 -1.11869e+03 4.86857e-02 4.34084e-01
267  7757 -1.12145e+03 4.86874e-02 4.34087e-01
268  7938 -1.13146e+03 4.86872e-02 4.34088e-01
269  8124 -1.13093e+03 4.86873e-02 4.34087e-01
270  8313 -1.13229e+03 4.86886e-02 4.34094e-01
271  8507 -1.10634e+03 4.86905e-02 4.34101e-01
272  8706 -1.13678e+03 4.86910e-02 4.34100e-01
273  8909 -1.14482e+03 4.86902e-02 4.34096e-01
274  9118 -1.11467e+03 4.86898e-02 4.34094e-01
275  9330 -1.13895e+03 4.86889e-02 4.34095e-01
276  9548 -1.10920e+03 4.86889e-02 4.34096e-01
277  9771 -1.12862e+03 4.86898e-02 4.34102e-01
278 10000 -1.13034e+03 4.86911e-02 4.34099e-01
