i, epoch, loss, l2_err, h1_err
  0     1 -9.19132e+01 9.91251e-01 1.32052e+00
  1     2 -1.58352e+02 9.87179e-01 1.38982e+00
  2     3 -2.26802e+02 9.83036e-01 1.47681e+00
  3     4 -2.83904e+02 9.78738e-01 1.56397e+00
  4     5 -3.41809e+02 9.74250e-01 1.64242e+00
  5     6 -4.03632e+02 9.69272e-01 1.70864e+00
  6     7 -4.53822e+02 9.63861e-01 1.76368e+00
  7     8 -5.14073e+02 9.58037e-01 1.80836e+00
  8     9 -5.60030e+02 9.51885e-01 1.84534e+00
  9    10 -6.04780e+02 9.45305e-01 1.87428e+00
 10    11 -6.45208e+02 9.38433e-01 1.89762e+00
 11    12 -6.82748e+02 9.30999e-01 1.91528e+00
 12    13 -7.23568e+02 9.23013e-01 1.92971e+00
 13    14 -7.48238e+02 9.14466e-01 1.94020e+00
 14    15 -7.85193e+02 9.05282e-01 1.94745e+00
 15    16 -8.16865e+02 8.95393e-01 1.95055e+00
 16    17 -8.45163e+02 8.84843e-01 1.94912e+00
 17    18 -8.81827e+02 8.73714e-01 1.94489e+00
 18    19 -8.98862e+02 8.62089e-01 1.93688e+00
 19    20 -9.12824e+02 8.50012e-01 1.92585e+00
 20    21 -9.36147e+02 8.37510e-01 1.91242e+00
 21    22 -9.53542e+02 8.24429e-01 1.89612e+00
 22    23 -9.78654e+02 8.10998e-01 1.87819e+00
 23    24 -9.99746e+02 7.97164e-01 1.85874e+00
 24    25 -1.02395e+03 7.82907e-01 1.83760e+00
 25    26 -1.02066e+03 7.68208e-01 1.81446e+00
 26    27 -1.02414e+03 7.53078e-01 1.79038e+00
 27    28 -1.04673e+03 7.37528e-01 1.76455e+00
 28    29 -1.05314e+03 7.21565e-01 1.73706e+00
 29    30 -1.05694e+03 7.05177e-01 1.70782e+00
 30    31 -1.06229e+03 6.88474e-01 1.67726e+00
 31    32 -1.07600e+03 6.71470e-01 1.64531e+00
 32    33 -1.06349e+03 6.54185e-01 1.61252e+00
 33    34 -1.08338e+03 6.36741e-01 1.57851e+00
 34    35 -1.08643e+03 6.19122e-01 1.54359e+00
 35    36 -1.09839e+03 6.01392e-01 1.50812e+00
 36    37 -1.09284e+03 5.83556e-01 1.47201e+00
 37    38 -1.10726e+03 5.65621e-01 1.43546e+00
 38    39 -1.11144e+03 5.47628e-01 1.39864e+00
 39    40 -1.11087e+03 5.29715e-01 1.36153e+00
 40    41 -1.11464e+03 5.11908e-01 1.32401e+00
 41    42 -1.10990e+03 4.94238e-01 1.28645e+00
 42    43 -1.10692e+03 4.76757e-01 1.24892e+00
 43    44 -1.11716e+03 4.59417e-01 1.21164e+00
 44    45 -1.12867e+03 4.42300e-01 1.17466e+00
 45    46 -1.11690e+03 4.25327e-01 1.13779e+00
 46    47 -1.12418e+03 4.08608e-01 1.10083e+00
 47    48 -1.11530e+03 3.92121e-01 1.06416e+00
 48    49 -1.11980e+03 3.75843e-01 1.02790e+00
 49    50 -1.12917e+03 3.59856e-01 9.92135e-01
 50    51 -1.12349e+03 3.44102e-01 9.56838e-01
 51    53 -1.12004e+03 3.13558e-01 8.88097e-01
 52    54 -1.11391e+03 2.98778e-01 8.54732e-01
 53    55 -1.12317e+03 2.84413e-01 8.22241e-01
 54    56 -1.13149e+03 2.70548e-01 7.90720e-01
 55    58 -1.12630e+03 2.44137e-01 7.29220e-01
 56    59 -1.13658e+03 2.31587e-01 6.99161e-01
 57    60 -1.11582e+03 2.19506e-01 6.69757e-01
 58    62 -1.12534e+03 1.96664e-01 6.12936e-01
 59    63 -1.12445e+03 1.85854e-01 5.85339e-01
 60    65 -1.13502e+03 1.65356e-01 5.31691e-01
 61    66 -1.13550e+03 1.55707e-01 5.06151e-01
 62    68 -1.12806e+03 1.37575e-01 4.57062e-01
 63    69 -1.13142e+03 1.29111e-01 4.33550e-01
 64    71 -1.13303e+03 1.13331e-01 3.89038e-01
 65    73 -1.13349e+03 9.88780e-02 3.48014e-01
 66    74 -1.10939e+03 9.21493e-02 3.28719e-01
 67    76 -1.12570e+03 7.96889e-02 2.92430e-01
 68    78 -1.11255e+03 6.84000e-02 2.60216e-01
 69    80 -1.12046e+03 5.83138e-02 2.30535e-01
 70    82 -1.09965e+03 4.93236e-02 2.04824e-01
 71    84 -1.10469e+03 4.13933e-02 1.83109e-01
 72    86 -1.15377e+03 3.43570e-02 1.64771e-01
 73    88 -1.13105e+03 2.80835e-02 1.49938e-01
 74    90 -1.15122e+03 2.26509e-02 1.39302e-01
 75    92 -1.12173e+03 1.80234e-02 1.31528e-01
 76    94 -1.10558e+03 1.41266e-02 1.26959e-01
 77    96 -1.12826e+03 1.09537e-02 1.24985e-01
 78    98 -1.12608e+03 8.52611e-03 1.23868e-01
 79   101 -1.11803e+03 6.26107e-03 1.23788e-01
 80   103 -1.13017e+03 5.71029e-03 1.24741e-01
 81   105 -1.14086e+03 5.84020e-03 1.24877e-01
 82   108 -1.13648e+03 6.59239e-03 1.25775e-01
 83   110 -1.12147e+03 7.13135e-03 1.26081e-01
 84   113 -1.10771e+03 7.71939e-03 1.24108e-01
 85   116 -1.12792e+03 8.02627e-03 1.22929e-01
 86   118 -1.12649e+03 8.12559e-03 1.23561e-01
 87   121 -1.11909e+03 8.14568e-03 1.24162e-01
 88   124 -1.11706e+03 8.06422e-03 1.26369e-01
 89   127 -1.14430e+03 7.80181e-03 1.25525e-01
 90   130 -1.12228e+03 7.41064e-03 1.24478e-01
 91   133 -1.13145e+03 6.88874e-03 1.23774e-01
 92   136 -1.12491e+03 6.65131e-03 1.25432e-01
 93   139 -1.15160e+03 6.31135e-03 1.24297e-01
 94   143 -1.12531e+03 5.72824e-03 1.22720e-01
 95   146 -1.12675e+03 5.40919e-03 1.23010e-01
 96   149 -1.12731e+03 4.98827e-03 1.22499e-01
 97   153 -1.13985e+03 4.69623e-03 1.23014e-01
 98   156 -1.13070e+03 4.39983e-03 1.20466e-01
 99   160 -1.13454e+03 4.12664e-03 1.17934e-01
100   164 -1.14206e+03 3.99535e-03 1.16839e-01
101   168 -1.14038e+03 4.18001e-03 1.21225e-01
102   172 -1.11530e+03 4.53647e-03 1.24356e-01
103   176 -1.14150e+03 4.79159e-03 1.26238e-01
104   180 -1.13180e+03 4.79939e-03 1.25290e-01
105   184 -1.11365e+03 4.61938e-03 1.22405e-01
106   188 -1.14060e+03 4.59072e-03 1.22245e-01
107   193 -1.13948e+03 4.89194e-03 1.28124e-01
108   197 -1.12167e+03 5.02612e-03 1.28009e-01
109   202 -1.13384e+03 4.62302e-03 1.20379e-01
110   206 -1.12726e+03 4.28406e-03 1.17762e-01
111   211 -1.13856e+03 3.91076e-03 1.16283e-01
112   216 -1.13689e+03 4.25015e-03 1.22755e-01
113   221 -1.14309e+03 4.22394e-03 1.20333e-01
114   226 -1.11650e+03 4.32086e-03 1.22426e-01
115   232 -1.10487e+03 4.46043e-03 1.21120e-01
116   237 -1.11521e+03 4.33537e-03 1.17949e-01
117   243 -1.12701e+03 4.62941e-03 1.24772e-01
118   248 -1.14198e+03 4.31155e-03 1.19344e-01
119   254 -1.13400e+03 4.24877e-03 1.21049e-01
120   260 -1.13772e+03 4.68499e-03 1.25661e-01
121   266 -1.13756e+03 4.46011e-03 1.20732e-01
122   272 -1.14803e+03 4.49963e-03 1.21803e-01
123   279 -1.11869e+03 4.24563e-03 1.18830e-01
124   285 -1.14192e+03 4.33881e-03 1.19457e-01
125   292 -1.13360e+03 4.48828e-03 1.20834e-01
126   299 -1.16046e+03 4.71453e-03 1.25281e-01
127   306 -1.13262e+03 4.24388e-03 1.19070e-01
128   313 -1.14351e+03 4.45819e-03 1.19812e-01
129   320 -1.13483e+03 4.83508e-03 1.28067e-01
130   328 -1.12368e+03 4.80368e-03 1.24598e-01
131   335 -1.12304e+03 4.32503e-03 1.16869e-01
132   343 -1.13113e+03 4.90404e-03 1.26064e-01
133   351 -1.13854e+03 4.84547e-03 1.24718e-01
134   360 -1.12939e+03 4.57950e-03 1.22625e-01
135   368 -1.13953e+03 4.47684e-03 1.21766e-01
136   377 -1.13088e+03 4.49298e-03 1.20664e-01
137   385 -1.13284e+03 4.55915e-03 1.22633e-01
138   394 -1.11681e+03 4.27581e-03 1.20169e-01
139   404 -1.15048e+03 4.51941e-03 1.21566e-01
140   413 -1.13557e+03 4.90790e-03 1.26437e-01
141   423 -1.15029e+03 4.65884e-03 1.23544e-01
142   433 -1.13562e+03 4.40972e-03 1.22303e-01
143   443 -1.12776e+03 4.70565e-03 1.22750e-01
144   453 -1.13283e+03 5.07382e-03 1.26833e-01
145   464 -1.12718e+03 4.78605e-03 1.20677e-01
146   474 -1.14181e+03 4.88431e-03 1.25759e-01
147   486 -1.15111e+03 4.68109e-03 1.24623e-01
148   497 -1.12892e+03 4.65645e-03 1.20040e-01
149   509 -1.13201e+03 4.86464e-03 1.25125e-01
150   520 -1.11577e+03 3.98630e-03 1.14739e-01
151   533 -1.13088e+03 4.64934e-03 1.24273e-01
152   545 -1.12356e+03 4.31423e-03 1.20437e-01
153   558 -1.12896e+03 4.34781e-03 1.21598e-01
154   571 -1.13350e+03 4.33175e-03 1.19912e-01
155   584 -1.12237e+03 4.37321e-03 1.22141e-01
156   598 -1.11261e+03 4.33116e-03 1.20738e-01
157   612 -1.10714e+03 4.58289e-03 1.25901e-01
158   626 -1.13478e+03 4.24005e-03 1.19576e-01
159   641 -1.09995e+03 4.56252e-03 1.23314e-01
160   656 -1.13809e+03 4.56970e-03 1.24412e-01
161   671 -1.12989e+03 4.56898e-03 1.23119e-01
162   687 -1.10826e+03 4.17294e-03 1.20424e-01
163   703 -1.12185e+03 3.93297e-03 1.17881e-01
164   719 -1.12551e+03 4.40654e-03 1.22314e-01
165   736 -1.11229e+03 4.53548e-03 1.22413e-01
166   753 -1.12872e+03 4.27582e-03 1.17943e-01
167   771 -1.13153e+03 4.51010e-03 1.23077e-01
168   789 -1.13380e+03 4.20753e-03 1.20427e-01
169   807 -1.13445e+03 4.15251e-03 1.21217e-01
170   826 -1.12020e+03 4.08258e-03 1.18565e-01
171   845 -1.13128e+03 4.50246e-03 1.24399e-01
172   865 -1.13359e+03 4.33448e-03 1.22409e-01
173   885 -1.13578e+03 3.86100e-03 1.15088e-01
174   906 -1.14674e+03 4.49244e-03 1.22697e-01
175   927 -1.11505e+03 3.94163e-03 1.16527e-01
176   949 -1.13915e+03 4.43248e-03 1.23570e-01
177   971 -1.13440e+03 4.39208e-03 1.21001e-01
178   994 -1.13821e+03 4.31155e-03 1.22190e-01
179  1017 -1.11902e+03 4.34363e-03 1.21810e-01
180  1041 -1.13103e+03 4.14670e-03 1.20092e-01
181  1065 -1.13474e+03 4.25139e-03 1.19475e-01
182  1090 -1.10555e+03 4.33561e-03 1.21755e-01
183  1115 -1.12564e+03 4.45603e-03 1.22844e-01
184  1141 -1.14288e+03 4.03572e-03 1.17892e-01
185  1168 -1.13443e+03 4.25964e-03 1.21392e-01
186  1195 -1.14422e+03 4.13658e-03 1.18730e-01
187  1223 -1.10617e+03 4.01196e-03 1.18323e-01
188  1252 -1.12713e+03 4.28689e-03 1.21472e-01
189  1281 -1.14633e+03 4.24031e-03 1.21246e-01
190  1311 -1.13204e+03 4.11062e-03 1.19532e-01
191  1342 -1.11805e+03 4.20133e-03 1.20410e-01
192  1373 -1.12709e+03 4.26431e-03 1.21180e-01
193  1405 -1.12802e+03 4.04026e-03 1.18461e-01
194  1438 -1.14338e+03 4.17641e-03 1.19526e-01
195  1472 -1.12671e+03 4.07020e-03 1.18743e-01
196  1506 -1.13904e+03 4.23171e-03 1.20485e-01
197  1541 -1.12883e+03 4.12891e-03 1.19446e-01
198  1577 -1.13804e+03 4.19225e-03 1.20132e-01
199  1614 -1.13199e+03 4.03292e-03 1.17974e-01
200  1652 -1.13036e+03 4.03099e-03 1.18107e-01
201  1690 -1.12559e+03 4.15992e-03 1.20138e-01
202  1730 -1.15014e+03 4.25322e-03 1.20547e-01
203  1770 -1.15946e+03 4.20752e-03 1.19860e-01
204  1811 -1.13075e+03 4.11419e-03 1.18923e-01
205  1854 -1.13130e+03 4.19859e-03 1.20305e-01
206  1897 -1.12132e+03 4.17962e-03 1.19933e-01
207  1941 -1.12311e+03 4.14956e-03 1.19465e-01
208  1987 -1.13679e+03 4.14429e-03 1.19595e-01
209  2033 -1.12066e+03 4.09837e-03 1.19154e-01
210  2081 -1.13051e+03 4.11228e-03 1.19357e-01
211  2129 -1.12503e+03 4.13623e-03 1.19566e-01
212  2179 -1.13701e+03 4.12402e-03 1.19613e-01
213  2230 -1.13035e+03 4.11229e-03 1.19321e-01
214  2282 -1.13504e+03 4.12160e-03 1.19518e-01
215  2335 -1.13620e+03 4.13489e-03 1.19765e-01
216  2390 -1.12615e+03 4.13780e-03 1.19742e-01
217  2446 -1.11945e+03 4.14597e-03 1.19836e-01
218  2503 -1.12755e+03 4.14532e-03 1.19765e-01
219  2561 -1.12355e+03 4.12817e-03 1.19495e-01
220  2621 -1.10351e+03 4.13005e-03 1.19534e-01
221  2682 -1.11950e+03 4.12131e-03 1.19389e-01
222  2745 -1.10780e+03 4.11438e-03 1.19309e-01
223  2809 -1.12818e+03 4.11027e-03 1.19285e-01
224  2875 -1.13971e+03 4.11326e-03 1.19344e-01
225  2942 -1.13592e+03 4.10931e-03 1.19293e-01
226  3010 -1.13918e+03 4.11067e-03 1.19323e-01
227  3081 -1.13962e+03 4.11149e-03 1.19345e-01
228  3153 -1.12060e+03 4.11335e-03 1.19368e-01
229  3226 -1.11877e+03 4.11299e-03 1.19368e-01
230  3302 -1.13034e+03 4.11173e-03 1.19355e-01
231  3379 -1.15550e+03 4.11163e-03 1.19349e-01
232  3458 -1.13769e+03 4.11188e-03 1.19350e-01
233  3538 -1.10626e+03 4.11146e-03 1.19346e-01
234  3621 -1.12482e+03 4.11180e-03 1.19353e-01
235  3706 -1.13215e+03 4.11160e-03 1.19350e-01
236  3792 -1.12398e+03 4.11176e-03 1.19352e-01
237  3881 -1.12309e+03 4.11166e-03 1.19351e-01
238  3971 -1.12278e+03 4.11204e-03 1.19355e-01
239  4064 -1.13980e+03 4.11219e-03 1.19359e-01
240  4159 -1.09769e+03 4.11216e-03 1.19359e-01
241  4256 -1.11915e+03 4.11193e-03 1.19356e-01
242  4356 -1.13608e+03 4.11187e-03 1.19357e-01
243  4457 -1.13933e+03 4.11172e-03 1.19353e-01
244  4561 -1.12613e+03 4.11134e-03 1.19347e-01
245  4668 -1.11398e+03 4.11150e-03 1.19351e-01
246  4777 -1.14223e+03 4.11194e-03 1.19359e-01
247  4889 -1.11792e+03 4.11193e-03 1.19360e-01
248  5003 -1.11102e+03 4.11161e-03 1.19356e-01
249  5120 -1.13743e+03 4.11157e-03 1.19356e-01
250  5239 -1.12829e+03 4.11155e-03 1.19360e-01
251  5361 -1.12346e+03 4.11118e-03 1.19355e-01
252  5487 -1.12362e+03 4.11115e-03 1.19356e-01
253  5615 -1.12508e+03 4.11098e-03 1.19355e-01
254  5746 -1.13131e+03 4.11092e-03 1.19355e-01
255  5880 -1.12181e+03 4.11025e-03 1.19346e-01
256  6017 -1.12388e+03 4.11037e-03 1.19349e-01
257  6158 -1.11101e+03 4.11031e-03 1.19347e-01
258  6302 -1.12604e+03 4.11037e-03 1.19347e-01
259  6449 -1.10510e+03 4.11040e-03 1.19345e-01
260  6600 -1.12920e+03 4.11028e-03 1.19342e-01
261  6754 -1.12742e+03 4.11032e-03 1.19344e-01
262  6911 -1.14295e+03 4.10987e-03 1.19337e-01
263  7073 -1.12441e+03 4.10999e-03 1.19343e-01
264  7238 -1.13273e+03 4.11046e-03 1.19352e-01
265  7407 -1.12902e+03 4.11057e-03 1.19355e-01
266  7580 -1.15051e+03 4.11062e-03 1.19353e-01
267  7757 -1.12142e+03 4.11019e-03 1.19350e-01
268  7938 -1.12782e+03 4.11059e-03 1.19357e-01
269  8124 -1.12808e+03 4.11060e-03 1.19356e-01
270  8313 -1.14399e+03 4.11095e-03 1.19365e-01
271  8507 -1.12235e+03 4.11158e-03 1.19377e-01
272  8706 -1.14104e+03 4.11151e-03 1.19373e-01
273  8909 -1.14570e+03 4.11253e-03 1.19389e-01
274  9118 -1.13771e+03 4.11210e-03 1.19382e-01
275  9330 -1.12279e+03 4.11253e-03 1.19387e-01
276  9548 -1.12427e+03 4.11211e-03 1.19380e-01
277  9771 -1.11997e+03 4.11300e-03 1.19394e-01
278 10000 -1.14257e+03 4.11268e-03 1.19395e-01
