i, epoch, loss, l2_err, h1_err
  0     1 -7.20997e+01 9.93403e-01 1.24482e+00
  1     2 -1.48067e+02 9.89213e-01 1.32453e+00
  2     3 -2.10727e+02 9.85251e-01 1.42115e+00
  3     4 -2.78259e+02 9.80891e-01 1.50925e+00
  4     5 -3.33025e+02 9.76117e-01 1.58684e+00
  5     6 -3.88539e+02 9.70964e-01 1.65451e+00
  6     7 -4.47059e+02 9.65244e-01 1.71177e+00
  7     8 -4.97772e+02 9.59117e-01 1.76167e+00
  8     9 -5.56557e+02 9.52427e-01 1.80344e+00
  9    10 -5.88730e+02 9.45216e-01 1.83732e+00
 10    11 -6.42669e+02 9.37562e-01 1.86438e+00
 11    12 -6.81370e+02 9.29554e-01 1.88494e+00
 12    13 -7.06902e+02 9.20966e-01 1.89911e+00
 13    14 -7.52476e+02 9.11824e-01 1.90869e+00
 14    15 -7.85890e+02 9.02075e-01 1.91339e+00
 15    16 -8.16975e+02 8.91715e-01 1.91383e+00
 16    17 -8.52280e+02 8.80618e-01 1.90991e+00
 17    18 -8.72948e+02 8.68913e-01 1.90227e+00
 18    19 -8.84312e+02 8.56633e-01 1.89129e+00
 19    20 -9.22209e+02 8.43779e-01 1.87757e+00
 20    21 -9.36539e+02 8.30359e-01 1.86071e+00
 21    22 -9.56117e+02 8.16451e-01 1.84151e+00
 22    23 -9.67601e+02 8.02027e-01 1.82031e+00
 23    24 -9.96856e+02 7.87161e-01 1.79622e+00
 24    25 -1.00596e+03 7.71802e-01 1.77000e+00
 25    26 -1.00895e+03 7.55984e-01 1.74195e+00
 26    27 -1.02024e+03 7.39719e-01 1.71237e+00
 27    28 -1.03267e+03 7.23042e-01 1.68158e+00
 28    29 -1.04228e+03 7.05987e-01 1.65015e+00
 29    30 -1.05376e+03 6.88566e-01 1.61796e+00
 30    31 -1.06123e+03 6.70825e-01 1.58483e+00
 31    32 -1.09067e+03 6.52782e-01 1.55098e+00
 32    33 -1.07839e+03 6.34521e-01 1.51661e+00
 33    34 -1.09697e+03 6.16072e-01 1.48187e+00
 34    35 -1.09502e+03 5.97484e-01 1.44711e+00
 35    36 -1.10134e+03 5.78789e-01 1.41204e+00
 36    37 -1.10189e+03 5.60033e-01 1.37687e+00
 37    38 -1.09470e+03 5.41324e-01 1.34181e+00
 38    39 -1.09406e+03 5.22680e-01 1.30661e+00
 39    40 -1.10411e+03 5.04149e-01 1.27137e+00
 40    41 -1.12064e+03 4.85790e-01 1.23605e+00
 41    42 -1.10598e+03 4.67610e-01 1.20056e+00
 42    43 -1.11454e+03 4.49633e-01 1.16509e+00
 43    44 -1.13081e+03 4.31874e-01 1.12970e+00
 44    45 -1.09998e+03 4.14389e-01 1.09450e+00
 45    46 -1.11518e+03 3.97125e-01 1.05934e+00
 46    47 -1.10663e+03 3.80128e-01 1.02418e+00
 47    48 -1.10872e+03 3.63418e-01 9.89169e-01
 48    49 -1.13624e+03 3.47032e-01 9.54339e-01
 49    50 -1.10916e+03 3.30971e-01 9.19872e-01
 50    51 -1.11273e+03 3.15259e-01 8.85956e-01
 51    53 -1.10561e+03 2.85041e-01 8.19990e-01
 52    54 -1.09850e+03 2.70592e-01 7.88107e-01
 53    55 -1.13519e+03 2.56556e-01 7.56990e-01
 54    56 -1.09930e+03 2.42949e-01 7.26696e-01
 55    58 -1.11974e+03 2.17047e-01 6.68577e-01
 56    59 -1.12894e+03 2.04759e-01 6.40901e-01
 57    60 -1.12414e+03 1.92973e-01 6.14093e-01
 58    62 -1.12393e+03 1.70829e-01 5.63072e-01
 59    63 -1.12891e+03 1.60460e-01 5.38890e-01
 60    65 -1.11761e+03 1.41073e-01 4.92792e-01
 61    66 -1.13327e+03 1.32022e-01 4.70658e-01
 62    68 -1.14064e+03 1.15144e-01 4.27994e-01
 63    69 -1.13596e+03 1.07306e-01 4.07657e-01
 64    71 -1.13446e+03 9.28235e-02 3.68583e-01
 65    73 -1.11734e+03 7.98820e-02 3.31658e-01
 66    74 -1.13430e+03 7.39414e-02 3.14290e-01
 67    76 -1.12569e+03 6.30593e-02 2.81813e-01
 68    78 -1.12741e+03 5.33518e-02 2.52189e-01
 69    80 -1.14685e+03 4.47343e-02 2.26043e-01
 70    82 -1.13157e+03 3.72173e-02 2.03068e-01
 71    84 -1.11582e+03 3.06921e-02 1.83511e-01
 72    86 -1.13637e+03 2.49853e-02 1.67524e-01
 73    88 -1.13572e+03 2.00043e-02 1.55402e-01
 74    90 -1.12465e+03 1.57530e-02 1.46215e-01
 75    92 -1.13486e+03 1.22982e-02 1.41562e-01
 76    94 -1.13351e+03 9.62122e-03 1.39144e-01
 77    96 -1.15059e+03 7.65397e-03 1.37516e-01
 78    98 -1.13163e+03 6.50322e-03 1.36706e-01
 79   101 -1.12865e+03 6.13702e-03 1.36740e-01
 80   103 -1.11987e+03 6.46654e-03 1.37876e-01
 81   105 -1.11862e+03 6.97210e-03 1.38331e-01
 82   108 -1.14101e+03 7.77343e-03 1.39768e-01
 83   110 -1.12801e+03 8.24593e-03 1.40884e-01
 84   113 -1.12917e+03 8.70037e-03 1.40964e-01
 85   116 -1.13224e+03 8.88421e-03 1.40665e-01
 86   118 -1.12220e+03 8.80604e-03 1.40106e-01
 87   121 -1.13839e+03 8.72563e-03 1.39105e-01
 88   124 -1.11636e+03 8.55190e-03 1.38333e-01
 89   127 -1.12125e+03 8.27931e-03 1.41439e-01
 90   130 -1.13592e+03 7.95639e-03 1.41632e-01
 91   133 -1.14664e+03 7.43446e-03 1.38816e-01
 92   136 -1.13870e+03 6.96742e-03 1.37394e-01
 93   139 -1.11769e+03 6.35863e-03 1.34539e-01
 94   143 -1.11378e+03 5.93479e-03 1.34939e-01
 95   146 -1.13449e+03 5.69564e-03 1.34403e-01
 96   149 -1.12002e+03 5.55427e-03 1.33495e-01
 97   153 -1.13538e+03 5.30708e-03 1.32120e-01
 98   156 -1.13346e+03 5.07961e-03 1.30764e-01
 99   160 -1.11648e+03 5.08698e-03 1.33523e-01
100   164 -1.11752e+03 5.34631e-03 1.37587e-01
101   168 -1.13508e+03 5.61577e-03 1.38944e-01
102   172 -1.13172e+03 5.46707e-03 1.37436e-01
103   176 -1.10752e+03 5.59241e-03 1.38466e-01
104   180 -1.10820e+03 5.78917e-03 1.38717e-01
105   184 -1.11668e+03 5.36051e-03 1.34484e-01
106   188 -1.13256e+03 4.84150e-03 1.29249e-01
107   193 -1.12719e+03 4.92833e-03 1.31480e-01
108   197 -1.13231e+03 5.51115e-03 1.37567e-01
109   202 -1.13150e+03 5.36343e-03 1.36242e-01
110   206 -1.13519e+03 5.49368e-03 1.36733e-01
111   211 -1.12111e+03 5.57518e-03 1.36701e-01
112   216 -1.14213e+03 5.50608e-03 1.35517e-01
113   221 -1.12958e+03 5.58339e-03 1.36547e-01
114   226 -1.12624e+03 5.87055e-03 1.39325e-01
115   232 -1.13033e+03 5.69047e-03 1.35185e-01
116   237 -1.14222e+03 5.78092e-03 1.37361e-01
117   243 -1.12502e+03 5.41496e-03 1.33790e-01
118   248 -1.13861e+03 5.36828e-03 1.35229e-01
119   254 -1.12845e+03 5.00317e-03 1.32160e-01
120   260 -1.13120e+03 5.01291e-03 1.32149e-01
121   266 -1.12890e+03 5.47927e-03 1.37883e-01
122   272 -1.12349e+03 5.52392e-03 1.36150e-01
123   279 -1.11989e+03 5.11436e-03 1.30033e-01
124   285 -1.10808e+03 5.36167e-03 1.36323e-01
125   292 -1.12359e+03 5.33989e-03 1.33870e-01
126   299 -1.11544e+03 5.60662e-03 1.39138e-01
127   306 -1.13188e+03 5.75429e-03 1.38197e-01
128   313 -1.13239e+03 5.80195e-03 1.38535e-01
129   320 -1.12506e+03 5.71040e-03 1.33788e-01
130   328 -1.15971e+03 5.65703e-03 1.36911e-01
131   335 -1.13069e+03 5.76767e-03 1.39423e-01
132   343 -1.13217e+03 5.76614e-03 1.39093e-01
133   351 -1.13930e+03 5.87429e-03 1.38332e-01
134   360 -1.15032e+03 5.38483e-03 1.35173e-01
135   368 -1.12269e+03 5.17925e-03 1.30279e-01
136   377 -1.10720e+03 6.02461e-03 1.40342e-01
137   385 -1.13291e+03 5.46324e-03 1.35366e-01
138   394 -1.13857e+03 5.70503e-03 1.39609e-01
139   404 -1.13619e+03 5.42337e-03 1.33331e-01
140   413 -1.11269e+03 5.69035e-03 1.37726e-01
141   423 -1.13562e+03 5.60126e-03 1.37315e-01
142   433 -1.12700e+03 5.13659e-03 1.30322e-01
143   443 -1.11558e+03 5.48372e-03 1.38050e-01
144   453 -1.15031e+03 5.23677e-03 1.31824e-01
145   464 -1.11218e+03 6.76800e-03 1.46097e-01
146   474 -1.10563e+03 5.72076e-03 1.34869e-01
147   486 -1.14166e+03 6.22445e-03 1.40586e-01
148   497 -1.12135e+03 6.32935e-03 1.46010e-01
149   509 -1.12391e+03 5.47245e-03 1.33495e-01
150   520 -1.12661e+03 5.75704e-03 1.36542e-01
151   533 -1.13495e+03 6.09284e-03 1.43562e-01
152   545 -1.12198e+03 5.76618e-03 1.33015e-01
153   558 -1.11259e+03 5.89174e-03 1.39281e-01
154   571 -1.12572e+03 5.83531e-03 1.40620e-01
155   584 -1.12009e+03 5.75353e-03 1.40016e-01
156   598 -1.11231e+03 5.69573e-03 1.35719e-01
157   612 -1.12344e+03 5.25876e-03 1.33929e-01
158   626 -1.13766e+03 6.02995e-03 1.40050e-01
159   641 -1.13910e+03 5.44196e-03 1.35627e-01
160   656 -1.15666e+03 5.56182e-03 1.36869e-01
161   671 -1.11981e+03 5.42277e-03 1.35886e-01
162   687 -1.12662e+03 5.73213e-03 1.34467e-01
163   703 -1.12113e+03 5.70003e-03 1.37391e-01
164   719 -1.12185e+03 5.68681e-03 1.38708e-01
165   736 -1.13477e+03 5.34361e-03 1.35666e-01
166   753 -1.12263e+03 5.42110e-03 1.35251e-01
167   771 -1.12041e+03 5.68797e-03 1.37451e-01
168   789 -1.13121e+03 5.45254e-03 1.34886e-01
169   807 -1.13380e+03 5.33568e-03 1.36035e-01
170   826 -1.14029e+03 5.78030e-03 1.41424e-01
171   845 -1.13530e+03 5.56605e-03 1.35933e-01
172   865 -1.11051e+03 5.57518e-03 1.37079e-01
173   885 -1.11837e+03 5.87311e-03 1.40653e-01
174   906 -1.13041e+03 5.25817e-03 1.33247e-01
175   927 -1.13164e+03 5.25989e-03 1.35367e-01
176   949 -1.12056e+03 5.92140e-03 1.40951e-01
177   971 -1.13258e+03 5.47924e-03 1.36893e-01
178   994 -1.14235e+03 5.21948e-03 1.33315e-01
179  1017 -1.11523e+03 5.12833e-03 1.33058e-01
180  1041 -1.13730e+03 5.43797e-03 1.35623e-01
181  1065 -1.13122e+03 5.04694e-03 1.34392e-01
182  1090 -1.14693e+03 4.99445e-03 1.32992e-01
183  1115 -1.11741e+03 5.43723e-03 1.35926e-01
184  1141 -1.12662e+03 5.43041e-03 1.37552e-01
185  1168 -1.14140e+03 5.02356e-03 1.32925e-01
186  1195 -1.11652e+03 5.23705e-03 1.34252e-01
187  1223 -1.12763e+03 5.43895e-03 1.36008e-01
188  1252 -1.13148e+03 5.39751e-03 1.36285e-01
189  1281 -1.14926e+03 5.18047e-03 1.34633e-01
190  1311 -1.11786e+03 5.49164e-03 1.36698e-01
191  1342 -1.11841e+03 5.35462e-03 1.36125e-01
192  1373 -1.11405e+03 5.36216e-03 1.34415e-01
193  1405 -1.15058e+03 5.21502e-03 1.33417e-01
194  1438 -1.12175e+03 5.19971e-03 1.33990e-01
195  1472 -1.15089e+03 5.34785e-03 1.35803e-01
196  1506 -1.14629e+03 5.36288e-03 1.35160e-01
197  1541 -1.14482e+03 5.27024e-03 1.33798e-01
198  1577 -1.13694e+03 5.36827e-03 1.35665e-01
199  1614 -1.12743e+03 5.33152e-03 1.35181e-01
200  1652 -1.13698e+03 5.29051e-03 1.34551e-01
201  1690 -1.11086e+03 5.24346e-03 1.33832e-01
202  1730 -1.13547e+03 5.23427e-03 1.34293e-01
203  1770 -1.14970e+03 5.26056e-03 1.34465e-01
204  1811 -1.13972e+03 5.19772e-03 1.33735e-01
205  1854 -1.13128e+03 5.28537e-03 1.34650e-01
206  1897 -1.13278e+03 5.22508e-03 1.33716e-01
207  1941 -1.13302e+03 5.28107e-03 1.34480e-01
208  1987 -1.12022e+03 5.30342e-03 1.34879e-01
209  2033 -1.11439e+03 5.27153e-03 1.34433e-01
210  2081 -1.11918e+03 5.27444e-03 1.34460e-01
211  2129 -1.11340e+03 5.29589e-03 1.34942e-01
212  2179 -1.13826e+03 5.31214e-03 1.35124e-01
213  2230 -1.13626e+03 5.28814e-03 1.34921e-01
214  2282 -1.13970e+03 5.27463e-03 1.34633e-01
215  2335 -1.11950e+03 5.25883e-03 1.34456e-01
216  2390 -1.11354e+03 5.25316e-03 1.34533e-01
217  2446 -1.11760e+03 5.26685e-03 1.34728e-01
218  2503 -1.12652e+03 5.25494e-03 1.34569e-01
219  2561 -1.12447e+03 5.25504e-03 1.34540e-01
220  2621 -1.14791e+03 5.26314e-03 1.34607e-01
221  2682 -1.13624e+03 5.25206e-03 1.34525e-01
222  2745 -1.11860e+03 5.24336e-03 1.34397e-01
223  2809 -1.12419e+03 5.24416e-03 1.34385e-01
224  2875 -1.16243e+03 5.23891e-03 1.34316e-01
225  2942 -1.12367e+03 5.22991e-03 1.34205e-01
226  3010 -1.13408e+03 5.22798e-03 1.34149e-01
227  3081 -1.11681e+03 5.22160e-03 1.34071e-01
228  3153 -1.12369e+03 5.22306e-03 1.34105e-01
229  3226 -1.12317e+03 5.22768e-03 1.34171e-01
230  3302 -1.11589e+03 5.23005e-03 1.34203e-01
231  3379 -1.13138e+03 5.23085e-03 1.34210e-01
232  3458 -1.13015e+03 5.23044e-03 1.34205e-01
233  3538 -1.12502e+03 5.23020e-03 1.34201e-01
234  3621 -1.12181e+03 5.23139e-03 1.34219e-01
235  3706 -1.12369e+03 5.23159e-03 1.34221e-01
236  3792 -1.10806e+03 5.23169e-03 1.34224e-01
237  3881 -1.14428e+03 5.23193e-03 1.34227e-01
238  3971 -1.12426e+03 5.23184e-03 1.34227e-01
239  4064 -1.13030e+03 5.23192e-03 1.34229e-01
240  4159 -1.12780e+03 5.23198e-03 1.34230e-01
241  4256 -1.12810e+03 5.23239e-03 1.34236e-01
242  4356 -1.12334e+03 5.23271e-03 1.34239e-01
243  4457 -1.11067e+03 5.23284e-03 1.34241e-01
244  4561 -1.12152e+03 5.23291e-03 1.34243e-01
245  4668 -1.13396e+03 5.23242e-03 1.34237e-01
246  4777 -1.14675e+03 5.23253e-03 1.34237e-01
247  4889 -1.15735e+03 5.23226e-03 1.34232e-01
248  5003 -1.16627e+03 5.23255e-03 1.34237e-01
249  5120 -1.11230e+03 5.23284e-03 1.34241e-01
250  5239 -1.13561e+03 5.23320e-03 1.34246e-01
251  5361 -1.14726e+03 5.23334e-03 1.34247e-01
252  5487 -1.13199e+03 5.23373e-03 1.34254e-01
253  5615 -1.12029e+03 5.23359e-03 1.34255e-01
254  5746 -1.11548e+03 5.23357e-03 1.34257e-01
255  5880 -1.13500e+03 5.23354e-03 1.34262e-01
256  6017 -1.12114e+03 5.23321e-03 1.34258e-01
257  6158 -1.12250e+03 5.23340e-03 1.34263e-01
258  6302 -1.13951e+03 5.23380e-03 1.34269e-01
259  6449 -1.14254e+03 5.23415e-03 1.34270e-01
260  6600 -1.13983e+03 5.23384e-03 1.34271e-01
261  6754 -1.12782e+03 5.23344e-03 1.34267e-01
262  6911 -1.15293e+03 5.23369e-03 1.34272e-01
263  7073 -1.11022e+03 5.23422e-03 1.34279e-01
264  7238 -1.11712e+03 5.23402e-03 1.34277e-01
265  7407 -1.12537e+03 5.23440e-03 1.34283e-01
266  7580 -1.13887e+03 5.23446e-03 1.34280e-01
267  7757 -1.14305e+03 5.23403e-03 1.34274e-01
268  7938 -1.13169e+03 5.23386e-03 1.34269e-01
269  8124 -1.13047e+03 5.23424e-03 1.34272e-01
270  8313 -1.14598e+03 5.23503e-03 1.34284e-01
271  8507 -1.12148e+03 5.23536e-03 1.34288e-01
272  8706 -1.12947e+03 5.23549e-03 1.34289e-01
273  8909 -1.13072e+03 5.23573e-03 1.34292e-01
274  9118 -1.12563e+03 5.23607e-03 1.34300e-01
275  9330 -1.12889e+03 5.23654e-03 1.34308e-01
276  9548 -1.15087e+03 5.23681e-03 1.34312e-01
277  9771 -1.12354e+03 5.23738e-03 1.34315e-01
278 10000 -1.12988e+03 5.23780e-03 1.34322e-01
