i, epoch, loss, l2_err, h1_err
  0     1 -2.29554e+01 9.77130e-01 9.96117e-01
  1     2 -1.04428e+02 9.53598e-01 9.75205e-01
  2     3 -1.65735e+02 9.29119e-01 9.54199e-01
  3     4 -2.32446e+02 9.03424e-01 9.33297e-01
  4     5 -2.97864e+02 8.77182e-01 9.12589e-01
  5     6 -3.63042e+02 8.50647e-01 8.92605e-01
  6     7 -4.16493e+02 8.24066e-01 8.73967e-01
  7     8 -4.73199e+02 7.97452e-01 8.56626e-01
  8     9 -5.18290e+02 7.70841e-01 8.40398e-01
  9    10 -5.74336e+02 7.44353e-01 8.25417e-01
 10    11 -6.19123e+02 7.18042e-01 8.11568e-01
 11    12 -6.59924e+02 6.91923e-01 7.98676e-01
 12    13 -7.03867e+02 6.66130e-01 7.86889e-01
 13    14 -7.36232e+02 6.40732e-01 7.76504e-01
 14    15 -7.81348e+02 6.15723e-01 7.67384e-01
 15    16 -7.94051e+02 5.91151e-01 7.59614e-01
 16    17 -8.44715e+02 5.67067e-01 7.53057e-01
 17    18 -8.59737e+02 5.43469e-01 7.47760e-01
 18    19 -8.87937e+02 5.20447e-01 7.43600e-01
 19    20 -9.18159e+02 4.98016e-01 7.40577e-01
 20    21 -9.45563e+02 4.76201e-01 7.38602e-01
 21    22 -9.69108e+02 4.55154e-01 7.37836e-01
 22    23 -9.87028e+02 4.34833e-01 7.38147e-01
 23    24 -9.96068e+02 4.15209e-01 7.39388e-01
 24    25 -1.01214e+03 3.96386e-01 7.41564e-01
 25    26 -1.01941e+03 3.78309e-01 7.44441e-01
 26    27 -1.03735e+03 3.61130e-01 7.48025e-01
 27    28 -1.05081e+03 3.44787e-01 7.52224e-01
 28    29 -1.04320e+03 3.29389e-01 7.56983e-01
 29    30 -1.06300e+03 3.14910e-01 7.62120e-01
 30    31 -1.07189e+03 3.01379e-01 7.67488e-01
 31    32 -1.06715e+03 2.88737e-01 7.73019e-01
 32    33 -1.08142e+03 2.76936e-01 7.78534e-01
 33    34 -1.10597e+03 2.65914e-01 7.83981e-01
 34    35 -1.09205e+03 2.55622e-01 7.89301e-01
 35    36 -1.10518e+03 2.46160e-01 7.94500e-01
 36    37 -1.10194e+03 2.37465e-01 7.99496e-01
 37    38 -1.11213e+03 2.29603e-01 8.04265e-01
 38    39 -1.10199e+03 2.22478e-01 8.08790e-01
 39    40 -1.10665e+03 2.16061e-01 8.13045e-01
 40    41 -1.11651e+03 2.10274e-01 8.16980e-01
 41    42 -1.11866e+03 2.05297e-01 8.20622e-01
 42    43 -1.12312e+03 2.00935e-01 8.23987e-01
 43    44 -1.10988e+03 1.97086e-01 8.26998e-01
 44    45 -1.10213e+03 1.93737e-01 8.29705e-01
 45    46 -1.12806e+03 1.90898e-01 8.32092e-01
 46    47 -1.11452e+03 1.88516e-01 8.34155e-01
 47    48 -1.12109e+03 1.86522e-01 8.35902e-01
 48    49 -1.13921e+03 1.84976e-01 8.37399e-01
 49    50 -1.10640e+03 1.83728e-01 8.38640e-01
 50    51 -1.11734e+03 1.82686e-01 8.39606e-01
 51    53 -1.12599e+03 1.81174e-01 8.40845e-01
 52    54 -1.09617e+03 1.80956e-01 8.41238e-01
 53    55 -1.11695e+03 1.80891e-01 8.41456e-01
 54    56 -1.11775e+03 1.81031e-01 8.41521e-01
 55    58 -1.13696e+03 1.81752e-01 8.41231e-01
 56    59 -1.14878e+03 1.82473e-01 8.40974e-01
 57    60 -1.11928e+03 1.83305e-01 8.40635e-01
 58    62 -1.12472e+03 1.85222e-01 8.39674e-01
 59    63 -1.11958e+03 1.86282e-01 8.39105e-01
 60    65 -1.11013e+03 1.88455e-01 8.37821e-01
 61    66 -1.13056e+03 1.89475e-01 8.37115e-01
 62    68 -1.11531e+03 1.90997e-01 8.35512e-01
 63    69 -1.11234e+03 1.91588e-01 8.34662e-01
 64    71 -1.13309e+03 1.92613e-01 8.32955e-01
 65    73 -1.12754e+03 1.93489e-01 8.31348e-01
 66    74 -1.12454e+03 1.93980e-01 8.30608e-01
 67    76 -1.14370e+03 1.94839e-01 8.29195e-01
 68    78 -1.11862e+03 1.96011e-01 8.28019e-01
 69    80 -1.12389e+03 1.97686e-01 8.27103e-01
 70    82 -1.14532e+03 1.99498e-01 8.26390e-01
 71    84 -1.12377e+03 2.00750e-01 8.25733e-01
 72    86 -1.12572e+03 2.01290e-01 8.24993e-01
 73    88 -1.13550e+03 2.00944e-01 8.24105e-01
 74    90 -1.11777e+03 2.00727e-01 8.23411e-01
 75    92 -1.12328e+03 2.01215e-01 8.23024e-01
 76    94 -1.11572e+03 2.02085e-01 8.22901e-01
 77    96 -1.12307e+03 2.02587e-01 8.22799e-01
 78    98 -1.13591e+03 2.03013e-01 8.22743e-01
 79   101 -1.12197e+03 2.02741e-01 8.22487e-01
 80   103 -1.13467e+03 2.02060e-01 8.22233e-01
 81   105 -1.13688e+03 2.01464e-01 8.22023e-01
 82   108 -1.13687e+03 2.01516e-01 8.21929e-01
 83   110 -1.11155e+03 2.01890e-01 8.22033e-01
 84   113 -1.14296e+03 2.02483e-01 8.22352e-01
 85   116 -1.12463e+03 2.02313e-01 8.22484e-01
 86   118 -1.13446e+03 2.01942e-01 8.22504e-01
 87   121 -1.13003e+03 2.00381e-01 8.22295e-01
 88   124 -1.13741e+03 1.98221e-01 8.21994e-01
 89   127 -1.10748e+03 1.97655e-01 8.22097e-01
 90   130 -1.10963e+03 1.98291e-01 8.22489e-01
 91   133 -1.11509e+03 1.98206e-01 8.22715e-01
 92   136 -1.13071e+03 1.97243e-01 8.22445e-01
 93   139 -1.12839e+03 1.97790e-01 8.22456e-01
 94   143 -1.10407e+03 2.00417e-01 8.22879e-01
 95   146 -1.13152e+03 2.01706e-01 8.23076e-01
 96   149 -1.13421e+03 2.01411e-01 8.22767e-01
 97   153 -1.12055e+03 2.00683e-01 8.22371e-01
 98   156 -1.11551e+03 2.00413e-01 8.22281e-01
 99   160 -1.11456e+03 1.98847e-01 8.21846e-01
100   164 -1.12740e+03 1.99608e-01 8.21932e-01
101   168 -1.14684e+03 2.02256e-01 8.23021e-01
102   172 -1.11514e+03 2.02441e-01 8.23180e-01
103   176 -1.11599e+03 1.98532e-01 8.22041e-01
104   180 -1.10881e+03 1.97694e-01 8.22116e-01
105   184 -1.13928e+03 2.00827e-01 8.22938e-01
106   188 -1.11366e+03 2.01668e-01 8.23211e-01
107   193 -1.10856e+03 1.99134e-01 8.22219e-01
108   197 -1.13688e+03 1.98436e-01 8.21923e-01
109   202 -1.13297e+03 2.00034e-01 8.22515e-01
110   206 -1.12131e+03 1.99395e-01 8.21985e-01
111   211 -1.09806e+03 2.00703e-01 8.22251e-01
112   216 -1.11018e+03 2.01526e-01 8.22892e-01
113   221 -1.14921e+03 1.98510e-01 8.22261e-01
114   226 -1.13169e+03 1.98831e-01 8.22494e-01
115   232 -1.12446e+03 2.00224e-01 8.22767e-01
116   237 -1.14524e+03 2.00578e-01 8.22461e-01
117   243 -1.11717e+03 2.01385e-01 8.22734e-01
118   248 -1.11933e+03 1.99143e-01 8.21730e-01
119   254 -1.10991e+03 2.01603e-01 8.22707e-01
120   260 -1.11407e+03 1.99223e-01 8.22273e-01
121   266 -1.12352e+03 2.00101e-01 8.22347e-01
122   272 -1.12262e+03 2.01418e-01 8.22351e-01
123   279 -1.13774e+03 2.01741e-01 8.22534e-01
124   285 -1.14952e+03 2.00481e-01 8.22506e-01
125   292 -1.11272e+03 1.98930e-01 8.21993e-01
126   299 -1.12827e+03 2.00464e-01 8.22481e-01
127   306 -1.11333e+03 1.99116e-01 8.22392e-01
128   313 -1.11547e+03 1.99988e-01 8.22307e-01
129   320 -1.13034e+03 1.98413e-01 8.21886e-01
130   328 -1.11766e+03 2.00849e-01 8.22985e-01
131   335 -1.11484e+03 1.99133e-01 8.22498e-01
132   343 -1.14421e+03 2.00359e-01 8.23035e-01
133   351 -1.11178e+03 2.00712e-01 8.23225e-01
134   360 -1.11883e+03 1.97450e-01 8.22491e-01
135   368 -1.12823e+03 2.03844e-01 8.23465e-01
136   377 -1.10216e+03 1.99994e-01 8.21686e-01
137   385 -1.11306e+03 2.02210e-01 8.22880e-01
138   394 -1.14159e+03 1.99161e-01 8.22728e-01
139   404 -1.12462e+03 2.00642e-01 8.22524e-01
140   413 -1.13927e+03 2.00378e-01 8.22331e-01
141   423 -1.13205e+03 1.99949e-01 8.22800e-01
142   433 -1.13062e+03 2.00996e-01 8.23661e-01
143   443 -1.13060e+03 1.99318e-01 8.23333e-01
144   453 -1.12409e+03 2.00857e-01 8.22569e-01
145   464 -1.11895e+03 1.99326e-01 8.22421e-01
146   474 -1.12941e+03 1.97105e-01 8.22307e-01
147   486 -1.12939e+03 2.00660e-01 8.22028e-01
148   497 -1.11856e+03 2.02833e-01 8.22878e-01
149   509 -1.10943e+03 2.02192e-01 8.22722e-01
150   520 -1.12029e+03 2.01881e-01 8.22265e-01
151   533 -1.13303e+03 2.00044e-01 8.22718e-01
152   545 -1.10995e+03 1.99800e-01 8.22231e-01
153   558 -1.12457e+03 1.99561e-01 8.22462e-01
154   571 -1.12671e+03 1.98916e-01 8.22629e-01
155   584 -1.12973e+03 1.97935e-01 8.21624e-01
156   598 -1.12087e+03 2.00841e-01 8.21970e-01
157   612 -1.12016e+03 1.99243e-01 8.22545e-01
158   626 -1.13108e+03 2.00383e-01 8.22674e-01
159   641 -1.12197e+03 1.98028e-01 8.22589e-01
160   656 -1.12039e+03 2.00799e-01 8.22112e-01
161   671 -1.11571e+03 2.00699e-01 8.23012e-01
162   687 -1.10293e+03 1.99369e-01 8.21559e-01
163   703 -1.13757e+03 2.01095e-01 8.22882e-01
164   719 -1.12326e+03 2.00049e-01 8.22734e-01
165   736 -1.13826e+03 2.00588e-01 8.22117e-01
166   753 -1.11557e+03 1.98385e-01 8.22226e-01
167   771 -1.10480e+03 1.99396e-01 8.22330e-01
168   789 -1.12578e+03 1.99265e-01 8.22311e-01
169   807 -1.12670e+03 2.00905e-01 8.22603e-01
170   826 -1.13062e+03 1.99718e-01 8.22546e-01
171   845 -1.12456e+03 1.99779e-01 8.22245e-01
172   865 -1.10953e+03 2.00605e-01 8.22596e-01
173   885 -1.12858e+03 2.00320e-01 8.22716e-01
174   906 -1.12033e+03 1.99736e-01 8.22265e-01
175   927 -1.11187e+03 2.01028e-01 8.23131e-01
176   949 -1.12128e+03 2.00011e-01 8.22628e-01
177   971 -1.13291e+03 1.99851e-01 8.22598e-01
178   994 -1.11169e+03 1.99246e-01 8.22602e-01
179  1017 -1.11396e+03 2.01423e-01 8.23219e-01
180  1041 -1.13629e+03 1.99248e-01 8.22514e-01
181  1065 -1.11637e+03 2.00018e-01 8.22648e-01
182  1090 -1.13914e+03 2.00604e-01 8.22668e-01
183  1115 -1.13486e+03 1.99190e-01 8.22210e-01
184  1141 -1.11523e+03 2.00125e-01 8.22758e-01
185  1168 -1.11502e+03 1.99995e-01 8.22296e-01
186  1195 -1.12684e+03 2.00047e-01 8.22487e-01
187  1223 -1.12315e+03 2.00550e-01 8.22452e-01
188  1252 -1.12217e+03 1.99526e-01 8.22611e-01
189  1281 -1.13299e+03 2.00042e-01 8.22540e-01
190  1311 -1.13411e+03 1.99533e-01 8.22512e-01
191  1342 -1.13125e+03 2.00357e-01 8.22562e-01
192  1373 -1.12588e+03 2.00811e-01 8.22544e-01
193  1405 -1.12123e+03 2.00865e-01 8.22707e-01
194  1438 -1.14725e+03 1.99433e-01 8.22498e-01
195  1472 -1.12395e+03 2.00219e-01 8.22585e-01
196  1506 -1.13445e+03 1.99811e-01 8.22517e-01
197  1541 -1.12814e+03 2.00210e-01 8.22666e-01
198  1577 -1.14905e+03 1.99404e-01 8.22433e-01
199  1614 -1.10701e+03 2.00310e-01 8.22538e-01
200  1652 -1.11134e+03 2.00501e-01 8.22699e-01
201  1690 -1.12410e+03 2.00144e-01 8.22402e-01
202  1730 -1.13519e+03 2.00070e-01 8.22538e-01
203  1770 -1.11374e+03 1.99643e-01 8.22448e-01
204  1811 -1.12437e+03 2.00296e-01 8.22482e-01
205  1854 -1.12013e+03 2.00190e-01 8.22421e-01
206  1897 -1.13127e+03 2.01010e-01 8.22537e-01
207  1941 -1.11123e+03 2.00071e-01 8.22486e-01
208  1987 -1.12321e+03 2.00301e-01 8.22524e-01
209  2033 -1.11629e+03 1.99860e-01 8.22446e-01
210  2081 -1.13210e+03 1.99862e-01 8.22519e-01
211  2129 -1.12369e+03 1.99887e-01 8.22454e-01
212  2179 -1.14051e+03 1.99881e-01 8.22389e-01
213  2230 -1.11109e+03 2.00062e-01 8.22471e-01
214  2282 -1.10605e+03 2.00020e-01 8.22478e-01
215  2335 -1.09829e+03 1.99908e-01 8.22445e-01
216  2390 -1.10819e+03 2.00205e-01 8.22537e-01
217  2446 -1.10887e+03 2.00145e-01 8.22460e-01
218  2503 -1.12319e+03 2.00105e-01 8.22462e-01
219  2561 -1.11726e+03 2.00184e-01 8.22440e-01
220  2621 -1.11871e+03 2.00172e-01 8.22410e-01
221  2682 -1.11737e+03 2.00043e-01 8.22404e-01
222  2745 -1.13616e+03 2.00017e-01 8.22383e-01
223  2809 -1.11481e+03 2.00034e-01 8.22387e-01
224  2875 -1.10777e+03 2.00113e-01 8.22446e-01
225  2942 -1.12558e+03 2.00037e-01 8.22423e-01
226  3010 -1.12582e+03 2.00044e-01 8.22418e-01
227  3081 -1.15061e+03 2.00061e-01 8.22418e-01
228  3153 -1.13917e+03 2.00067e-01 8.22441e-01
229  3226 -1.11509e+03 2.00056e-01 8.22450e-01
230  3302 -1.12355e+03 2.00049e-01 8.22448e-01
231  3379 -1.11121e+03 2.00028e-01 8.22442e-01
232  3458 -1.12014e+03 2.00028e-01 8.22441e-01
233  3538 -1.14355e+03 2.00035e-01 8.22450e-01
234  3621 -1.12028e+03 2.00041e-01 8.22455e-01
235  3706 -1.12911e+03 2.00041e-01 8.22456e-01
236  3792 -1.12353e+03 2.00041e-01 8.22458e-01
237  3881 -1.11885e+03 2.00042e-01 8.22457e-01
238  3971 -1.11359e+03 2.00045e-01 8.22456e-01
239  4064 -1.10649e+03 2.00046e-01 8.22456e-01
240  4159 -1.13099e+03 2.00046e-01 8.22455e-01
241  4256 -1.14025e+03 2.00044e-01 8.22455e-01
242  4356 -1.12438e+03 2.00044e-01 8.22454e-01
243  4457 -1.13793e+03 2.00044e-01 8.22455e-01
244  4561 -1.12453e+03 2.00044e-01 8.22455e-01
245  4668 -1.13476e+03 2.00046e-01 8.22455e-01
246  4777 -1.14985e+03 2.00045e-01 8.22454e-01
247  4889 -1.13209e+03 2.00045e-01 8.22454e-01
248  5003 -1.11732e+03 2.00044e-01 8.22453e-01
249  5120 -1.11450e+03 2.00045e-01 8.22453e-01
250  5239 -1.12283e+03 2.00045e-01 8.22454e-01
251  5361 -1.15029e+03 2.00045e-01 8.22453e-01
252  5487 -1.13456e+03 2.00045e-01 8.22453e-01
253  5615 -1.12397e+03 2.00047e-01 8.22452e-01
254  5746 -1.13623e+03 2.00046e-01 8.22453e-01
255  5880 -1.10454e+03 2.00045e-01 8.22453e-01
256  6017 -1.13024e+03 2.00045e-01 8.22453e-01
257  6158 -1.13598e+03 2.00046e-01 8.22452e-01
258  6302 -1.12678e+03 2.00046e-01 8.22452e-01
259  6449 -1.13230e+03 2.00045e-01 8.22452e-01
260  6600 -1.11737e+03 2.00047e-01 8.22451e-01
261  6754 -1.11506e+03 2.00047e-01 8.22452e-01
262  6911 -1.12615e+03 2.00046e-01 8.22452e-01
263  7073 -1.11224e+03 2.00047e-01 8.22452e-01
264  7238 -1.11020e+03 2.00047e-01 8.22453e-01
265  7407 -1.12494e+03 2.00047e-01 8.22452e-01
266  7580 -1.11947e+03 2.00049e-01 8.22451e-01
267  7757 -1.13274e+03 2.00052e-01 8.22451e-01
268  7938 -1.11803e+03 2.00052e-01 8.22451e-01
269  8124 -1.12477e+03 2.00050e-01 8.22451e-01
270  8313 -1.10961e+03 2.00048e-01 8.22452e-01
271  8507 -1.14028e+03 2.00049e-01 8.22453e-01
272  8706 -1.15356e+03 2.00047e-01 8.22455e-01
273  8909 -1.13854e+03 2.00049e-01 8.22455e-01
274  9118 -1.12432e+03 2.00048e-01 8.22453e-01
275  9330 -1.13563e+03 2.00048e-01 8.22456e-01
276  9548 -1.11671e+03 2.00051e-01 8.22458e-01
277  9771 -1.13957e+03 2.00051e-01 8.22458e-01
278 10000 -1.13416e+03 2.00055e-01 8.22461e-01
