i, epoch, loss, l2_err, h1_err
  0     1 -2.90939e+01 9.94717e-01 1.45481e+00
  1     2 -1.00608e+02 9.92540e-01 1.52598e+00
  2     3 -1.74542e+02 9.90269e-01 1.63420e+00
  3     4 -2.41176e+02 9.87565e-01 1.74473e+00
  4     5 -2.93569e+02 9.84281e-01 1.84319e+00
  5     6 -3.48770e+02 9.80424e-01 1.92731e+00
  6     7 -4.06925e+02 9.75992e-01 1.99665e+00
  7     8 -4.61696e+02 9.70981e-01 2.05182e+00
  8     9 -5.15485e+02 9.65533e-01 2.09826e+00
  9    10 -5.50755e+02 9.59784e-01 2.13699e+00
 10    11 -6.05458e+02 9.53851e-01 2.16949e+00
 11    12 -6.38534e+02 9.47686e-01 2.19500e+00
 12    13 -6.85370e+02 9.41288e-01 2.21506e+00
 13    14 -7.24598e+02 9.34666e-01 2.22897e+00
 14    15 -7.54967e+02 9.27866e-01 2.23718e+00
 15    16 -7.78941e+02 9.20891e-01 2.24007e+00
 16    17 -8.08570e+02 9.13737e-01 2.23918e+00
 17    18 -8.43258e+02 9.06343e-01 2.23474e+00
 18    19 -8.59408e+02 8.98653e-01 2.22729e+00
 19    20 -8.99039e+02 8.90720e-01 2.21740e+00
 20    21 -9.08024e+02 8.82483e-01 2.20497e+00
 21    22 -9.26214e+02 8.73907e-01 2.18911e+00
 22    23 -9.47923e+02 8.64944e-01 2.17004e+00
 23    24 -9.81813e+02 8.55557e-01 2.14928e+00
 24    25 -9.82287e+02 8.45745e-01 2.12725e+00
 25    26 -9.94282e+02 8.35506e-01 2.10392e+00
 26    27 -1.01303e+03 8.24844e-01 2.07981e+00
 27    28 -1.03524e+03 8.13779e-01 2.05479e+00
 28    29 -1.02263e+03 8.02372e-01 2.02865e+00
 29    30 -1.03127e+03 7.90637e-01 2.00134e+00
 30    31 -1.05886e+03 7.78636e-01 1.97328e+00
 31    32 -1.04312e+03 7.66397e-01 1.94436e+00
 32    33 -1.06944e+03 7.54007e-01 1.91486e+00
 33    34 -1.07573e+03 7.41415e-01 1.88462e+00
 34    35 -1.07079e+03 7.28633e-01 1.85426e+00
 35    36 -1.09839e+03 7.15699e-01 1.82416e+00
 36    37 -1.07871e+03 7.02630e-01 1.79395e+00
 37    38 -1.09822e+03 6.89441e-01 1.76329e+00
 38    39 -1.11801e+03 6.76111e-01 1.73241e+00
 39    40 -1.10614e+03 6.62689e-01 1.70141e+00
 40    41 -1.06789e+03 6.49145e-01 1.67049e+00
 41    42 -1.09119e+03 6.35519e-01 1.63940e+00
 42    43 -1.11969e+03 6.21835e-01 1.60800e+00
 43    44 -1.11195e+03 6.08140e-01 1.57621e+00
 44    45 -1.12052e+03 5.94400e-01 1.54448e+00
 45    46 -1.11922e+03 5.80728e-01 1.51280e+00
 46    47 -1.13381e+03 5.67050e-01 1.48097e+00
 47    48 -1.13249e+03 5.53382e-01 1.44889e+00
 48    49 -1.11169e+03 5.39723e-01 1.41694e+00
 49    50 -1.11042e+03 5.26146e-01 1.38534e+00
 50    51 -1.12625e+03 5.12595e-01 1.35395e+00
 51    53 -1.12304e+03 4.85677e-01 1.29132e+00
 52    54 -1.10430e+03 4.72416e-01 1.26030e+00
 53    55 -1.11119e+03 4.59328e-01 1.22949e+00
 54    56 -1.11595e+03 4.46396e-01 1.19859e+00
 55    58 -1.13369e+03 4.21021e-01 1.13658e+00
 56    59 -1.11607e+03 4.08597e-01 1.10593e+00
 57    60 -1.11287e+03 3.96377e-01 1.07580e+00
 58    62 -1.14195e+03 3.72616e-01 1.01664e+00
 59    63 -1.12147e+03 3.61041e-01 9.87368e-01
 60    65 -1.13290e+03 3.38498e-01 9.29366e-01
 61    66 -1.10674e+03 3.27558e-01 9.01140e-01
 62    68 -1.12918e+03 3.06416e-01 8.46370e-01
 63    69 -1.10847e+03 2.96216e-01 8.19588e-01
 64    71 -1.11692e+03 2.76565e-01 7.66566e-01
 65    73 -1.13777e+03 2.57722e-01 7.15660e-01
 66    74 -1.13389e+03 2.48550e-01 6.91068e-01
 67    76 -1.13834e+03 2.30862e-01 6.42603e-01
 68    78 -1.13338e+03 2.14140e-01 5.96180e-01
 69    80 -1.13028e+03 1.98446e-01 5.51834e-01
 70    82 -1.12458e+03 1.83682e-01 5.10020e-01
 71    84 -1.13700e+03 1.69772e-01 4.70220e-01
 72    86 -1.13139e+03 1.56669e-01 4.33267e-01
 73    88 -1.12898e+03 1.44344e-01 3.98900e-01
 74    90 -1.12685e+03 1.32787e-01 3.67119e-01
 75    92 -1.10335e+03 1.21996e-01 3.36594e-01
 76    94 -1.14369e+03 1.11996e-01 3.08797e-01
 77    96 -1.13889e+03 1.02686e-01 2.82890e-01
 78    98 -1.12571e+03 9.40415e-02 2.58998e-01
 79   101 -1.13932e+03 8.21668e-02 2.28191e-01
 80   103 -1.12806e+03 7.49278e-02 2.10231e-01
 81   105 -1.14308e+03 6.81528e-02 1.93720e-01
 82   108 -1.13670e+03 5.88517e-02 1.72471e-01
 83   110 -1.11657e+03 5.32171e-02 1.61552e-01
 84   113 -1.16033e+03 4.56694e-02 1.47915e-01
 85   116 -1.11866e+03 3.90013e-02 1.36509e-01
 86   118 -1.14865e+03 3.49990e-02 1.28893e-01
 87   121 -1.13813e+03 2.96061e-02 1.19799e-01
 88   124 -1.13453e+03 2.48604e-02 1.13710e-01
 89   127 -1.13048e+03 2.07392e-02 1.08814e-01
 90   130 -1.12257e+03 1.71638e-02 1.05629e-01
 91   133 -1.11874e+03 1.39670e-02 1.03188e-01
 92   136 -1.12819e+03 1.12749e-02 1.02375e-01
 93   139 -1.11554e+03 9.12619e-03 1.02484e-01
 94   143 -1.12323e+03 6.77501e-03 1.03550e-01
 95   146 -1.12578e+03 5.31144e-03 1.01970e-01
 96   149 -1.13035e+03 4.15235e-03 9.80549e-02
 97   153 -1.12523e+03 3.18407e-03 9.54567e-02
 98   156 -1.13317e+03 2.80648e-03 9.53262e-02
 99   160 -1.12717e+03 2.59939e-03 9.55928e-02
100   164 -1.14923e+03 2.59454e-03 9.57853e-02
101   168 -1.12940e+03 2.63185e-03 9.76215e-02
102   172 -1.14163e+03 2.74703e-03 9.73529e-02
103   176 -1.14325e+03 2.91147e-03 9.79982e-02
104   180 -1.11639e+03 3.15745e-03 1.02791e-01
105   184 -1.12977e+03 3.01122e-03 1.01025e-01
106   188 -1.12238e+03 2.86013e-03 9.75057e-02
107   193 -1.13677e+03 2.72386e-03 9.74660e-02
108   197 -1.10890e+03 2.82876e-03 1.01769e-01
109   202 -1.10552e+03 3.00195e-03 1.05006e-01
110   206 -1.14295e+03 2.85783e-03 1.00300e-01
111   211 -1.13665e+03 2.72015e-03 9.68236e-02
112   216 -1.11754e+03 2.85434e-03 1.01864e-01
113   221 -1.13718e+03 2.89498e-03 1.01306e-01
114   226 -1.13990e+03 2.65829e-03 9.55354e-02
115   232 -1.14383e+03 2.81648e-03 9.92576e-02
116   237 -1.13111e+03 3.03884e-03 1.06943e-01
117   243 -1.12050e+03 3.18463e-03 1.07856e-01
118   248 -1.13985e+03 2.88814e-03 1.01048e-01
119   254 -1.13666e+03 2.53037e-03 9.42860e-02
120   260 -1.09486e+03 2.80369e-03 9.80701e-02
121   266 -1.13583e+03 3.06680e-03 1.01747e-01
122   272 -1.14028e+03 3.04976e-03 1.03204e-01
123   279 -1.13326e+03 2.91766e-03 9.89902e-02
124   285 -1.14111e+03 3.07724e-03 1.00788e-01
125   292 -1.12342e+03 3.09470e-03 1.03883e-01
126   299 -1.11139e+03 3.04575e-03 1.01861e-01
127   306 -1.11747e+03 2.73038e-03 9.57929e-02
128   313 -1.13854e+03 3.30249e-03 1.07539e-01
129   320 -1.12541e+03 3.30445e-03 1.07037e-01
130   328 -1.14375e+03 3.24904e-03 1.04428e-01
131   335 -1.14337e+03 3.42051e-03 1.09074e-01
132   343 -1.12800e+03 3.68239e-03 1.10371e-01
133   351 -1.11791e+03 3.17711e-03 9.97577e-02
134   360 -1.15060e+03 3.18734e-03 1.04191e-01
135   368 -1.12198e+03 3.30367e-03 1.05787e-01
136   377 -1.13065e+03 3.21949e-03 1.06671e-01
137   385 -1.14130e+03 3.09944e-03 1.01736e-01
138   394 -1.12327e+03 2.93067e-03 9.76602e-02
139   404 -1.12898e+03 3.02476e-03 1.02046e-01
140   413 -1.14018e+03 3.51052e-03 1.08300e-01
141   423 -1.12944e+03 3.00226e-03 1.02375e-01
142   433 -1.13612e+03 3.02189e-03 1.01899e-01
143   443 -1.12309e+03 3.26919e-03 1.04608e-01
144   453 -1.13015e+03 3.00532e-03 9.92990e-02
145   464 -1.13287e+03 2.96946e-03 1.00533e-01
146   474 -1.13146e+03 3.27061e-03 1.01963e-01
147   486 -1.13319e+03 3.75319e-03 1.10033e-01
148   497 -1.12354e+03 3.14335e-03 1.00271e-01
149   509 -1.12923e+03 2.96519e-03 1.00840e-01
150   520 -1.13222e+03 3.16185e-03 1.07163e-01
151   533 -1.13758e+03 3.45541e-03 1.10153e-01
152   545 -1.13799e+03 3.01274e-03 9.75195e-02
153   558 -1.14122e+03 3.32201e-03 1.05391e-01
154   571 -1.12058e+03 3.00991e-03 1.00252e-01
155   584 -1.10800e+03 3.34839e-03 1.01335e-01
156   598 -1.13075e+03 3.09972e-03 9.96850e-02
157   612 -1.11680e+03 2.84319e-03 9.69980e-02
158   626 -1.12898e+03 2.86004e-03 1.00955e-01
159   641 -1.14107e+03 2.56886e-03 9.53973e-02
160   656 -1.14245e+03 2.86403e-03 9.99509e-02
161   671 -1.14210e+03 2.90895e-03 1.03423e-01
162   687 -1.13180e+03 2.80535e-03 9.43138e-02
163   703 -1.13365e+03 2.92397e-03 1.00565e-01
164   719 -1.13197e+03 2.78487e-03 9.80334e-02
165   736 -1.12938e+03 2.61496e-03 9.46137e-02
166   753 -1.13996e+03 2.84954e-03 9.66210e-02
167   771 -1.13808e+03 2.51991e-03 9.60029e-02
168   789 -1.13318e+03 2.77206e-03 9.57502e-02
169   807 -1.12849e+03 2.68742e-03 9.75117e-02
170   826 -1.13483e+03 2.72696e-03 9.85324e-02
171   845 -1.13706e+03 2.50839e-03 9.49721e-02
172   865 -1.13028e+03 2.79150e-03 1.01766e-01
173   885 -1.11125e+03 2.56922e-03 9.47073e-02
174   906 -1.11311e+03 2.59747e-03 9.70260e-02
175   927 -1.13910e+03 2.64100e-03 9.75760e-02
176   949 -1.12728e+03 3.00753e-03 1.00274e-01
177   971 -1.12205e+03 2.49076e-03 9.53963e-02
178   994 -1.10935e+03 2.69537e-03 9.71718e-02
179  1017 -1.11763e+03 2.69547e-03 9.71704e-02
180  1041 -1.14303e+03 2.60510e-03 9.61126e-02
181  1065 -1.12416e+03 2.49026e-03 9.60298e-02
182  1090 -1.13098e+03 2.52509e-03 9.58175e-02
183  1115 -1.13904e+03 2.38035e-03 9.37667e-02
184  1141 -1.14144e+03 2.63840e-03 9.83451e-02
185  1168 -1.12494e+03 2.57545e-03 9.78629e-02
186  1195 -1.12278e+03 2.58210e-03 9.63978e-02
187  1223 -1.13329e+03 2.45399e-03 9.49977e-02
188  1252 -1.11032e+03 2.49758e-03 9.60070e-02
189  1281 -1.12977e+03 2.64365e-03 1.00154e-01
190  1311 -1.12265e+03 2.51400e-03 9.66370e-02
191  1342 -1.12343e+03 2.38443e-03 9.48457e-02
192  1373 -1.14213e+03 2.67208e-03 9.77361e-02
193  1405 -1.13123e+03 2.72078e-03 9.91587e-02
194  1438 -1.14154e+03 2.58542e-03 9.84507e-02
195  1472 -1.12411e+03 2.57142e-03 9.72601e-02
196  1506 -1.12403e+03 2.38059e-03 9.52762e-02
197  1541 -1.12530e+03 2.52835e-03 9.74073e-02
198  1577 -1.15096e+03 2.37927e-03 9.43707e-02
199  1614 -1.12447e+03 2.47232e-03 9.69767e-02
200  1652 -1.11802e+03 2.44934e-03 9.57001e-02
201  1690 -1.14481e+03 2.43450e-03 9.52139e-02
202  1730 -1.10810e+03 2.39251e-03 9.54780e-02
203  1770 -1.11898e+03 2.55986e-03 9.66489e-02
204  1811 -1.12141e+03 2.52834e-03 9.69209e-02
205  1854 -1.14389e+03 2.45134e-03 9.56147e-02
206  1897 -1.12649e+03 2.41357e-03 9.55171e-02
207  1941 -1.09950e+03 2.41690e-03 9.54436e-02
208  1987 -1.12585e+03 2.44955e-03 9.59731e-02
209  2033 -1.13374e+03 2.40459e-03 9.54119e-02
210  2081 -1.14635e+03 2.38261e-03 9.55151e-02
211  2129 -1.14411e+03 2.37767e-03 9.55883e-02
212  2179 -1.12981e+03 2.42213e-03 9.63567e-02
213  2230 -1.12882e+03 2.38165e-03 9.53841e-02
214  2282 -1.10925e+03 2.38472e-03 9.54143e-02
215  2335 -1.13647e+03 2.41628e-03 9.58993e-02
216  2390 -1.13617e+03 2.44296e-03 9.63110e-02
217  2446 -1.14860e+03 2.43802e-03 9.60195e-02
218  2503 -1.12517e+03 2.42263e-03 9.57828e-02
219  2561 -1.12831e+03 2.41880e-03 9.55955e-02
220  2621 -1.12019e+03 2.37932e-03 9.50008e-02
221  2682 -1.11973e+03 2.37749e-03 9.50542e-02
222  2745 -1.11782e+03 2.39248e-03 9.52301e-02
223  2809 -1.13701e+03 2.40366e-03 9.55940e-02
224  2875 -1.12854e+03 2.40736e-03 9.56923e-02
225  2942 -1.15166e+03 2.40861e-03 9.56745e-02
226  3010 -1.11481e+03 2.41943e-03 9.58216e-02
227  3081 -1.12857e+03 2.41470e-03 9.57732e-02
228  3153 -1.11458e+03 2.41723e-03 9.58163e-02
229  3226 -1.13013e+03 2.42070e-03 9.59068e-02
230  3302 -1.12519e+03 2.42271e-03 9.59563e-02
231  3379 -1.13766e+03 2.42341e-03 9.59266e-02
232  3458 -1.13441e+03 2.42424e-03 9.59255e-02
233  3538 -1.13272e+03 2.42316e-03 9.58900e-02
234  3621 -1.12803e+03 2.42225e-03 9.58614e-02
235  3706 -1.12735e+03 2.42237e-03 9.58627e-02
236  3792 -1.14641e+03 2.42245e-03 9.58630e-02
237  3881 -1.12961e+03 2.42253e-03 9.58664e-02
238  3971 -1.13018e+03 2.42294e-03 9.58779e-02
239  4064 -1.11268e+03 2.42302e-03 9.58792e-02
240  4159 -1.12076e+03 2.42282e-03 9.58741e-02
241  4256 -1.14318e+03 2.42228e-03 9.58602e-02
242  4356 -1.11871e+03 2.42201e-03 9.58524e-02
243  4457 -1.12657e+03 2.42210e-03 9.58532e-02
244  4561 -1.12432e+03 2.42186e-03 9.58480e-02
245  4668 -1.13557e+03 2.42195e-03 9.58494e-02
246  4777 -1.14450e+03 2.42213e-03 9.58545e-02
247  4889 -1.13070e+03 2.42188e-03 9.58481e-02
248  5003 -1.13456e+03 2.42184e-03 9.58461e-02
249  5120 -1.14501e+03 2.42166e-03 9.58393e-02
250  5239 -1.13596e+03 2.42156e-03 9.58373e-02
251  5361 -1.13443e+03 2.42141e-03 9.58358e-02
252  5487 -1.10375e+03 2.42168e-03 9.58398e-02
253  5615 -1.13839e+03 2.42162e-03 9.58381e-02
254  5746 -1.11912e+03 2.42177e-03 9.58408e-02
255  5880 -1.13012e+03 2.42195e-03 9.58439e-02
256  6017 -1.12797e+03 2.42191e-03 9.58444e-02
257  6158 -1.13667e+03 2.42148e-03 9.58345e-02
258  6302 -1.13594e+03 2.42142e-03 9.58298e-02
259  6449 -1.11479e+03 2.42135e-03 9.58321e-02
260  6600 -1.14395e+03 2.42121e-03 9.58258e-02
261  6754 -1.12552e+03 2.42103e-03 9.58218e-02
262  6911 -1.12717e+03 2.42092e-03 9.58213e-02
263  7073 -1.14588e+03 2.42074e-03 9.58138e-02
264  7238 -1.11953e+03 2.42037e-03 9.58040e-02
265  7407 -1.13752e+03 2.41999e-03 9.57932e-02
266  7580 -1.12679e+03 2.42003e-03 9.57947e-02
267  7757 -1.12966e+03 2.42009e-03 9.57978e-02
268  7938 -1.12725e+03 2.41993e-03 9.57969e-02
269  8124 -1.11145e+03 2.41957e-03 9.57891e-02
270  8313 -1.13723e+03 2.41909e-03 9.57796e-02
271  8507 -1.13823e+03 2.41888e-03 9.57735e-02
272  8706 -1.14555e+03 2.41895e-03 9.57760e-02
273  8909 -1.13767e+03 2.41873e-03 9.57679e-02
274  9118 -1.12868e+03 2.41871e-03 9.57671e-02
275  9330 -1.14310e+03 2.41870e-03 9.57687e-02
276  9548 -1.13152e+03 2.41923e-03 9.57780e-02
277  9771 -1.12915e+03 2.41911e-03 9.57770e-02
278 10000 -1.12167e+03 2.41942e-03 9.57817e-02
