i, epoch, loss, l2_err, h1_err
  0     1 -9.07415e+01 9.68356e-01 1.22273e+00
  1     2 -1.56727e+02 9.60531e-01 1.28896e+00
  2     3 -2.22574e+02 9.52590e-01 1.36295e+00
  3     4 -2.86168e+02 9.44879e-01 1.43595e+00
  4     5 -3.42395e+02 9.36896e-01 1.49972e+00
  5     6 -4.01158e+02 9.28613e-01 1.55268e+00
  6     7 -4.51706e+02 9.19757e-01 1.59351e+00
  7     8 -5.06409e+02 9.10319e-01 1.62432e+00
  8     9 -5.47645e+02 9.00337e-01 1.64829e+00
  9    10 -5.98914e+02 8.89704e-01 1.66464e+00
 10    11 -6.42791e+02 8.78612e-01 1.67584e+00
 11    12 -6.71520e+02 8.66875e-01 1.68200e+00
 12    13 -7.16775e+02 8.54488e-01 1.68406e+00
 13    14 -7.56551e+02 8.41520e-01 1.68292e+00
 14    15 -7.93176e+02 8.27969e-01 1.67807e+00
 15    16 -8.25391e+02 8.13748e-01 1.66911e+00
 16    17 -8.49269e+02 7.98955e-01 1.65696e+00
 17    18 -8.70744e+02 7.83560e-01 1.64183e+00
 18    19 -9.08151e+02 7.67398e-01 1.62384e+00
 19    20 -9.22783e+02 7.50524e-01 1.60331e+00
 20    21 -9.42135e+02 7.33002e-01 1.57974e+00
 21    22 -9.77488e+02 7.14870e-01 1.55424e+00
 22    23 -9.84437e+02 6.96211e-01 1.52722e+00
 23    24 -9.93661e+02 6.77114e-01 1.49828e+00
 24    25 -1.00783e+03 6.57649e-01 1.46729e+00
 25    26 -1.01471e+03 6.37806e-01 1.43446e+00
 26    27 -1.04013e+03 6.17765e-01 1.40020e+00
 27    28 -1.03408e+03 5.97627e-01 1.36526e+00
 28    29 -1.06527e+03 5.77390e-01 1.32928e+00
 29    30 -1.06096e+03 5.57221e-01 1.29277e+00
 30    31 -1.10333e+03 5.37089e-01 1.25585e+00
 31    32 -1.07348e+03 5.17059e-01 1.21893e+00
 32    33 -1.08862e+03 4.97133e-01 1.18219e+00
 33    34 -1.08611e+03 4.77350e-01 1.14572e+00
 34    35 -1.07947e+03 4.57765e-01 1.10975e+00
 35    36 -1.08578e+03 4.38378e-01 1.07415e+00
 36    37 -1.11029e+03 4.19240e-01 1.03888e+00
 37    38 -1.10385e+03 4.00364e-01 1.00414e+00
 38    39 -1.09817e+03 3.81775e-01 9.70004e-01
 39    40 -1.10899e+03 3.63542e-01 9.36559e-01
 40    41 -1.12503e+03 3.45651e-01 9.03673e-01
 41    42 -1.12725e+03 3.28171e-01 8.71642e-01
 42    43 -1.12554e+03 3.11114e-01 8.40300e-01
 43    44 -1.11924e+03 2.94535e-01 8.09688e-01
 44    45 -1.12940e+03 2.78431e-01 7.79834e-01
 45    46 -1.11824e+03 2.62775e-01 7.50578e-01
 46    47 -1.11044e+03 2.47603e-01 7.21898e-01
 47    48 -1.12962e+03 2.32920e-01 6.93901e-01
 48    49 -1.13397e+03 2.18751e-01 6.66601e-01
 49    50 -1.14370e+03 2.05138e-01 6.40032e-01
 50    51 -1.12776e+03 1.92091e-01 6.14223e-01
 51    53 -1.13204e+03 1.67606e-01 5.64704e-01
 52    54 -1.13562e+03 1.56153e-01 5.41072e-01
 53    55 -1.11897e+03 1.45229e-01 5.18181e-01
 54    56 -1.14639e+03 1.34819e-01 4.96180e-01
 55    58 -1.11956e+03 1.15509e-01 4.54184e-01
 56    59 -1.11818e+03 1.06616e-01 4.34179e-01
 57    60 -1.13685e+03 9.82363e-02 4.14790e-01
 58    62 -1.11169e+03 8.29460e-02 3.77698e-01
 59    63 -1.13303e+03 7.59592e-02 3.59929e-01
 60    65 -1.15375e+03 6.32782e-02 3.26651e-01
 61    66 -1.13908e+03 5.75191e-02 3.10930e-01
 62    68 -1.12117e+03 4.70721e-02 2.81841e-01
 63    69 -1.12925e+03 4.23731e-02 2.68645e-01
 64    71 -1.15110e+03 3.40296e-02 2.45220e-01
 65    73 -1.12187e+03 2.70752e-02 2.25421e-01
 66    74 -1.13645e+03 2.41001e-02 2.16881e-01
 67    76 -1.12820e+03 1.91603e-02 2.02366e-01
 68    78 -1.13114e+03 1.57320e-02 1.91450e-01
 69    80 -1.14129e+03 1.39108e-02 1.84003e-01
 70    82 -1.12826e+03 1.35012e-02 1.79509e-01
 71    84 -1.12510e+03 1.40059e-02 1.77181e-01
 72    86 -1.15150e+03 1.48544e-02 1.75994e-01
 73    88 -1.14397e+03 1.57349e-02 1.75881e-01
 74    90 -1.13114e+03 1.64703e-02 1.76743e-01
 75    92 -1.13249e+03 1.69171e-02 1.77086e-01
 76    94 -1.13085e+03 1.70969e-02 1.76139e-01
 77    96 -1.14105e+03 1.71075e-02 1.75262e-01
 78    98 -1.12034e+03 1.68987e-02 1.74941e-01
 79   101 -1.12898e+03 1.62475e-02 1.75618e-01
 80   103 -1.11591e+03 1.56710e-02 1.76515e-01
 81   105 -1.14807e+03 1.50501e-02 1.76742e-01
 82   108 -1.13496e+03 1.40209e-02 1.74586e-01
 83   110 -1.13412e+03 1.32809e-02 1.73512e-01
 84   113 -1.12942e+03 1.20617e-02 1.71662e-01
 85   116 -1.11129e+03 1.11703e-02 1.71903e-01
 86   118 -1.14356e+03 1.07236e-02 1.71703e-01
 87   121 -1.12091e+03 1.00307e-02 1.69496e-01
 88   124 -1.12781e+03 9.47613e-03 1.67799e-01
 89   127 -1.15605e+03 9.12317e-03 1.68108e-01
 90   130 -1.11969e+03 9.11109e-03 1.71381e-01
 91   133 -1.12780e+03 8.92124e-03 1.70095e-01
 92   136 -1.13133e+03 8.50804e-03 1.66765e-01
 93   139 -1.13181e+03 8.40651e-03 1.68119e-01
 94   143 -1.14180e+03 8.42545e-03 1.69647e-01
 95   146 -1.12582e+03 8.36342e-03 1.68947e-01
 96   149 -1.14264e+03 8.23574e-03 1.66552e-01
 97   153 -1.13596e+03 8.35764e-03 1.67100e-01
 98   156 -1.12534e+03 8.49267e-03 1.68106e-01
 99   160 -1.11506e+03 8.44662e-03 1.68823e-01
100   164 -1.15077e+03 8.25634e-03 1.66976e-01
101   168 -1.12146e+03 8.36369e-03 1.68935e-01
102   172 -1.11258e+03 8.38886e-03 1.69154e-01
103   176 -1.14025e+03 8.24719e-03 1.67108e-01
104   180 -1.14706e+03 8.47805e-03 1.69564e-01
105   184 -1.11333e+03 8.43424e-03 1.67914e-01
106   188 -1.11636e+03 8.29261e-03 1.67002e-01
107   193 -1.14602e+03 8.52767e-03 1.68676e-01
108   197 -1.14545e+03 8.34277e-03 1.67609e-01
109   202 -1.12151e+03 8.50226e-03 1.67507e-01
110   206 -1.13130e+03 8.51834e-03 1.68258e-01
111   211 -1.15664e+03 8.40020e-03 1.66413e-01
112   216 -1.12885e+03 8.56158e-03 1.69302e-01
113   221 -1.11618e+03 8.94402e-03 1.69418e-01
114   226 -1.12298e+03 8.52933e-03 1.66193e-01
115   232 -1.11642e+03 8.34075e-03 1.69281e-01
116   237 -1.15887e+03 8.10498e-03 1.66274e-01
117   243 -1.13202e+03 8.72269e-03 1.71023e-01
118   248 -1.14080e+03 8.72094e-03 1.66925e-01
119   254 -1.12609e+03 8.76891e-03 1.68210e-01
120   260 -1.16151e+03 8.66652e-03 1.69469e-01
121   266 -1.11622e+03 8.41887e-03 1.67959e-01
122   272 -1.13310e+03 8.58840e-03 1.69452e-01
123   279 -1.12752e+03 8.27891e-03 1.66755e-01
124   285 -1.12989e+03 8.57277e-03 1.69801e-01
125   292 -1.13914e+03 8.57278e-03 1.65512e-01
126   299 -1.12882e+03 8.38691e-03 1.68505e-01
127   306 -1.12654e+03 8.32347e-03 1.68599e-01
128   313 -1.13384e+03 8.53173e-03 1.68392e-01
129   320 -1.11860e+03 8.49020e-03 1.67565e-01
130   328 -1.15358e+03 8.72003e-03 1.68593e-01
131   335 -1.11867e+03 8.60170e-03 1.68457e-01
132   343 -1.13944e+03 8.37992e-03 1.67294e-01
133   351 -1.11767e+03 8.46892e-03 1.69241e-01
134   360 -1.13240e+03 8.47801e-03 1.68454e-01
135   368 -1.11625e+03 8.47591e-03 1.68163e-01
136   377 -1.13936e+03 8.33622e-03 1.68852e-01
137   385 -1.14169e+03 8.22101e-03 1.68090e-01
138   394 -1.12433e+03 8.80822e-03 1.69562e-01
139   404 -1.12186e+03 8.71412e-03 1.67962e-01
140   413 -1.14317e+03 8.32257e-03 1.66518e-01
141   423 -1.13425e+03 8.21274e-03 1.67251e-01
142   433 -1.12476e+03 8.29966e-03 1.68011e-01
143   443 -1.12171e+03 8.86854e-03 1.70705e-01
144   453 -1.11625e+03 8.58548e-03 1.68385e-01
145   464 -1.13730e+03 8.50384e-03 1.67715e-01
146   474 -1.12449e+03 8.52525e-03 1.68001e-01
147   486 -1.12692e+03 8.44954e-03 1.68772e-01
148   497 -1.10933e+03 8.60268e-03 1.69819e-01
149   509 -1.12973e+03 8.46203e-03 1.67421e-01
150   520 -1.13266e+03 8.50434e-03 1.65928e-01
151   533 -1.13430e+03 8.30199e-03 1.66779e-01
152   545 -1.12239e+03 8.25479e-03 1.66949e-01
153   558 -1.13600e+03 8.51760e-03 1.67328e-01
154   571 -1.14078e+03 8.56592e-03 1.66940e-01
155   584 -1.14128e+03 8.33535e-03 1.65965e-01
156   598 -1.11203e+03 8.51868e-03 1.69903e-01
157   612 -1.15480e+03 8.40521e-03 1.67584e-01
158   626 -1.11920e+03 8.69290e-03 1.68231e-01
159   641 -1.14085e+03 8.60345e-03 1.67737e-01
160   656 -1.13621e+03 8.41888e-03 1.67107e-01
161   671 -1.11004e+03 8.65301e-03 1.69148e-01
162   687 -1.13684e+03 8.59926e-03 1.70146e-01
163   703 -1.12716e+03 8.58030e-03 1.69140e-01
164   719 -1.12969e+03 8.48813e-03 1.67855e-01
165   736 -1.14585e+03 8.42362e-03 1.67351e-01
166   753 -1.13349e+03 8.38058e-03 1.67109e-01
167   771 -1.13228e+03 8.39545e-03 1.67529e-01
168   789 -1.14022e+03 8.57232e-03 1.68035e-01
169   807 -1.13081e+03 8.34313e-03 1.66027e-01
170   826 -1.12639e+03 8.31769e-03 1.68044e-01
171   845 -1.13566e+03 8.45905e-03 1.67471e-01
172   865 -1.13223e+03 8.45642e-03 1.67247e-01
173   885 -1.13435e+03 8.46203e-03 1.67793e-01
174   906 -1.10771e+03 8.38215e-03 1.68291e-01
175   927 -1.12704e+03 8.33284e-03 1.67742e-01
176   949 -1.15685e+03 8.21344e-03 1.66016e-01
177   971 -1.12588e+03 8.33875e-03 1.67521e-01
178   994 -1.13762e+03 8.31274e-03 1.66752e-01
179  1017 -1.14847e+03 8.44026e-03 1.68187e-01
180  1041 -1.13700e+03 8.37130e-03 1.68680e-01
181  1065 -1.13949e+03 8.44782e-03 1.68063e-01
182  1090 -1.12345e+03 8.40605e-03 1.68416e-01
183  1115 -1.13106e+03 8.35357e-03 1.67484e-01
184  1141 -1.11173e+03 8.45084e-03 1.68827e-01
185  1168 -1.14844e+03 8.39971e-03 1.68559e-01
186  1195 -1.13878e+03 8.26331e-03 1.66564e-01
187  1223 -1.12884e+03 8.28108e-03 1.66486e-01
188  1252 -1.13473e+03 8.30185e-03 1.68107e-01
189  1281 -1.12155e+03 8.21316e-03 1.67060e-01
190  1311 -1.12865e+03 8.32176e-03 1.66534e-01
191  1342 -1.13292e+03 8.36185e-03 1.67361e-01
192  1373 -1.12927e+03 8.35394e-03 1.67583e-01
193  1405 -1.12494e+03 8.38399e-03 1.67720e-01
194  1438 -1.13752e+03 8.36547e-03 1.67154e-01
195  1472 -1.13720e+03 8.36916e-03 1.66959e-01
196  1506 -1.12083e+03 8.39276e-03 1.67483e-01
197  1541 -1.14006e+03 8.38429e-03 1.66852e-01
198  1577 -1.12598e+03 8.35602e-03 1.67057e-01
199  1614 -1.11925e+03 8.44374e-03 1.68119e-01
200  1652 -1.13378e+03 8.33114e-03 1.67227e-01
201  1690 -1.12284e+03 8.29977e-03 1.67251e-01
202  1730 -1.12669e+03 8.23799e-03 1.66405e-01
203  1770 -1.12221e+03 8.31650e-03 1.67166e-01
204  1811 -1.12618e+03 8.34542e-03 1.67664e-01
205  1854 -1.12836e+03 8.31300e-03 1.67121e-01
206  1897 -1.13520e+03 8.40842e-03 1.67929e-01
207  1941 -1.12225e+03 8.38414e-03 1.67514e-01
208  1987 -1.12364e+03 8.35334e-03 1.67419e-01
209  2033 -1.14194e+03 8.28836e-03 1.66843e-01
210  2081 -1.13154e+03 8.24266e-03 1.66730e-01
211  2129 -1.11751e+03 8.27522e-03 1.67237e-01
212  2179 -1.14564e+03 8.27595e-03 1.67190e-01
213  2230 -1.13103e+03 8.25029e-03 1.66854e-01
214  2282 -1.12455e+03 8.27446e-03 1.67206e-01
215  2335 -1.12876e+03 8.28076e-03 1.67223e-01
216  2390 -1.13876e+03 8.28799e-03 1.67145e-01
217  2446 -1.14970e+03 8.28879e-03 1.67187e-01
218  2503 -1.13345e+03 8.29586e-03 1.67251e-01
219  2561 -1.12765e+03 8.30253e-03 1.67307e-01
220  2621 -1.12863e+03 8.30266e-03 1.67258e-01
221  2682 -1.14468e+03 8.31212e-03 1.67310e-01
222  2745 -1.12202e+03 8.31129e-03 1.67231e-01
223  2809 -1.14330e+03 8.32481e-03 1.67411e-01
224  2875 -1.11768e+03 8.31943e-03 1.67325e-01
225  2942 -1.15473e+03 8.31740e-03 1.67321e-01
226  3010 -1.11020e+03 8.31329e-03 1.67289e-01
227  3081 -1.12208e+03 8.30891e-03 1.67233e-01
228  3153 -1.13446e+03 8.31403e-03 1.67289e-01
229  3226 -1.13335e+03 8.30963e-03 1.67235e-01
230  3302 -1.15356e+03 8.31244e-03 1.67267e-01
231  3379 -1.12281e+03 8.31275e-03 1.67266e-01
232  3458 -1.13707e+03 8.31270e-03 1.67262e-01
233  3538 -1.10535e+03 8.31263e-03 1.67261e-01
234  3621 -1.14011e+03 8.31404e-03 1.67275e-01
235  3706 -1.13247e+03 8.31382e-03 1.67272e-01
236  3792 -1.13326e+03 8.31338e-03 1.67265e-01
237  3881 -1.13272e+03 8.31363e-03 1.67270e-01
238  3971 -1.10921e+03 8.31363e-03 1.67268e-01
239  4064 -1.12835e+03 8.31365e-03 1.67267e-01
240  4159 -1.12276e+03 8.31376e-03 1.67269e-01
241  4256 -1.14295e+03 8.31301e-03 1.67261e-01
242  4356 -1.13272e+03 8.31300e-03 1.67262e-01
243  4457 -1.13315e+03 8.31326e-03 1.67263e-01
244  4561 -1.14279e+03 8.31386e-03 1.67271e-01
245  4668 -1.14497e+03 8.31461e-03 1.67280e-01
246  4777 -1.12244e+03 8.31481e-03 1.67282e-01
247  4889 -1.14207e+03 8.31457e-03 1.67278e-01
248  5003 -1.11877e+03 8.31473e-03 1.67279e-01
249  5120 -1.14264e+03 8.31488e-03 1.67280e-01
250  5239 -1.12395e+03 8.31429e-03 1.67273e-01
251  5361 -1.14465e+03 8.31494e-03 1.67280e-01
252  5487 -1.11999e+03 8.31442e-03 1.67274e-01
253  5615 -1.12184e+03 8.31496e-03 1.67279e-01
254  5746 -1.11877e+03 8.31568e-03 1.67288e-01
255  5880 -1.14889e+03 8.31656e-03 1.67293e-01
256  6017 -1.12015e+03 8.31606e-03 1.67289e-01
257  6158 -1.10984e+03 8.31621e-03 1.67291e-01
258  6302 -1.12408e+03 8.31650e-03 1.67294e-01
259  6449 -1.12974e+03 8.31616e-03 1.67290e-01
260  6600 -1.12744e+03 8.31495e-03 1.67278e-01
261  6754 -1.12181e+03 8.31558e-03 1.67282e-01
262  6911 -1.13337e+03 8.31541e-03 1.67278e-01
263  7073 -1.13247e+03 8.31593e-03 1.67280e-01
264  7238 -1.12446e+03 8.31631e-03 1.67285e-01
265  7407 -1.12457e+03 8.31662e-03 1.67286e-01
266  7580 -1.12647e+03 8.31606e-03 1.67281e-01
267  7757 -1.11508e+03 8.31596e-03 1.67281e-01
268  7938 -1.13080e+03 8.31652e-03 1.67285e-01
269  8124 -1.13399e+03 8.31642e-03 1.67281e-01
270  8313 -1.13952e+03 8.31575e-03 1.67270e-01
271  8507 -1.14443e+03 8.31515e-03 1.67263e-01
272  8706 -1.14191e+03 8.31576e-03 1.67272e-01
273  8909 -1.12990e+03 8.31628e-03 1.67277e-01
274  9118 -1.10879e+03 8.31610e-03 1.67278e-01
275  9330 -1.12446e+03 8.31652e-03 1.67278e-01
276  9548 -1.13721e+03 8.31493e-03 1.67265e-01
277  9771 -1.10976e+03 8.31544e-03 1.67265e-01
278 10000 -1.10949e+03 8.31647e-03 1.67271e-01
