i, epoch, loss, l2_err, h1_err
  0     1 -7.90522e+00 9.87324e-01 2.39682e+00
  1     2 -1.97175e+01 9.77346e-01 2.63043e+00
  2     3 -2.97346e+01 9.68927e-01 2.91308e+00
  3     4 -3.54495e+01 9.61244e-01 3.14286e+00
  4     5 -3.87181e+01 9.53577e-01 3.30267e+00
  5     6 -4.25076e+01 9.45485e-01 3.40757e+00
  6     7 -4.49541e+01 9.36904e-01 3.45402e+00
  7     8 -4.70143e+01 9.28029e-01 3.44880e+00
  8     9 -5.27650e+01 9.18857e-01 3.40451e+00
  9    10 -5.02849e+01 9.09352e-01 3.32802e+00
 10    11 -5.00271e+01 8.99801e-01 3.22922e+00
 11    12 -5.61865e+01 8.90396e-01 3.12176e+00
 12    13 -5.63093e+01 8.81377e-01 3.00708e+00
 13    14 -5.83452e+01 8.72820e-01 2.88775e+00
 14    15 -5.99694e+01 8.64649e-01 2.76939e+00
 15    16 -6.02968e+01 8.56808e-01 2.65528e+00
 16    17 -6.12969e+01 8.49252e-01 2.54955e+00
 17    18 -6.13257e+01 8.41892e-01 2.45032e+00
 18    19 -6.76719e+01 8.34558e-01 2.35796e+00
 19    20 -6.49864e+01 8.27216e-01 2.27398e+00
 20    21 -6.44492e+01 8.19637e-01 2.19543e+00
 21    22 -6.55413e+01 8.11844e-01 2.12338e+00
 22    23 -6.86397e+01 8.03809e-01 2.05805e+00
 23    24 -6.80877e+01 7.95571e-01 1.99974e+00
 24    25 -6.80806e+01 7.87175e-01 1.94774e+00
 25    26 -6.55216e+01 7.78708e-01 1.90013e+00
 26    27 -6.49894e+01 7.70104e-01 1.85461e+00
 27    28 -6.74753e+01 7.61319e-01 1.81088e+00
 28    29 -7.01933e+01 7.52360e-01 1.76926e+00
 29    30 -7.16594e+01 7.43245e-01 1.73045e+00
 30    31 -6.83663e+01 7.33987e-01 1.69304e+00
 31    32 -6.62322e+01 7.24552e-01 1.65574e+00
 32    33 -7.08632e+01 7.14987e-01 1.61989e+00
 33    34 -6.96786e+01 7.05207e-01 1.58478e+00
 34    35 -6.65869e+01 6.95385e-01 1.55090e+00
 35    36 -6.94430e+01 6.85511e-01 1.51843e+00
 36    37 -7.16164e+01 6.75576e-01 1.48759e+00
 37    38 -6.90481e+01 6.65644e-01 1.45767e+00
 38    39 -7.05599e+01 6.55691e-01 1.42774e+00
 39    40 -7.31945e+01 6.45730e-01 1.39737e+00
 40    41 -7.33800e+01 6.35786e-01 1.36658e+00
 41    42 -7.26756e+01 6.25890e-01 1.33552e+00
 42    43 -7.05245e+01 6.15926e-01 1.30443e+00
 43    44 -7.14077e+01 6.05859e-01 1.27288e+00
 44    45 -7.06878e+01 5.95659e-01 1.24129e+00
 45    46 -7.22504e+01 5.85416e-01 1.21145e+00
 46    47 -7.08457e+01 5.75168e-01 1.18217e+00
 47    48 -7.25521e+01 5.64923e-01 1.15253e+00
 48    49 -7.28712e+01 5.54755e-01 1.12211e+00
 49    50 -7.43039e+01 5.44683e-01 1.09185e+00
 50    51 -7.07432e+01 5.34695e-01 1.06213e+00
 51    53 -7.17962e+01 5.14935e-01 1.00830e+00
 52    54 -6.87200e+01 5.05157e-01 9.82773e-01
 53    55 -7.28932e+01 4.95465e-01 9.56438e-01
 54    56 -7.42709e+01 4.85896e-01 9.29294e-01
 55    58 -7.08496e+01 4.66972e-01 8.75969e-01
 56    59 -7.23254e+01 4.57703e-01 8.50829e-01
 57    60 -7.01135e+01 4.48609e-01 8.27290e-01
 58    62 -6.99814e+01 4.30722e-01 7.82785e-01
 59    63 -7.29020e+01 4.21922e-01 7.60470e-01
 60    65 -7.23245e+01 4.04857e-01 7.22420e-01
 61    66 -7.49025e+01 3.96578e-01 7.04625e-01
 62    68 -7.48276e+01 3.80289e-01 6.67432e-01
 63    69 -7.42159e+01 3.72321e-01 6.50006e-01
 64    71 -7.32332e+01 3.56973e-01 6.18041e-01
 65    73 -7.43790e+01 3.42500e-01 5.86513e-01
 66    74 -7.20652e+01 3.35509e-01 5.69286e-01
 67    76 -7.47353e+01 3.21708e-01 5.42073e-01
 68    78 -7.45966e+01 3.07836e-01 5.14261e-01
 69    80 -7.27617e+01 2.94338e-01 4.90518e-01
 70    82 -7.11113e+01 2.81389e-01 4.66074e-01
 71    84 -7.22387e+01 2.69012e-01 4.49875e-01
 72    86 -7.14049e+01 2.56805e-01 4.27088e-01
 73    88 -7.15661e+01 2.44656e-01 4.09319e-01
 74    90 -7.03579e+01 2.33008e-01 3.86531e-01
 75    92 -7.38077e+01 2.21921e-01 3.73283e-01
 76    94 -6.97960e+01 2.11080e-01 3.50668e-01
 77    96 -7.34190e+01 2.00860e-01 3.40357e-01
 78    98 -7.61129e+01 1.91023e-01 3.22126e-01
 79   101 -6.79783e+01 1.76393e-01 2.98465e-01
 80   103 -7.20466e+01 1.66883e-01 2.87260e-01
 81   105 -7.57529e+01 1.58434e-01 2.76218e-01
 82   108 -7.31777e+01 1.46020e-01 2.67907e-01
 83   110 -7.79151e+01 1.37735e-01 2.52093e-01
 84   113 -7.49787e+01 1.26673e-01 2.46227e-01
 85   116 -7.60764e+01 1.16190e-01 2.30348e-01
 86   118 -7.52614e+01 1.09338e-01 2.22095e-01
 87   121 -7.36023e+01 1.00024e-01 2.17659e-01
 88   124 -7.42152e+01 9.10116e-02 2.04949e-01
 89   127 -7.35053e+01 8.32398e-02 2.05176e-01
 90   130 -7.40645e+01 7.55594e-02 1.93351e-01
 91   133 -7.31072e+01 6.86280e-02 1.79904e-01
 92   136 -7.51114e+01 6.25967e-02 1.94022e-01
 93   139 -7.47172e+01 5.63250e-02 1.88812e-01
 94   143 -7.44069e+01 4.91946e-02 1.79668e-01
 95   146 -7.28141e+01 4.45439e-02 1.72977e-01
 96   149 -7.42516e+01 4.04715e-02 1.83381e-01
 97   153 -6.91046e+01 3.50621e-02 1.85540e-01
 98   156 -7.04184e+01 3.15811e-02 1.83119e-01
 99   160 -7.32173e+01 2.71400e-02 1.82649e-01
100   164 -7.26160e+01 2.39005e-02 1.70958e-01
101   168 -7.22276e+01 2.11184e-02 1.83400e-01
102   172 -7.16642e+01 1.93070e-02 1.84007e-01
103   176 -7.39783e+01 1.74454e-02 1.85378e-01
104   180 -7.23365e+01 1.62443e-02 1.77151e-01
105   184 -7.32329e+01 1.43285e-02 1.69130e-01
106   188 -7.22508e+01 1.34068e-02 1.61036e-01
107   193 -7.27160e+01 1.27795e-02 1.74816e-01
108   197 -7.33252e+01 1.20499e-02 1.68185e-01
109   202 -7.70853e+01 1.15536e-02 1.76436e-01
110   206 -7.43410e+01 1.11462e-02 1.76740e-01
111   211 -7.16136e+01 1.08447e-02 1.67487e-01
112   216 -7.19158e+01 1.11313e-02 1.77017e-01
113   221 -7.42717e+01 1.07659e-02 1.78587e-01
114   226 -7.49614e+01 1.15279e-02 1.89692e-01
115   232 -7.36453e+01 1.12951e-02 1.76394e-01
116   237 -7.13938e+01 1.18273e-02 1.83506e-01
117   243 -7.61486e+01 1.19660e-02 1.94838e-01
118   248 -7.59336e+01 1.22785e-02 1.89681e-01
119   254 -6.87339e+01 1.19932e-02 1.95698e-01
120   260 -7.18468e+01 1.17203e-02 1.83267e-01
121   266 -7.13991e+01 1.28391e-02 1.99358e-01
122   272 -7.22290e+01 1.24087e-02 1.99565e-01
123   279 -7.22628e+01 1.26096e-02 2.03020e-01
124   285 -7.35543e+01 1.22532e-02 1.92643e-01
125   292 -7.34332e+01 1.21734e-02 1.97170e-01
126   299 -7.32768e+01 1.24693e-02 1.92281e-01
127   306 -7.50728e+01 1.22153e-02 1.90714e-01
128   313 -7.61812e+01 1.16386e-02 1.86076e-01
129   320 -6.99841e+01 1.26323e-02 1.95653e-01
130   328 -7.37385e+01 1.20634e-02 1.92361e-01
131   335 -7.26232e+01 1.25544e-02 1.96194e-01
132   343 -7.33409e+01 1.22274e-02 1.87904e-01
133   351 -7.54331e+01 1.24707e-02 2.06677e-01
134   360 -7.34417e+01 9.38698e-03 1.46245e-01
135   368 -6.94714e+01 8.77310e-03 1.37499e-01
136   377 -7.75083e+01 8.18569e-03 1.22811e-01
137   385 -7.09851e+01 8.52382e-03 1.35941e-01
138   394 -7.15328e+01 7.95391e-03 1.27565e-01
139   404 -7.59012e+01 8.08041e-03 1.25535e-01
140   413 -7.36845e+01 8.37369e-03 1.28753e-01
141   423 -7.27869e+01 8.64908e-03 1.35445e-01
142   433 -7.32399e+01 7.93656e-03 1.27733e-01
143   443 -7.24181e+01 7.98627e-03 1.26030e-01
144   453 -7.17153e+01 8.79561e-03 1.40348e-01
145   464 -7.45635e+01 8.20495e-03 1.35446e-01
146   474 -7.20270e+01 8.40108e-03 1.39942e-01
147   486 -7.00160e+01 7.95224e-03 1.34205e-01
148   497 -7.30034e+01 9.08924e-03 1.48314e-01
149   509 -7.45407e+01 8.01238e-03 1.25092e-01
150   520 -7.28783e+01 9.02509e-03 1.43859e-01
151   533 -7.60708e+01 9.07473e-03 1.47810e-01
152   545 -7.53512e+01 9.17149e-03 1.46580e-01
153   558 -7.55229e+01 8.96026e-03 1.37131e-01
154   571 -7.44802e+01 7.36071e-03 1.15935e-01
155   584 -7.55072e+01 6.61222e-03 9.86098e-02
156   598 -7.52530e+01 6.42286e-03 1.03453e-01
157   612 -7.40536e+01 6.34691e-03 1.06052e-01
158   626 -7.49210e+01 6.29921e-03 1.02456e-01
159   641 -7.30624e+01 6.42712e-03 1.01355e-01
160   656 -7.44843e+01 6.57358e-03 1.03511e-01
161   671 -7.39215e+01 5.74208e-03 9.28915e-02
162   687 -7.28948e+01 6.41614e-03 1.00929e-01
163   703 -7.76804e+01 5.93210e-03 9.45272e-02
164   719 -7.03190e+01 6.37350e-03 9.72650e-02
165   736 -7.27111e+01 6.49072e-03 9.92848e-02
166   753 -7.45186e+01 6.31696e-03 1.00400e-01
167   771 -7.44813e+01 5.22527e-03 7.91920e-02
168   789 -7.40709e+01 4.75102e-03 7.28431e-02
169   807 -7.12866e+01 4.47447e-03 7.04006e-02
170   826 -7.42197e+01 5.05331e-03 7.75149e-02
171   845 -7.68274e+01 4.44609e-03 6.85066e-02
172   865 -7.58676e+01 4.77222e-03 7.44285e-02
173   885 -7.32045e+01 4.68126e-03 7.58107e-02
174   906 -7.20687e+01 4.50690e-03 7.56229e-02
175   927 -7.16264e+01 4.92497e-03 8.02291e-02
176   949 -7.29990e+01 4.88792e-03 7.89932e-02
177   971 -7.51995e+01 4.11827e-03 6.50782e-02
178   994 -7.46914e+01 3.32266e-03 5.47324e-02
179  1017 -7.26004e+01 3.65260e-03 5.82730e-02
180  1041 -7.54787e+01 3.05432e-03 5.00135e-02
181  1065 -6.96775e+01 3.38658e-03 5.52784e-02
182  1090 -7.37031e+01 3.38716e-03 5.34823e-02
183  1115 -7.38713e+01 3.56804e-03 5.62279e-02
184  1141 -7.66351e+01 3.31277e-03 5.50892e-02
185  1168 -6.93034e+01 3.62290e-03 5.63706e-02
186  1195 -6.76806e+01 2.83572e-03 4.48279e-02
187  1223 -7.36335e+01 2.49037e-03 4.05919e-02
188  1252 -7.03632e+01 2.42003e-03 4.02046e-02
189  1281 -7.34860e+01 2.66783e-03 4.18570e-02
190  1311 -7.32121e+01 2.37154e-03 3.82838e-02
191  1342 -7.59407e+01 2.55990e-03 4.17679e-02
192  1373 -7.46707e+01 2.43455e-03 3.91652e-02
193  1405 -7.45933e+01 1.87771e-03 2.98057e-02
194  1438 -7.47874e+01 1.75639e-03 2.85971e-02
195  1472 -7.12191e+01 1.76438e-03 2.82276e-02
196  1506 -7.51652e+01 1.77269e-03 3.05127e-02
197  1541 -7.29862e+01 1.83975e-03 3.04010e-02
198  1577 -7.13002e+01 1.64785e-03 2.77722e-02
199  1614 -7.62580e+01 1.33475e-03 2.24614e-02
200  1652 -7.42046e+01 1.23265e-03 1.99343e-02
201  1690 -7.11393e+01 1.37851e-03 2.22290e-02
202  1730 -7.34504e+01 1.41478e-03 2.17454e-02
203  1770 -7.51933e+01 1.31843e-03 2.08636e-02
204  1811 -7.04090e+01 1.02151e-03 1.62146e-02
205  1854 -7.33786e+01 9.88002e-04 1.60924e-02
206  1897 -7.61698e+01 9.91035e-04 1.61111e-02
207  1941 -7.35234e+01 1.09921e-03 1.78830e-02
208  1987 -7.24255e+01 9.97747e-04 1.56730e-02
209  2033 -7.31464e+01 1.04811e-03 1.62348e-02
210  2081 -6.76649e+01 9.96672e-04 1.63375e-02
211  2129 -7.12953e+01 1.05919e-03 1.78951e-02
212  2179 -7.48503e+01 8.22964e-04 1.32249e-02
213  2230 -7.35094e+01 7.31673e-04 1.20503e-02
214  2282 -7.38389e+01 7.19264e-04 1.12160e-02
215  2335 -7.24309e+01 7.23303e-04 1.15594e-02
216  2390 -7.12684e+01 5.87507e-04 8.68250e-03
217  2446 -7.28868e+01 6.05901e-04 9.22729e-03
218  2503 -7.27110e+01 5.70011e-04 9.09990e-03
219  2561 -7.36383e+01 5.68523e-04 9.06434e-03
220  2621 -7.39226e+01 5.11241e-04 8.06966e-03
221  2682 -7.41297e+01 4.79390e-04 7.44884e-03
222  2745 -7.43601e+01 4.47181e-04 6.92148e-03
223  2809 -7.27237e+01 4.60612e-04 6.91914e-03
224  2875 -7.16905e+01 4.63133e-04 7.10217e-03
225  2942 -7.37028e+01 4.38220e-04 6.66462e-03
226  3010 -7.16163e+01 4.13519e-04 6.41821e-03
227  3081 -7.36426e+01 4.04890e-04 6.19367e-03
228  3153 -7.31773e+01 3.89529e-04 5.92559e-03
229  3226 -7.50943e+01 3.86036e-04 5.85954e-03
230  3302 -7.66875e+01 3.70857e-04 5.57336e-03
231  3379 -7.07588e+01 3.67617e-04 5.48409e-03
232  3458 -7.26533e+01 3.57241e-04 5.27463e-03
233  3538 -7.23841e+01 3.50221e-04 5.16164e-03
234  3621 -6.86212e+01 3.42137e-04 5.00712e-03
235  3706 -7.26125e+01 3.37629e-04 4.92176e-03
236  3792 -7.26130e+01 3.34070e-04 4.84441e-03
237  3881 -7.24302e+01 3.30668e-04 4.77944e-03
238  3971 -7.20856e+01 3.27977e-04 4.72540e-03
239  4064 -7.43264e+01 3.26214e-04 4.68415e-03
240  4159 -7.46277e+01 3.23085e-04 4.61634e-03
241  4256 -7.21084e+01 3.20409e-04 4.57249e-03
242  4356 -7.36000e+01 3.17175e-04 4.50480e-03
243  4457 -7.12074e+01 3.13919e-04 4.44674e-03
244  4561 -7.47385e+01 3.11685e-04 4.40465e-03
245  4668 -7.50233e+01 3.08635e-04 4.33974e-03
246  4777 -7.35638e+01 3.05365e-04 4.28000e-03
247  4889 -7.11821e+01 3.03268e-04 4.23870e-03
248  5003 -7.59781e+01 3.01383e-04 4.19828e-03
249  5120 -7.25886e+01 2.99095e-04 4.14826e-03
250  5239 -7.27539e+01 2.96481e-04 4.09205e-03
251  5361 -7.32768e+01 2.94630e-04 4.05936e-03
252  5487 -6.99975e+01 2.93591e-04 4.03877e-03
253  5615 -7.72810e+01 2.90811e-04 3.97490e-03
254  5746 -6.97668e+01 2.87492e-04 3.91008e-03
255  5880 -7.53294e+01 2.85420e-04 3.86390e-03
256  6017 -7.43261e+01 2.81939e-04 3.79357e-03
257  6158 -7.61721e+01 2.79370e-04 3.73268e-03
258  6302 -7.38395e+01 2.76762e-04 3.68067e-03
259  6449 -7.39294e+01 2.74566e-04 3.65103e-03
260  6600 -7.36326e+01 2.70956e-04 3.58380e-03
261  6754 -7.01220e+01 2.67990e-04 3.53179e-03
262  6911 -7.59344e+01 2.65173e-04 3.49191e-03
263  7073 -7.58286e+01 2.60890e-04 3.41065e-03
264  7238 -7.00609e+01 2.60013e-04 3.39208e-03
265  7407 -7.15345e+01 2.57480e-04 3.33697e-03
266  7580 -7.60186e+01 2.54390e-04 3.29028e-03
267  7757 -7.38990e+01 2.52929e-04 3.27572e-03
268  7938 -7.23771e+01 2.49582e-04 3.22727e-03
269  8124 -7.52843e+01 2.45728e-04 3.15481e-03
270  8313 -6.88764e+01 2.43792e-04 3.12419e-03
271  8507 -7.51483e+01 2.39747e-04 3.06940e-03
272  8706 -7.24362e+01 2.36201e-04 3.00464e-03
273  8909 -7.03998e+01 2.34590e-04 2.95813e-03
274  9118 -7.06496e+01 2.34519e-04 2.96831e-03
275  9330 -7.05867e+01 2.30988e-04 2.89158e-03
276  9548 -7.17490e+01 2.30000e-04 2.85743e-03
277  9771 -6.96453e+01 2.29261e-04 2.83947e-03
278 10000 -7.20407e+01 2.26127e-04 2.78672e-03
