i, epoch, loss, l2_err, h1_err
  0     1 -6.65168e+01 1.00086e+00 1.24829e+00
  1     2 -1.38770e+02 9.97486e-01 1.28734e+00
  2     3 -2.02379e+02 9.93719e-01 1.34927e+00
  3     4 -2.61916e+02 9.89492e-01 1.41536e+00
  4     5 -3.19990e+02 9.84567e-01 1.47531e+00
  5     6 -3.84354e+02 9.78992e-01 1.52702e+00
  6     7 -4.39805e+02 9.72554e-01 1.56779e+00
  7     8 -4.83719e+02 9.65505e-01 1.60025e+00
  8     9 -5.37029e+02 9.57839e-01 1.62550e+00
  9    10 -5.83113e+02 9.49494e-01 1.64557e+00
 10    11 -6.30554e+02 9.40494e-01 1.66190e+00
 11    12 -6.70495e+02 9.30863e-01 1.67497e+00
 12    13 -6.97306e+02 9.20624e-01 1.68537e+00
 13    14 -7.46141e+02 9.09848e-01 1.69263e+00
 14    15 -7.78369e+02 8.98505e-01 1.69688e+00
 15    16 -8.09166e+02 8.86631e-01 1.69971e+00
 16    17 -8.37500e+02 8.74280e-01 1.70036e+00
 17    18 -8.63692e+02 8.61368e-01 1.69842e+00
 18    19 -8.93293e+02 8.47953e-01 1.69449e+00
 19    20 -9.11702e+02 8.34088e-01 1.68796e+00
 20    21 -9.33348e+02 8.19800e-01 1.67920e+00
 21    22 -9.56889e+02 8.05130e-01 1.66831e+00
 22    23 -9.70131e+02 7.90063e-01 1.65572e+00
 23    24 -9.89437e+02 7.74587e-01 1.64141e+00
 24    25 -1.01701e+03 7.58816e-01 1.62592e+00
 25    26 -9.98491e+02 7.42736e-01 1.60934e+00
 26    27 -1.02572e+03 7.26366e-01 1.59129e+00
 27    28 -1.02538e+03 7.09730e-01 1.57186e+00
 28    29 -1.04076e+03 6.92766e-01 1.55051e+00
 29    30 -1.05802e+03 6.75506e-01 1.52747e+00
 30    31 -1.05724e+03 6.57991e-01 1.50275e+00
 31    32 -1.07552e+03 6.40318e-01 1.47649e+00
 32    33 -1.07440e+03 6.22565e-01 1.44906e+00
 33    34 -1.08032e+03 6.04717e-01 1.42046e+00
 34    35 -1.09599e+03 5.86793e-01 1.39048e+00
 35    36 -1.09763e+03 5.68733e-01 1.35915e+00
 36    37 -1.10382e+03 5.50620e-01 1.32677e+00
 37    38 -1.11825e+03 5.32538e-01 1.29376e+00
 38    39 -1.09850e+03 5.14496e-01 1.26026e+00
 39    40 -1.11252e+03 4.96525e-01 1.22630e+00
 40    41 -1.10379e+03 4.78620e-01 1.19195e+00
 41    42 -1.12095e+03 4.60817e-01 1.15744e+00
 42    43 -1.10647e+03 4.43164e-01 1.12278e+00
 43    44 -1.11879e+03 4.25746e-01 1.08793e+00
 44    45 -1.12126e+03 4.08621e-01 1.05317e+00
 45    46 -1.11367e+03 3.91720e-01 1.01824e+00
 46    47 -1.12672e+03 3.75124e-01 9.83534e-01
 47    48 -1.11851e+03 3.58862e-01 9.49190e-01
 48    49 -1.10021e+03 3.42866e-01 9.15282e-01
 49    50 -1.12734e+03 3.27153e-01 8.81352e-01
 50    51 -1.11865e+03 3.11739e-01 8.47410e-01
 51    53 -1.12405e+03 2.81856e-01 7.80030e-01
 52    54 -1.11350e+03 2.67364e-01 7.47309e-01
 53    55 -1.14849e+03 2.53213e-01 7.15226e-01
 54    56 -1.12569e+03 2.39405e-01 6.83684e-01
 55    58 -1.13634e+03 2.12976e-01 6.22467e-01
 56    59 -1.13369e+03 2.00353e-01 5.92498e-01
 57    60 -1.14487e+03 1.88124e-01 5.63264e-01
 58    62 -1.12547e+03 1.64876e-01 5.07505e-01
 59    63 -1.11812e+03 1.53894e-01 4.81178e-01
 60    65 -1.12637e+03 1.33216e-01 4.31267e-01
 61    66 -1.12076e+03 1.23524e-01 4.07577e-01
 62    68 -1.15776e+03 1.05473e-01 3.63630e-01
 63    69 -1.12745e+03 9.70955e-02 3.43545e-01
 64    71 -1.12321e+03 8.16843e-02 3.06702e-01
 65    73 -1.10509e+03 6.79453e-02 2.73195e-01
 66    74 -1.13724e+03 6.17139e-02 2.58282e-01
 67    76 -1.13946e+03 5.05129e-02 2.32304e-01
 68    78 -1.12201e+03 4.09172e-02 2.10788e-01
 69    80 -1.11657e+03 3.28350e-02 1.92601e-01
 70    82 -1.11788e+03 2.60969e-02 1.77459e-01
 71    84 -1.11993e+03 2.06331e-02 1.65479e-01
 72    86 -1.12363e+03 1.63690e-02 1.56073e-01
 73    88 -1.13955e+03 1.31378e-02 1.48337e-01
 74    90 -1.13194e+03 1.08626e-02 1.42642e-01
 75    92 -1.12749e+03 9.38141e-03 1.38123e-01
 76    94 -1.12289e+03 8.52727e-03 1.35032e-01
 77    96 -1.14847e+03 8.12062e-03 1.33108e-01
 78    98 -1.11718e+03 7.96143e-03 1.31788e-01
 79   101 -1.13773e+03 7.84276e-03 1.31519e-01
 80   103 -1.12157e+03 7.79706e-03 1.32213e-01
 81   105 -1.14860e+03 7.64140e-03 1.32436e-01
 82   108 -1.11955e+03 7.36559e-03 1.32502e-01
 83   110 -1.12824e+03 7.15255e-03 1.32680e-01
 84   113 -1.12467e+03 6.79228e-03 1.32721e-01
 85   116 -1.12205e+03 6.45775e-03 1.32285e-01
 86   118 -1.14122e+03 6.26523e-03 1.31445e-01
 87   121 -1.13181e+03 5.92841e-03 1.31439e-01
 88   124 -1.12607e+03 5.54331e-03 1.31789e-01
 89   127 -1.14703e+03 5.30901e-03 1.32302e-01
 90   130 -1.11726e+03 5.10163e-03 1.32910e-01
 91   133 -1.12829e+03 4.87740e-03 1.32782e-01
 92   136 -1.14755e+03 4.56444e-03 1.31535e-01
 93   139 -1.12760e+03 4.29524e-03 1.30368e-01
 94   143 -1.14619e+03 4.01289e-03 1.29392e-01
 95   146 -1.12431e+03 3.94220e-03 1.29401e-01
 96   149 -1.13427e+03 4.01196e-03 1.28976e-01
 97   153 -1.14175e+03 3.89002e-03 1.28656e-01
 98   156 -1.15403e+03 3.91701e-03 1.30122e-01
 99   160 -1.11021e+03 3.83950e-03 1.29997e-01
100   164 -1.12821e+03 3.81673e-03 1.31016e-01
101   168 -1.13069e+03 3.76215e-03 1.31642e-01
102   172 -1.13787e+03 3.62250e-03 1.30341e-01
103   176 -1.12848e+03 3.49380e-03 1.28897e-01
104   180 -1.12293e+03 3.61366e-03 1.29941e-01
105   184 -1.12026e+03 3.84168e-03 1.31220e-01
106   188 -1.10871e+03 3.58879e-03 1.30910e-01
107   193 -1.11577e+03 3.47850e-03 1.29059e-01
108   197 -1.11425e+03 3.30162e-03 1.27599e-01
109   202 -1.14422e+03 3.32924e-03 1.27620e-01
110   206 -1.12100e+03 3.46889e-03 1.28708e-01
111   211 -1.12967e+03 3.57442e-03 1.30852e-01
112   216 -1.13400e+03 3.78737e-03 1.30629e-01
113   221 -1.14427e+03 3.71996e-03 1.31266e-01
114   226 -1.13602e+03 3.84600e-03 1.35875e-01
115   232 -1.13439e+03 3.83342e-03 1.31976e-01
116   237 -1.14866e+03 3.60421e-03 1.28802e-01
117   243 -1.13555e+03 3.51804e-03 1.30180e-01
118   248 -1.11188e+03 3.69729e-03 1.31587e-01
119   254 -1.13652e+03 4.08222e-03 1.33818e-01
120   260 -1.13480e+03 4.02853e-03 1.34188e-01
121   266 -1.13271e+03 3.85615e-03 1.31262e-01
122   272 -1.13528e+03 3.65636e-03 1.29616e-01
123   279 -1.12641e+03 3.68940e-03 1.30259e-01
124   285 -1.14232e+03 3.47544e-03 1.29048e-01
125   292 -1.12748e+03 3.37056e-03 1.28427e-01
126   299 -1.13357e+03 3.47836e-03 1.28935e-01
127   306 -1.13475e+03 3.50567e-03 1.29098e-01
128   313 -1.11857e+03 3.46165e-03 1.28283e-01
129   320 -1.11501e+03 3.61015e-03 1.31513e-01
130   328 -1.13017e+03 3.49184e-03 1.29709e-01
131   335 -1.12056e+03 3.52017e-03 1.28832e-01
132   343 -1.11698e+03 3.39249e-03 1.26915e-01
133   351 -1.13855e+03 3.24635e-03 1.25611e-01
134   360 -1.12512e+03 3.24141e-03 1.27076e-01
135   368 -1.12948e+03 3.63610e-03 1.30755e-01
136   377 -1.12786e+03 3.67250e-03 1.32112e-01
137   385 -1.12844e+03 3.61543e-03 1.30532e-01
138   394 -1.12175e+03 3.54303e-03 1.29335e-01
139   404 -1.12626e+03 3.42024e-03 1.28709e-01
140   413 -1.13905e+03 3.40907e-03 1.28681e-01
141   423 -1.12593e+03 3.41306e-03 1.28176e-01
142   433 -1.10763e+03 3.64996e-03 1.32596e-01
143   443 -1.14208e+03 3.80649e-03 1.31567e-01
144   453 -1.13790e+03 3.51158e-03 1.26685e-01
145   464 -1.12964e+03 3.57662e-03 1.28020e-01
146   474 -1.12153e+03 3.46883e-03 1.27306e-01
147   486 -1.14658e+03 3.23473e-03 1.27953e-01
148   497 -1.13942e+03 3.59003e-03 1.29094e-01
149   509 -1.15051e+03 3.94014e-03 1.31238e-01
150   520 -1.13888e+03 3.39464e-03 1.26645e-01
151   533 -1.12520e+03 3.35109e-03 1.30348e-01
152   545 -1.12330e+03 3.70189e-03 1.32160e-01
153   558 -1.12764e+03 3.41551e-03 1.28721e-01
154   571 -1.12127e+03 3.50756e-03 1.29901e-01
155   584 -1.11900e+03 3.73706e-03 1.30041e-01
156   598 -1.11509e+03 3.88027e-03 1.30913e-01
157   612 -1.12429e+03 3.47224e-03 1.28325e-01
158   626 -1.13465e+03 3.34979e-03 1.27489e-01
159   641 -1.15712e+03 3.36399e-03 1.26836e-01
160   656 -1.13629e+03 3.43576e-03 1.28682e-01
161   671 -1.14197e+03 3.50998e-03 1.27349e-01
162   687 -1.13249e+03 3.25846e-03 1.26337e-01
163   703 -1.12850e+03 3.17175e-03 1.26455e-01
164   719 -1.14961e+03 3.43748e-03 1.29270e-01
165   736 -1.13352e+03 3.42950e-03 1.28980e-01
166   753 -1.13517e+03 3.53641e-03 1.28165e-01
167   771 -1.13190e+03 3.35637e-03 1.28211e-01
168   789 -1.12667e+03 3.35753e-03 1.25968e-01
169   807 -1.12020e+03 3.27231e-03 1.27632e-01
170   826 -1.11900e+03 3.54136e-03 1.29167e-01
171   845 -1.12991e+03 3.35051e-03 1.28842e-01
172   865 -1.15958e+03 3.39738e-03 1.28980e-01
173   885 -1.12818e+03 3.44940e-03 1.28713e-01
174   906 -1.12907e+03 3.43674e-03 1.27892e-01
175   927 -1.11407e+03 3.41091e-03 1.30375e-01
176   949 -1.11726e+03 3.37989e-03 1.28036e-01
177   971 -1.12811e+03 3.45920e-03 1.29550e-01
178   994 -1.13205e+03 3.35062e-03 1.27596e-01
179  1017 -1.13192e+03 3.42141e-03 1.28485e-01
180  1041 -1.14643e+03 3.48718e-03 1.30766e-01
181  1065 -1.12673e+03 3.39717e-03 1.30053e-01
182  1090 -1.11706e+03 3.24663e-03 1.28329e-01
183  1115 -1.13591e+03 3.30151e-03 1.28413e-01
184  1141 -1.14956e+03 3.25176e-03 1.27813e-01
185  1168 -1.12081e+03 3.25896e-03 1.27231e-01
186  1195 -1.12557e+03 3.34148e-03 1.26913e-01
187  1223 -1.11403e+03 3.29294e-03 1.28127e-01
188  1252 -1.11457e+03 3.42853e-03 1.28870e-01
189  1281 -1.13366e+03 3.34424e-03 1.28371e-01
190  1311 -1.13763e+03 3.31374e-03 1.27535e-01
191  1342 -1.13433e+03 3.25199e-03 1.25957e-01
192  1373 -1.11074e+03 3.38159e-03 1.28925e-01
193  1405 -1.11717e+03 3.28356e-03 1.27832e-01
194  1438 -1.14075e+03 3.22225e-03 1.26874e-01
195  1472 -1.10937e+03 3.20900e-03 1.26496e-01
196  1506 -1.10465e+03 3.26850e-03 1.27003e-01
197  1541 -1.11708e+03 3.26679e-03 1.27743e-01
198  1577 -1.13634e+03 3.20481e-03 1.26693e-01
199  1614 -1.13023e+03 3.27152e-03 1.27640e-01
200  1652 -1.13866e+03 3.27190e-03 1.27738e-01
201  1690 -1.15277e+03 3.24587e-03 1.27358e-01
202  1730 -1.11588e+03 3.25828e-03 1.27808e-01
203  1770 -1.13793e+03 3.29482e-03 1.27810e-01
204  1811 -1.13244e+03 3.25554e-03 1.27591e-01
205  1854 -1.13822e+03 3.27012e-03 1.27475e-01
206  1897 -1.12322e+03 3.22747e-03 1.27260e-01
207  1941 -1.10779e+03 3.22302e-03 1.26894e-01
208  1987 -1.14107e+03 3.20523e-03 1.27008e-01
209  2033 -1.12059e+03 3.18471e-03 1.26712e-01
210  2081 -1.13240e+03 3.19682e-03 1.26775e-01
211  2129 -1.14102e+03 3.18795e-03 1.26790e-01
212  2179 -1.12623e+03 3.17567e-03 1.26647e-01
213  2230 -1.13146e+03 3.19020e-03 1.26873e-01
214  2282 -1.12842e+03 3.20914e-03 1.26932e-01
215  2335 -1.15693e+03 3.20129e-03 1.26887e-01
216  2390 -1.11124e+03 3.20406e-03 1.26877e-01
217  2446 -1.12849e+03 3.20451e-03 1.26818e-01
218  2503 -1.12443e+03 3.20386e-03 1.26810e-01
219  2561 -1.11662e+03 3.20223e-03 1.26771e-01
220  2621 -1.13156e+03 3.20117e-03 1.26775e-01
221  2682 -1.12622e+03 3.19263e-03 1.26724e-01
222  2745 -1.13397e+03 3.18953e-03 1.26687e-01
223  2809 -1.14075e+03 3.19070e-03 1.26687e-01
224  2875 -1.13216e+03 3.19031e-03 1.26686e-01
225  2942 -1.11088e+03 3.18998e-03 1.26682e-01
226  3010 -1.13417e+03 3.19008e-03 1.26689e-01
227  3081 -1.15141e+03 3.18977e-03 1.26691e-01
228  3153 -1.13553e+03 3.18956e-03 1.26690e-01
229  3226 -1.12371e+03 3.19010e-03 1.26703e-01
230  3302 -1.11697e+03 3.19048e-03 1.26706e-01
231  3379 -1.11384e+03 3.19016e-03 1.26706e-01
232  3458 -1.13456e+03 3.19000e-03 1.26708e-01
233  3538 -1.11006e+03 3.19001e-03 1.26708e-01
234  3621 -1.11933e+03 3.19007e-03 1.26708e-01
235  3706 -1.11752e+03 3.18974e-03 1.26704e-01
236  3792 -1.16460e+03 3.18964e-03 1.26704e-01
237  3881 -1.12460e+03 3.18976e-03 1.26706e-01
238  3971 -1.14295e+03 3.18957e-03 1.26703e-01
239  4064 -1.13609e+03 3.18948e-03 1.26702e-01
240  4159 -1.13671e+03 3.18956e-03 1.26704e-01
241  4256 -1.11708e+03 3.18971e-03 1.26706e-01
242  4356 -1.12271e+03 3.18968e-03 1.26706e-01
243  4457 -1.13691e+03 3.18963e-03 1.26707e-01
244  4561 -1.13230e+03 3.18934e-03 1.26704e-01
245  4668 -1.14576e+03 3.18930e-03 1.26703e-01
246  4777 -1.15116e+03 3.18937e-03 1.26706e-01
247  4889 -1.13305e+03 3.18940e-03 1.26708e-01
248  5003 -1.12023e+03 3.18941e-03 1.26709e-01
249  5120 -1.12982e+03 3.18928e-03 1.26708e-01
250  5239 -1.12920e+03 3.18912e-03 1.26707e-01
251  5361 -1.12046e+03 3.18904e-03 1.26707e-01
252  5487 -1.12715e+03 3.18902e-03 1.26707e-01
253  5615 -1.12678e+03 3.18898e-03 1.26708e-01
254  5746 -1.12815e+03 3.18916e-03 1.26710e-01
255  5880 -1.11563e+03 3.18916e-03 1.26709e-01
256  6017 -1.11626e+03 3.18913e-03 1.26710e-01
257  6158 -1.12669e+03 3.18895e-03 1.26710e-01
258  6302 -1.11617e+03 3.18866e-03 1.26708e-01
259  6449 -1.12688e+03 3.18848e-03 1.26709e-01
260  6600 -1.12109e+03 3.18845e-03 1.26709e-01
261  6754 -1.12029e+03 3.18844e-03 1.26710e-01
262  6911 -1.11358e+03 3.18834e-03 1.26710e-01
263  7073 -1.12223e+03 3.18821e-03 1.26710e-01
264  7238 -1.13596e+03 3.18790e-03 1.26711e-01
265  7407 -1.12275e+03 3.18788e-03 1.26713e-01
266  7580 -1.12322e+03 3.18798e-03 1.26713e-01
267  7757 -1.15334e+03 3.18781e-03 1.26712e-01
268  7938 -1.13572e+03 3.18776e-03 1.26709e-01
269  8124 -1.14676e+03 3.18765e-03 1.26711e-01
270  8313 -1.12549e+03 3.18780e-03 1.26716e-01
271  8507 -1.12369e+03 3.18779e-03 1.26719e-01
272  8706 -1.11918e+03 3.18740e-03 1.26718e-01
273  8909 -1.11733e+03 3.18733e-03 1.26716e-01
274  9118 -1.13456e+03 3.18735e-03 1.26722e-01
275  9330 -1.14097e+03 3.18751e-03 1.26725e-01
276  9548 -1.13829e+03 3.18773e-03 1.26727e-01
277  9771 -1.14201e+03 3.18738e-03 1.26724e-01
278 10000 -1.13062e+03 3.18736e-03 1.26726e-01
