i, epoch, loss, l2_err, h1_err
  0     1 -8.89886e+01 9.84299e-01 1.16364e+00
  1     2 -1.48222e+02 9.81930e-01 1.20906e+00
  2     3 -2.14473e+02 9.79598e-01 1.26605e+00
  3     4 -2.85276e+02 9.76357e-01 1.32089e+00
  4     5 -3.40819e+02 9.72259e-01 1.36988e+00
  5     6 -3.98672e+02 9.67369e-01 1.41197e+00
  6     7 -4.48168e+02 9.61425e-01 1.44759e+00
  7     8 -5.04352e+02 9.54563e-01 1.47898e+00
  8     9 -5.59147e+02 9.46562e-01 1.50551e+00
  9    10 -5.96917e+02 9.37443e-01 1.52824e+00
 10    11 -6.42464e+02 9.27102e-01 1.54814e+00
 11    12 -6.84204e+02 9.15683e-01 1.56448e+00
 12    13 -7.13759e+02 9.03342e-01 1.57755e+00
 13    14 -7.64028e+02 8.90161e-01 1.58728e+00
 14    15 -7.99980e+02 8.76261e-01 1.59398e+00
 15    16 -8.25360e+02 8.61646e-01 1.59699e+00
 16    17 -8.51002e+02 8.46325e-01 1.59723e+00
 17    18 -8.82826e+02 8.30356e-01 1.59439e+00
 18    19 -9.23830e+02 8.13665e-01 1.58790e+00
 19    20 -9.26349e+02 7.96298e-01 1.57810e+00
 20    21 -9.47832e+02 7.78252e-01 1.56507e+00
 21    22 -9.65503e+02 7.59603e-01 1.54909e+00
 22    23 -9.78431e+02 7.40352e-01 1.53022e+00
 23    24 -9.95373e+02 7.20582e-01 1.50858e+00
 24    25 -1.02490e+03 7.00307e-01 1.48437e+00
 25    26 -1.03760e+03 6.79670e-01 1.45818e+00
 26    27 -1.04481e+03 6.58621e-01 1.42992e+00
 27    28 -1.05725e+03 6.37262e-01 1.39959e+00
 28    29 -1.08315e+03 6.15609e-01 1.36737e+00
 29    30 -1.07483e+03 5.93791e-01 1.33353e+00
 30    31 -1.07252e+03 5.71869e-01 1.29845e+00
 31    32 -1.07265e+03 5.49909e-01 1.26248e+00
 32    33 -1.09273e+03 5.27930e-01 1.22555e+00
 33    34 -1.10126e+03 5.05959e-01 1.18784e+00
 34    35 -1.09885e+03 4.84005e-01 1.14926e+00
 35    36 -1.09773e+03 4.62220e-01 1.11011e+00
 36    37 -1.09374e+03 4.40622e-01 1.07067e+00
 37    38 -1.11456e+03 4.19220e-01 1.03102e+00
 38    39 -1.11694e+03 3.98044e-01 9.91358e-01
 39    40 -1.11729e+03 3.77139e-01 9.51844e-01
 40    41 -1.13368e+03 3.56574e-01 9.12712e-01
 41    42 -1.11592e+03 3.36368e-01 8.73932e-01
 42    43 -1.11800e+03 3.16574e-01 8.35595e-01
 43    44 -1.12295e+03 2.97226e-01 7.97784e-01
 44    45 -1.11666e+03 2.78335e-01 7.60579e-01
 45    46 -1.12425e+03 2.59932e-01 7.24100e-01
 46    47 -1.12234e+03 2.42036e-01 6.88523e-01
 47    48 -1.13367e+03 2.24695e-01 6.54000e-01
 48    49 -1.12417e+03 2.07977e-01 6.20527e-01
 49    50 -1.13856e+03 1.91849e-01 5.88171e-01
 50    51 -1.14473e+03 1.76332e-01 5.56892e-01
 51    53 -1.11993e+03 1.47198e-01 4.97683e-01
 52    54 -1.13601e+03 1.33567e-01 4.70008e-01
 53    55 -1.14564e+03 1.20561e-01 4.43619e-01
 54    56 -1.12343e+03 1.08211e-01 4.18644e-01
 55    58 -1.12312e+03 8.53637e-02 3.73185e-01
 56    59 -1.12702e+03 7.49289e-02 3.52805e-01
 57    60 -1.11616e+03 6.51580e-02 3.34101e-01
 58    62 -1.13553e+03 4.77131e-02 3.01317e-01
 59    63 -1.14346e+03 4.01176e-02 2.87115e-01
 60    65 -1.12892e+03 2.75481e-02 2.62922e-01
 61    66 -1.12927e+03 2.28256e-02 2.52866e-01
 62    68 -1.12786e+03 1.74517e-02 2.36086e-01
 63    69 -1.13408e+03 1.69171e-02 2.29115e-01
 64    71 -1.13176e+03 1.87594e-02 2.17495e-01
 65    73 -1.12539e+03 2.18328e-02 2.08275e-01
 66    74 -1.12493e+03 2.32463e-02 2.04150e-01
 67    76 -1.11892e+03 2.54802e-02 1.96604e-01
 68    78 -1.13765e+03 2.67820e-02 1.90017e-01
 69    80 -1.12308e+03 2.71194e-02 1.83863e-01
 70    82 -1.12941e+03 2.66278e-02 1.78189e-01
 71    84 -1.13155e+03 2.55139e-02 1.73438e-01
 72    86 -1.13667e+03 2.39394e-02 1.69389e-01
 73    88 -1.13923e+03 2.20192e-02 1.66033e-01
 74    90 -1.14182e+03 1.99097e-02 1.63816e-01
 75    92 -1.12169e+03 1.77791e-02 1.62122e-01
 76    94 -1.09989e+03 1.57988e-02 1.61114e-01
 77    96 -1.12345e+03 1.40347e-02 1.60701e-01
 78    98 -1.12887e+03 1.25138e-02 1.61180e-01
 79   101 -1.11368e+03 1.06324e-02 1.61632e-01
 80   103 -1.14785e+03 9.63777e-03 1.61308e-01
 81   105 -1.09192e+03 8.84200e-03 1.61515e-01
 82   108 -1.11543e+03 7.83654e-03 1.61588e-01
 83   110 -1.10649e+03 7.29552e-03 1.61700e-01
 84   113 -1.14154e+03 6.73197e-03 1.61418e-01
 85   116 -1.12303e+03 6.35267e-03 1.60822e-01
 86   118 -1.13934e+03 6.14053e-03 1.59722e-01
 87   121 -1.12145e+03 5.86056e-03 1.58238e-01
 88   124 -1.12537e+03 5.65815e-03 1.56739e-01
 89   127 -1.11445e+03 5.49142e-03 1.56163e-01
 90   130 -1.10195e+03 5.41612e-03 1.55708e-01
 91   133 -1.13019e+03 5.53212e-03 1.55883e-01
 92   136 -1.11708e+03 5.73403e-03 1.55632e-01
 93   139 -1.12896e+03 5.90340e-03 1.55652e-01
 94   143 -1.13467e+03 5.72793e-03 1.55208e-01
 95   146 -1.14574e+03 5.68823e-03 1.55561e-01
 96   149 -1.12233e+03 5.68760e-03 1.54514e-01
 97   153 -1.12764e+03 5.74095e-03 1.54004e-01
 98   156 -1.13852e+03 5.59579e-03 1.52659e-01
 99   160 -1.11420e+03 5.41860e-03 1.52426e-01
100   164 -1.12306e+03 5.32350e-03 1.51856e-01
101   168 -1.11618e+03 5.35538e-03 1.51627e-01
102   172 -1.11003e+03 5.32413e-03 1.51760e-01
103   176 -1.11855e+03 5.28982e-03 1.52656e-01
104   180 -1.14126e+03 5.34004e-03 1.54095e-01
105   184 -1.13578e+03 5.43135e-03 1.54474e-01
106   188 -1.13541e+03 5.78310e-03 1.55026e-01
107   193 -1.12446e+03 5.76737e-03 1.56195e-01
108   197 -1.11885e+03 5.64056e-03 1.55821e-01
109   202 -1.13865e+03 5.71853e-03 1.54940e-01
110   206 -1.13395e+03 5.76732e-03 1.55293e-01
111   211 -1.11821e+03 5.63626e-03 1.55550e-01
112   216 -1.11697e+03 5.68605e-03 1.55503e-01
113   221 -1.12262e+03 5.92744e-03 1.56088e-01
114   226 -1.12482e+03 5.79152e-03 1.55338e-01
115   232 -1.13214e+03 5.61663e-03 1.52981e-01
116   237 -1.12860e+03 5.55277e-03 1.52798e-01
117   243 -1.14843e+03 5.37058e-03 1.53154e-01
118   248 -1.14602e+03 5.46815e-03 1.52319e-01
119   254 -1.13154e+03 5.41202e-03 1.53632e-01
120   260 -1.10945e+03 5.91162e-03 1.56778e-01
121   266 -1.13417e+03 6.16471e-03 1.56709e-01
122   272 -1.13651e+03 5.55476e-03 1.53703e-01
123   279 -1.13021e+03 5.07256e-03 1.51289e-01
124   285 -1.12062e+03 5.10994e-03 1.49679e-01
125   292 -1.13392e+03 5.29427e-03 1.52305e-01
126   299 -1.13197e+03 5.52185e-03 1.53349e-01
127   306 -1.11815e+03 6.12859e-03 1.56783e-01
128   313 -1.12849e+03 6.05620e-03 1.54929e-01
129   320 -1.12096e+03 5.37524e-03 1.54944e-01
130   328 -1.13804e+03 5.42737e-03 1.54094e-01
131   335 -1.14074e+03 5.35056e-03 1.53108e-01
132   343 -1.09403e+03 5.62579e-03 1.53511e-01
133   351 -1.12663e+03 5.20970e-03 1.51848e-01
134   360 -1.13132e+03 5.44955e-03 1.54588e-01
135   368 -1.14945e+03 5.78661e-03 1.54496e-01
136   377 -1.13774e+03 6.09913e-03 1.58160e-01
137   385 -1.08915e+03 5.88925e-03 1.58639e-01
138   394 -1.12558e+03 5.78306e-03 1.53771e-01
139   404 -1.13480e+03 5.42948e-03 1.51151e-01
140   413 -1.12007e+03 5.56982e-03 1.53558e-01
141   423 -1.15075e+03 5.88646e-03 1.55993e-01
142   433 -1.14476e+03 5.73776e-03 1.55049e-01
143   443 -1.12309e+03 5.34364e-03 1.54570e-01
144   453 -1.12851e+03 5.93229e-03 1.57941e-01
145   464 -1.12514e+03 5.48734e-03 1.53142e-01
146   474 -1.13362e+03 6.34039e-03 1.56713e-01
147   486 -1.15154e+03 6.36090e-03 1.55327e-01
148   497 -1.12885e+03 5.30784e-03 1.52205e-01
149   509 -1.14022e+03 5.26178e-03 1.51831e-01
150   520 -1.14447e+03 5.31918e-03 1.51464e-01
151   533 -1.10650e+03 5.45996e-03 1.55430e-01
152   545 -1.13392e+03 5.94415e-03 1.56859e-01
153   558 -1.13888e+03 5.42438e-03 1.52352e-01
154   571 -1.12812e+03 5.46928e-03 1.53345e-01
155   584 -1.13074e+03 6.15444e-03 1.56251e-01
156   598 -1.12872e+03 5.80128e-03 1.54270e-01
157   612 -1.13675e+03 5.58497e-03 1.52411e-01
158   626 -1.10383e+03 5.97456e-03 1.55933e-01
159   641 -1.11791e+03 5.41341e-03 1.52945e-01
160   656 -1.12094e+03 5.29860e-03 1.54391e-01
161   671 -1.13911e+03 5.90350e-03 1.56404e-01
162   687 -1.13820e+03 5.93604e-03 1.54837e-01
163   703 -1.12883e+03 5.60179e-03 1.52982e-01
164   719 -1.14949e+03 5.61408e-03 1.54844e-01
165   736 -1.11804e+03 5.36675e-03 1.51833e-01
166   753 -1.12727e+03 5.27362e-03 1.51027e-01
167   771 -1.12724e+03 5.62178e-03 1.53614e-01
168   789 -1.11998e+03 5.50699e-03 1.53924e-01
169   807 -1.12133e+03 5.58198e-03 1.54275e-01
170   826 -1.13360e+03 5.50747e-03 1.55163e-01
171   845 -1.12485e+03 5.49225e-03 1.54511e-01
172   865 -1.11958e+03 5.40652e-03 1.53111e-01
173   885 -1.11928e+03 5.44735e-03 1.52345e-01
174   906 -1.12934e+03 5.59720e-03 1.53914e-01
175   927 -1.11828e+03 5.23216e-03 1.51412e-01
176   949 -1.14592e+03 5.45563e-03 1.53601e-01
177   971 -1.13630e+03 5.77075e-03 1.55173e-01
178   994 -1.11748e+03 5.59741e-03 1.53138e-01
179  1017 -1.12036e+03 6.21838e-03 1.56000e-01
180  1041 -1.11816e+03 5.58748e-03 1.54635e-01
181  1065 -1.14421e+03 5.41522e-03 1.53375e-01
182  1090 -1.12987e+03 5.52628e-03 1.54166e-01
183  1115 -1.14895e+03 5.72972e-03 1.54375e-01
184  1141 -1.12544e+03 5.62857e-03 1.53785e-01
185  1168 -1.12257e+03 5.46585e-03 1.53119e-01
186  1195 -1.12186e+03 5.42116e-03 1.53382e-01
187  1223 -1.13546e+03 5.56766e-03 1.53492e-01
188  1252 -1.14782e+03 5.53227e-03 1.54795e-01
189  1281 -1.11571e+03 5.30670e-03 1.52027e-01
190  1311 -1.12891e+03 5.34309e-03 1.53330e-01
191  1342 -1.12334e+03 5.42632e-03 1.53378e-01
192  1373 -1.13998e+03 5.24959e-03 1.52538e-01
193  1405 -1.12888e+03 5.18899e-03 1.51069e-01
194  1438 -1.10603e+03 5.30958e-03 1.53104e-01
195  1472 -1.12319e+03 5.39894e-03 1.52701e-01
196  1506 -1.12718e+03 5.46433e-03 1.52818e-01
197  1541 -1.12673e+03 5.30822e-03 1.52223e-01
198  1577 -1.12926e+03 5.29598e-03 1.52481e-01
199  1614 -1.13203e+03 5.35272e-03 1.52386e-01
200  1652 -1.14353e+03 5.30352e-03 1.52574e-01
201  1690 -1.12750e+03 5.40020e-03 1.53571e-01
202  1730 -1.13178e+03 5.45498e-03 1.53887e-01
203  1770 -1.13768e+03 5.56371e-03 1.54108e-01
204  1811 -1.13984e+03 5.45258e-03 1.53129e-01
205  1854 -1.12331e+03 5.31874e-03 1.52892e-01
206  1897 -1.10965e+03 5.26065e-03 1.52046e-01
207  1941 -1.14037e+03 5.31925e-03 1.52461e-01
208  1987 -1.10968e+03 5.34124e-03 1.52861e-01
209  2033 -1.11074e+03 5.34158e-03 1.52293e-01
210  2081 -1.12570e+03 5.32840e-03 1.52400e-01
211  2129 -1.15633e+03 5.35512e-03 1.52670e-01
212  2179 -1.14147e+03 5.36453e-03 1.52569e-01
213  2230 -1.13995e+03 5.32256e-03 1.52494e-01
214  2282 -1.11576e+03 5.29119e-03 1.52264e-01
215  2335 -1.11729e+03 5.32772e-03 1.52432e-01
216  2390 -1.14888e+03 5.33655e-03 1.52531e-01
217  2446 -1.14585e+03 5.28710e-03 1.52274e-01
218  2503 -1.13199e+03 5.29531e-03 1.52415e-01
219  2561 -1.12979e+03 5.31315e-03 1.52555e-01
220  2621 -1.10852e+03 5.32555e-03 1.52598e-01
221  2682 -1.14159e+03 5.33123e-03 1.52613e-01
222  2745 -1.11596e+03 5.33290e-03 1.52619e-01
223  2809 -1.11987e+03 5.33022e-03 1.52611e-01
224  2875 -1.13790e+03 5.32258e-03 1.52547e-01
225  2942 -1.11306e+03 5.32461e-03 1.52565e-01
226  3010 -1.14363e+03 5.32387e-03 1.52547e-01
227  3081 -1.14094e+03 5.32369e-03 1.52506e-01
228  3153 -1.15702e+03 5.32502e-03 1.52493e-01
229  3226 -1.12875e+03 5.32498e-03 1.52488e-01
230  3302 -1.12421e+03 5.32407e-03 1.52476e-01
231  3379 -1.13613e+03 5.32394e-03 1.52473e-01
232  3458 -1.13207e+03 5.32241e-03 1.52461e-01
233  3538 -1.13638e+03 5.32184e-03 1.52450e-01
234  3621 -1.11950e+03 5.32175e-03 1.52453e-01
235  3706 -1.12105e+03 5.32231e-03 1.52462e-01
236  3792 -1.12317e+03 5.32268e-03 1.52466e-01
237  3881 -1.14701e+03 5.32256e-03 1.52465e-01
238  3971 -1.14600e+03 5.32253e-03 1.52466e-01
239  4064 -1.14635e+03 5.32263e-03 1.52468e-01
240  4159 -1.11432e+03 5.32252e-03 1.52466e-01
241  4256 -1.13311e+03 5.32245e-03 1.52467e-01
242  4356 -1.12185e+03 5.32259e-03 1.52469e-01
243  4457 -1.11252e+03 5.32272e-03 1.52471e-01
244  4561 -1.12724e+03 5.32294e-03 1.52472e-01
245  4668 -1.14366e+03 5.32314e-03 1.52474e-01
246  4777 -1.11487e+03 5.32298e-03 1.52472e-01
247  4889 -1.13034e+03 5.32281e-03 1.52472e-01
248  5003 -1.12002e+03 5.32288e-03 1.52475e-01
249  5120 -1.12445e+03 5.32306e-03 1.52478e-01
250  5239 -1.15089e+03 5.32293e-03 1.52477e-01
251  5361 -1.15065e+03 5.32277e-03 1.52475e-01
252  5487 -1.12499e+03 5.32294e-03 1.52478e-01
253  5615 -1.12946e+03 5.32323e-03 1.52481e-01
254  5746 -1.12021e+03 5.32333e-03 1.52483e-01
255  5880 -1.13570e+03 5.32327e-03 1.52485e-01
256  6017 -1.13681e+03 5.32356e-03 1.52488e-01
257  6158 -1.12304e+03 5.32371e-03 1.52490e-01
258  6302 -1.13499e+03 5.32341e-03 1.52489e-01
259  6449 -1.11769e+03 5.32355e-03 1.52489e-01
260  6600 -1.11817e+03 5.32314e-03 1.52487e-01
261  6754 -1.11719e+03 5.32310e-03 1.52486e-01
262  6911 -1.12611e+03 5.32318e-03 1.52485e-01
263  7073 -1.13023e+03 5.32277e-03 1.52482e-01
264  7238 -1.14133e+03 5.32269e-03 1.52484e-01
265  7407 -1.12592e+03 5.32293e-03 1.52485e-01
266  7580 -1.11021e+03 5.32268e-03 1.52481e-01
267  7757 -1.12170e+03 5.32222e-03 1.52481e-01
268  7938 -1.13237e+03 5.32255e-03 1.52485e-01
269  8124 -1.14026e+03 5.32299e-03 1.52489e-01
270  8313 -1.13431e+03 5.32341e-03 1.52492e-01
271  8507 -1.12075e+03 5.32359e-03 1.52490e-01
272  8706 -1.13349e+03 5.32387e-03 1.52491e-01
273  8909 -1.11154e+03 5.32387e-03 1.52490e-01
274  9118 -1.11312e+03 5.32371e-03 1.52489e-01
275  9330 -1.13370e+03 5.32403e-03 1.52492e-01
276  9548 -1.13440e+03 5.32407e-03 1.52493e-01
277  9771 -1.14294e+03 5.32390e-03 1.52493e-01
278 10000 -1.12984e+03 5.32462e-03 1.52499e-01
