i, epoch, loss, l2_err, h1_err
  0     1 -4.42997e+01 9.61535e-01 9.74357e-01
  1     2 -1.05234e+02 9.34318e-01 9.49905e-01
  2     3 -1.74144e+02 9.07077e-01 9.25860e-01
  3     4 -2.26456e+02 8.80374e-01 9.03132e-01
  4     5 -2.89305e+02 8.53517e-01 8.80728e-01
  5     6 -3.51141e+02 8.26590e-01 8.58734e-01
  6     7 -4.07241e+02 7.99800e-01 8.37419e-01
  7     8 -4.49860e+02 7.73084e-01 8.16685e-01
  8     9 -5.08491e+02 7.46974e-01 7.97576e-01
  9    10 -5.46565e+02 7.20924e-01 7.78960e-01
 10    11 -5.98560e+02 6.94958e-01 7.60865e-01
 11    12 -6.28444e+02 6.69301e-01 7.43717e-01
 12    13 -6.74220e+02 6.43822e-01 7.27237e-01
 13    14 -7.10151e+02 6.18615e-01 7.11577e-01
 14    15 -7.53406e+02 5.93735e-01 6.96723e-01
 15    16 -7.80035e+02 5.69176e-01 6.82662e-01
 16    17 -8.04482e+02 5.45047e-01 6.69579e-01
 17    18 -8.33337e+02 5.21398e-01 6.57569e-01
 18    19 -8.62823e+02 4.98322e-01 6.46801e-01
 19    20 -8.99923e+02 4.75725e-01 6.36967e-01
 20    21 -9.18112e+02 4.53661e-01 6.28168e-01
 21    22 -9.45217e+02 4.32080e-01 6.20143e-01
 22    23 -9.59521e+02 4.11027e-01 6.12969e-01
 23    24 -9.64568e+02 3.90562e-01 6.06732e-01
 24    25 -9.94855e+02 3.70719e-01 6.01287e-01
 25    26 -1.01824e+03 3.51437e-01 5.96498e-01
 26    27 -1.02361e+03 3.32705e-01 5.92174e-01
 27    28 -1.04595e+03 3.14620e-01 5.88521e-01
 28    29 -1.04525e+03 2.97265e-01 5.85652e-01
 29    30 -1.06908e+03 2.80663e-01 5.83504e-01
 30    31 -1.05638e+03 2.64775e-01 5.81943e-01
 31    32 -1.06693e+03 2.49546e-01 5.80848e-01
 32    33 -1.07647e+03 2.35125e-01 5.80378e-01
 33    34 -1.06690e+03 2.21481e-01 5.80386e-01
 34    35 -1.08776e+03 2.08613e-01 5.80813e-01
 35    36 -1.09966e+03 1.96539e-01 5.81584e-01
 36    37 -1.08857e+03 1.85310e-01 5.82748e-01
 37    38 -1.10170e+03 1.74930e-01 5.84246e-01
 38    39 -1.10339e+03 1.65322e-01 5.85874e-01
 39    40 -1.10513e+03 1.56526e-01 5.87702e-01
 40    41 -1.11226e+03 1.48581e-01 5.89667e-01
 41    42 -1.11384e+03 1.41442e-01 5.91659e-01
 42    43 -1.13523e+03 1.35082e-01 5.93608e-01
 43    44 -1.12515e+03 1.29416e-01 5.95548e-01
 44    45 -1.12319e+03 1.24435e-01 5.97416e-01
 45    46 -1.12111e+03 1.20083e-01 5.99144e-01
 46    47 -1.12287e+03 1.16286e-01 6.00690e-01
 47    48 -1.10794e+03 1.13079e-01 6.02117e-01
 48    49 -1.11608e+03 1.10318e-01 6.03280e-01
 49    50 -1.13417e+03 1.08061e-01 6.04311e-01
 50    51 -1.13401e+03 1.06188e-01 6.05129e-01
 51    53 -1.11001e+03 1.03498e-01 6.06289e-01
 52    54 -1.12336e+03 1.02507e-01 6.06546e-01
 53    55 -1.11805e+03 1.01756e-01 6.06711e-01
 54    56 -1.09916e+03 1.01237e-01 6.06776e-01
 55    58 -1.12653e+03 1.00722e-01 6.06566e-01
 56    59 -1.10843e+03 1.00632e-01 6.06290e-01
 57    60 -1.11905e+03 1.00707e-01 6.05961e-01
 58    62 -1.13267e+03 1.01121e-01 6.05156e-01
 59    63 -1.09948e+03 1.01427e-01 6.04758e-01
 60    65 -1.12966e+03 1.02344e-01 6.04017e-01
 61    66 -1.11529e+03 1.02926e-01 6.03620e-01
 62    68 -1.13327e+03 1.04352e-01 6.02838e-01
 63    69 -1.13095e+03 1.05128e-01 6.02486e-01
 64    71 -1.14290e+03 1.06705e-01 6.01796e-01
 65    73 -1.13984e+03 1.08001e-01 6.00987e-01
 66    74 -1.11866e+03 1.08578e-01 6.00560e-01
 67    76 -1.12294e+03 1.09376e-01 5.99607e-01
 68    78 -1.11543e+03 1.10030e-01 5.98713e-01
 69    80 -1.11221e+03 1.10485e-01 5.97773e-01
 70    82 -1.12024e+03 1.10821e-01 5.96902e-01
 71    84 -1.11880e+03 1.11233e-01 5.96230e-01
 72    86 -1.14065e+03 1.11162e-01 5.95167e-01
 73    88 -1.12568e+03 1.11280e-01 5.94272e-01
 74    90 -1.12810e+03 1.11499e-01 5.93591e-01
 75    92 -1.13300e+03 1.11649e-01 5.92886e-01
 76    94 -1.12875e+03 1.12049e-01 5.92289e-01
 77    96 -1.10141e+03 1.12581e-01 5.91828e-01
 78    98 -1.12125e+03 1.13170e-01 5.91588e-01
 79   101 -1.13647e+03 1.13611e-01 5.91199e-01
 80   103 -1.10976e+03 1.13749e-01 5.91024e-01
 81   105 -1.12585e+03 1.13961e-01 5.90905e-01
 82   108 -1.13600e+03 1.14015e-01 5.90496e-01
 83   110 -1.11435e+03 1.14035e-01 5.90244e-01
 84   113 -1.14165e+03 1.14209e-01 5.89887e-01
 85   116 -1.12828e+03 1.14822e-01 5.89984e-01
 86   118 -1.13477e+03 1.15394e-01 5.90229e-01
 87   121 -1.13187e+03 1.16182e-01 5.90950e-01
 88   124 -1.12065e+03 1.16414e-01 5.91599e-01
 89   127 -1.14303e+03 1.16125e-01 5.92003e-01
 90   130 -1.13627e+03 1.15238e-01 5.91983e-01
 91   133 -1.12737e+03 1.14260e-01 5.91614e-01
 92   136 -1.14128e+03 1.14181e-01 5.91566e-01
 93   139 -1.12818e+03 1.14578e-01 5.91744e-01
 94   143 -1.13149e+03 1.15049e-01 5.91808e-01
 95   146 -1.13594e+03 1.14687e-01 5.91558e-01
 96   149 -1.10231e+03 1.14501e-01 5.91574e-01
 97   153 -1.11656e+03 1.14507e-01 5.91821e-01
 98   156 -1.11415e+03 1.14564e-01 5.91693e-01
 99   160 -1.11614e+03 1.14809e-01 5.91231e-01
100   164 -1.13051e+03 1.14771e-01 5.90816e-01
101   168 -1.14861e+03 1.16056e-01 5.91064e-01
102   172 -1.10249e+03 1.16302e-01 5.90859e-01
103   176 -1.12925e+03 1.15788e-01 5.90554e-01
104   180 -1.12517e+03 1.16480e-01 5.91081e-01
105   184 -1.12829e+03 1.16491e-01 5.91531e-01
106   188 -1.12304e+03 1.14998e-01 5.90687e-01
107   193 -1.11116e+03 1.13525e-01 5.90028e-01
108   197 -1.10351e+03 1.14347e-01 5.90553e-01
109   202 -1.13379e+03 1.15300e-01 5.91509e-01
110   206 -1.10939e+03 1.14760e-01 5.91059e-01
111   211 -1.12881e+03 1.13884e-01 5.90317e-01
112   216 -1.12581e+03 1.14927e-01 5.90543e-01
113   221 -1.11382e+03 1.17364e-01 5.91831e-01
114   226 -1.12216e+03 1.16696e-01 5.91845e-01
115   232 -1.11579e+03 1.14404e-01 5.90953e-01
116   237 -1.13403e+03 1.14286e-01 5.90560e-01
117   243 -1.13501e+03 1.17142e-01 5.91439e-01
118   248 -1.12237e+03 1.16950e-01 5.91079e-01
119   254 -1.11137e+03 1.14765e-01 5.90076e-01
120   260 -1.13415e+03 1.16043e-01 5.90788e-01
121   266 -1.13548e+03 1.16946e-01 5.91070e-01
122   272 -1.13400e+03 1.16631e-01 5.90900e-01
123   279 -1.12261e+03 1.15671e-01 5.91370e-01
124   285 -1.13001e+03 1.14168e-01 5.91068e-01
125   292 -1.12819e+03 1.13575e-01 5.91262e-01
126   299 -1.11429e+03 1.14706e-01 5.91938e-01
127   306 -1.11503e+03 1.12896e-01 5.90714e-01
128   313 -1.13321e+03 1.14645e-01 5.91405e-01
129   320 -1.14627e+03 1.14025e-01 5.91161e-01
130   328 -1.11875e+03 1.13342e-01 5.90836e-01
131   335 -1.12307e+03 1.15200e-01 5.91812e-01
132   343 -1.13905e+03 1.15565e-01 5.91874e-01
133   351 -1.13878e+03 1.14063e-01 5.90321e-01
134   360 -1.11346e+03 1.14832e-01 5.90462e-01
135   368 -1.12930e+03 1.15505e-01 5.91088e-01
136   377 -1.11136e+03 1.13608e-01 5.90361e-01
137   385 -1.13376e+03 1.14492e-01 5.90962e-01
138   394 -1.11629e+03 1.15800e-01 5.91805e-01
139   404 -1.12505e+03 1.15015e-01 5.90878e-01
140   413 -1.12897e+03 1.14799e-01 5.91013e-01
141   423 -1.10811e+03 1.13756e-01 5.90694e-01
142   433 -1.13979e+03 1.15517e-01 5.91306e-01
143   443 -1.12249e+03 1.14468e-01 5.90521e-01
144   453 -1.13523e+03 1.15601e-01 5.91138e-01
145   464 -1.13675e+03 1.15567e-01 5.91546e-01
146   474 -1.13173e+03 1.15588e-01 5.91212e-01
147   486 -1.12479e+03 1.16224e-01 5.91433e-01
148   497 -1.13907e+03 1.12441e-01 5.90680e-01
149   509 -1.13507e+03 1.14000e-01 5.90893e-01
150   520 -1.13757e+03 1.15293e-01 5.91026e-01
151   533 -1.11736e+03 1.14697e-01 5.91032e-01
152   545 -1.12916e+03 1.13948e-01 5.90556e-01
153   558 -1.11339e+03 1.15511e-01 5.91358e-01
154   571 -1.11781e+03 1.14807e-01 5.91032e-01
155   584 -1.13603e+03 1.13317e-01 5.90281e-01
156   598 -1.12413e+03 1.14981e-01 5.91268e-01
157   612 -1.13972e+03 1.15613e-01 5.90908e-01
158   626 -1.12751e+03 1.15535e-01 5.90808e-01
159   641 -1.10568e+03 1.15331e-01 5.91176e-01
160   656 -1.11485e+03 1.14117e-01 5.90634e-01
161   671 -1.13141e+03 1.15871e-01 5.91360e-01
162   687 -1.12147e+03 1.14275e-01 5.90586e-01
163   703 -1.11164e+03 1.15322e-01 5.90902e-01
164   719 -1.10801e+03 1.13909e-01 5.90344e-01
165   736 -1.14127e+03 1.15753e-01 5.91210e-01
166   753 -1.12787e+03 1.15015e-01 5.91112e-01
167   771 -1.10942e+03 1.15850e-01 5.91239e-01
168   789 -1.13317e+03 1.15385e-01 5.91468e-01
169   807 -1.11575e+03 1.14832e-01 5.91236e-01
170   826 -1.13605e+03 1.14668e-01 5.91282e-01
171   845 -1.12124e+03 1.13991e-01 5.90897e-01
172   865 -1.14530e+03 1.15336e-01 5.91213e-01
173   885 -1.12082e+03 1.14674e-01 5.91006e-01
174   906 -1.12642e+03 1.14995e-01 5.91172e-01
175   927 -1.12977e+03 1.14483e-01 5.91103e-01
176   949 -1.13023e+03 1.14196e-01 5.90786e-01
177   971 -1.11343e+03 1.14429e-01 5.90600e-01
178   994 -1.14825e+03 1.15285e-01 5.90989e-01
179  1017 -1.13185e+03 1.15031e-01 5.91015e-01
180  1041 -1.11937e+03 1.15088e-01 5.90935e-01
181  1065 -1.10714e+03 1.15258e-01 5.91078e-01
182  1090 -1.14655e+03 1.15165e-01 5.90937e-01
183  1115 -1.12232e+03 1.15318e-01 5.91128e-01
184  1141 -1.14960e+03 1.15384e-01 5.90647e-01
185  1168 -1.11329e+03 1.15828e-01 5.90935e-01
186  1195 -1.11787e+03 1.15689e-01 5.91022e-01
187  1223 -1.13527e+03 1.15180e-01 5.90886e-01
188  1252 -1.12695e+03 1.15164e-01 5.90744e-01
189  1281 -1.10840e+03 1.15618e-01 5.91061e-01
190  1311 -1.12184e+03 1.15734e-01 5.91223e-01
191  1342 -1.11418e+03 1.15159e-01 5.90919e-01
192  1373 -1.11639e+03 1.14925e-01 5.90875e-01
193  1405 -1.12238e+03 1.14916e-01 5.91114e-01
194  1438 -1.11713e+03 1.15008e-01 5.91012e-01
195  1472 -1.13521e+03 1.14807e-01 5.90929e-01
196  1506 -1.13442e+03 1.15058e-01 5.91058e-01
197  1541 -1.13624e+03 1.15046e-01 5.91087e-01
198  1577 -1.11793e+03 1.15207e-01 5.91119e-01
199  1614 -1.13371e+03 1.15300e-01 5.91176e-01
200  1652 -1.11013e+03 1.15272e-01 5.91099e-01
201  1690 -1.13334e+03 1.15205e-01 5.91025e-01
202  1730 -1.11210e+03 1.15245e-01 5.91120e-01
203  1770 -1.13710e+03 1.15231e-01 5.91054e-01
204  1811 -1.10349e+03 1.15201e-01 5.91089e-01
205  1854 -1.13392e+03 1.15244e-01 5.91051e-01
206  1897 -1.12566e+03 1.15156e-01 5.90995e-01
207  1941 -1.11338e+03 1.15060e-01 5.90979e-01
208  1987 -1.11890e+03 1.14997e-01 5.91006e-01
209  2033 -1.11153e+03 1.15016e-01 5.91058e-01
210  2081 -1.13355e+03 1.14976e-01 5.91000e-01
211  2129 -1.13269e+03 1.14879e-01 5.90901e-01
212  2179 -1.13437e+03 1.14883e-01 5.90890e-01
213  2230 -1.11385e+03 1.14874e-01 5.90919e-01
214  2282 -1.11939e+03 1.14917e-01 5.90940e-01
215  2335 -1.12041e+03 1.14885e-01 5.90925e-01
216  2390 -1.14750e+03 1.14925e-01 5.90949e-01
217  2446 -1.14115e+03 1.14891e-01 5.90937e-01
218  2503 -1.10720e+03 1.14875e-01 5.90911e-01
219  2561 -1.11871e+03 1.14894e-01 5.90933e-01
220  2621 -1.14130e+03 1.14926e-01 5.90952e-01
221  2682 -1.11722e+03 1.14927e-01 5.90956e-01
222  2745 -1.13430e+03 1.14915e-01 5.90963e-01
223  2809 -1.13050e+03 1.14920e-01 5.90975e-01
224  2875 -1.12289e+03 1.14925e-01 5.90967e-01
225  2942 -1.13221e+03 1.14929e-01 5.90965e-01
226  3010 -1.13981e+03 1.14929e-01 5.90964e-01
227  3081 -1.11247e+03 1.14928e-01 5.90961e-01
228  3153 -1.10491e+03 1.14928e-01 5.90960e-01
229  3226 -1.10060e+03 1.14930e-01 5.90963e-01
230  3302 -1.11532e+03 1.14928e-01 5.90964e-01
231  3379 -1.12916e+03 1.14925e-01 5.90965e-01
232  3458 -1.09090e+03 1.14924e-01 5.90965e-01
233  3538 -1.14861e+03 1.14923e-01 5.90964e-01
234  3621 -1.12884e+03 1.14923e-01 5.90965e-01
235  3706 -1.11712e+03 1.14923e-01 5.90965e-01
236  3792 -1.12142e+03 1.14924e-01 5.90966e-01
237  3881 -1.13829e+03 1.14923e-01 5.90967e-01
238  3971 -1.11932e+03 1.14923e-01 5.90966e-01
239  4064 -1.13262e+03 1.14923e-01 5.90967e-01
240  4159 -1.13570e+03 1.14923e-01 5.90967e-01
241  4256 -1.11659e+03 1.14923e-01 5.90967e-01
242  4356 -1.11215e+03 1.14924e-01 5.90968e-01
243  4457 -1.11895e+03 1.14922e-01 5.90968e-01
244  4561 -1.12481e+03 1.14921e-01 5.90968e-01
245  4668 -1.10028e+03 1.14921e-01 5.90969e-01
246  4777 -1.12840e+03 1.14921e-01 5.90969e-01
247  4889 -1.12900e+03 1.14921e-01 5.90970e-01
248  5003 -1.11689e+03 1.14923e-01 5.90970e-01
249  5120 -1.11777e+03 1.14922e-01 5.90971e-01
250  5239 -1.11158e+03 1.14924e-01 5.90971e-01
251  5361 -1.11483e+03 1.14924e-01 5.90971e-01
252  5487 -1.12027e+03 1.14925e-01 5.90970e-01
253  5615 -1.12830e+03 1.14926e-01 5.90970e-01
254  5746 -1.12731e+03 1.14924e-01 5.90970e-01
255  5880 -1.10968e+03 1.14924e-01 5.90972e-01
256  6017 -1.12479e+03 1.14926e-01 5.90972e-01
257  6158 -1.14397e+03 1.14926e-01 5.90973e-01
258  6302 -1.12369e+03 1.14927e-01 5.90974e-01
259  6449 -1.11411e+03 1.14928e-01 5.90973e-01
260  6600 -1.11721e+03 1.14929e-01 5.90973e-01
261  6754 -1.12877e+03 1.14929e-01 5.90972e-01
262  6911 -1.12840e+03 1.14929e-01 5.90972e-01
263  7073 -1.12164e+03 1.14929e-01 5.90973e-01
264  7238 -1.12098e+03 1.14928e-01 5.90974e-01
265  7407 -1.12268e+03 1.14929e-01 5.90973e-01
266  7580 -1.11350e+03 1.14929e-01 5.90975e-01
267  7757 -1.12859e+03 1.14929e-01 5.90975e-01
268  7938 -1.14794e+03 1.14930e-01 5.90975e-01
269  8124 -1.12722e+03 1.14929e-01 5.90974e-01
270  8313 -1.11425e+03 1.14929e-01 5.90975e-01
271  8507 -1.10872e+03 1.14929e-01 5.90976e-01
272  8706 -1.13044e+03 1.14930e-01 5.90976e-01
273  8909 -1.14056e+03 1.14930e-01 5.90974e-01
274  9118 -1.12233e+03 1.14931e-01 5.90972e-01
275  9330 -1.13308e+03 1.14932e-01 5.90973e-01
276  9548 -1.13448e+03 1.14931e-01 5.90971e-01
277  9771 -1.12681e+03 1.14931e-01 5.90970e-01
278 10000 -1.11187e+03 1.14934e-01 5.90971e-01
