i, epoch, loss, l2_err, h1_err
  0     1 -1.02592e+02 9.49006e-01 9.68470e-01
  1     2 -1.55623e+02 9.30844e-01 9.55283e-01
  2     3 -2.14502e+02 9.12836e-01 9.43570e-01
  3     4 -2.72354e+02 8.94975e-01 9.33314e-01
  4     5 -3.19463e+02 8.77283e-01 9.24544e-01
  5     6 -3.67932e+02 8.59761e-01 9.17306e-01
  6     7 -4.28517e+02 8.42461e-01 9.11612e-01
  7     8 -4.64119e+02 8.25392e-01 9.07461e-01
  8     9 -5.07873e+02 8.08558e-01 9.04772e-01
  9    10 -5.48373e+02 7.91992e-01 9.03598e-01
 10    11 -5.98915e+02 7.75704e-01 9.03894e-01
 11    12 -6.38033e+02 7.59730e-01 9.05570e-01
 12    13 -6.78073e+02 7.44055e-01 9.08618e-01
 13    14 -7.05085e+02 7.28710e-01 9.12924e-01
 14    15 -7.39556e+02 7.13722e-01 9.18441e-01
 15    16 -7.64561e+02 6.99096e-01 9.25058e-01
 16    17 -8.00831e+02 6.84836e-01 9.32703e-01
 17    18 -8.19503e+02 6.70953e-01 9.41295e-01
 18    19 -8.29210e+02 6.57466e-01 9.50749e-01
 19    20 -8.67469e+02 6.44409e-01 9.60953e-01
 20    21 -8.93958e+02 6.31794e-01 9.71745e-01
 21    22 -9.03756e+02 6.19611e-01 9.83069e-01
 22    23 -9.29987e+02 6.07900e-01 9.94742e-01
 23    24 -9.56816e+02 5.96666e-01 1.00673e+00
 24    25 -9.78614e+02 5.85870e-01 1.01899e+00
 25    26 -9.77358e+02 5.75532e-01 1.03139e+00
 26    27 -9.92707e+02 5.65655e-01 1.04387e+00
 27    28 -1.00746e+03 5.56245e-01 1.05627e+00
 28    29 -1.02345e+03 5.47288e-01 1.06857e+00
 29    30 -1.03338e+03 5.38782e-01 1.08073e+00
 30    31 -1.04514e+03 5.30754e-01 1.09263e+00
 31    32 -1.05240e+03 5.23159e-01 1.10426e+00
 32    33 -1.07941e+03 5.15993e-01 1.11557e+00
 33    34 -1.05155e+03 5.09258e-01 1.12649e+00
 34    35 -1.06372e+03 5.02929e-01 1.13707e+00
 35    36 -1.06631e+03 4.96993e-01 1.14727e+00
 36    37 -1.06664e+03 4.91447e-01 1.15704e+00
 37    38 -1.06835e+03 4.86284e-01 1.16635e+00
 38    39 -1.07628e+03 4.81493e-01 1.17517e+00
 39    40 -1.08362e+03 4.77066e-01 1.18349e+00
 40    41 -1.10424e+03 4.72967e-01 1.19136e+00
 41    42 -1.11151e+03 4.69162e-01 1.19884e+00
 42    43 -1.09425e+03 4.65687e-01 1.20579e+00
 43    44 -1.09573e+03 4.62510e-01 1.21228e+00
 44    45 -1.08534e+03 4.59625e-01 1.21830e+00
 45    46 -1.10218e+03 4.57002e-01 1.22388e+00
 46    47 -1.11545e+03 4.54640e-01 1.22900e+00
 47    48 -1.09660e+03 4.52522e-01 1.23368e+00
 48    49 -1.10671e+03 4.50613e-01 1.23797e+00
 49    50 -1.12014e+03 4.48933e-01 1.24180e+00
 50    51 -1.10057e+03 4.47462e-01 1.24520e+00
 51    53 -1.08787e+03 4.45087e-01 1.25085e+00
 52    54 -1.11830e+03 4.44148e-01 1.25314e+00
 53    55 -1.11625e+03 4.43382e-01 1.25506e+00
 54    56 -1.11578e+03 4.42726e-01 1.25673e+00
 55    58 -1.09499e+03 4.41791e-01 1.25921e+00
 56    59 -1.10970e+03 4.41493e-01 1.26005e+00
 57    60 -1.11923e+03 4.41284e-01 1.26066e+00
 58    62 -1.08777e+03 4.41111e-01 1.26127e+00
 59    63 -1.11499e+03 4.41141e-01 1.26128e+00
 60    65 -1.13968e+03 4.41358e-01 1.26085e+00
 61    66 -1.10538e+03 4.41548e-01 1.26041e+00
 62    68 -1.09819e+03 4.42092e-01 1.25909e+00
 63    69 -1.12009e+03 4.42410e-01 1.25830e+00
 64    71 -1.10090e+03 4.43065e-01 1.25658e+00
 65    73 -1.10759e+03 4.43774e-01 1.25470e+00
 66    74 -1.09737e+03 4.44112e-01 1.25377e+00
 67    76 -1.11580e+03 4.44822e-01 1.25181e+00
 68    78 -1.09122e+03 4.45494e-01 1.24991e+00
 69    80 -1.13140e+03 4.46130e-01 1.24807e+00
 70    82 -1.11253e+03 4.46733e-01 1.24630e+00
 71    84 -1.11226e+03 4.47289e-01 1.24464e+00
 72    86 -1.11013e+03 4.47826e-01 1.24305e+00
 73    88 -1.10398e+03 4.48276e-01 1.24169e+00
 74    90 -1.11482e+03 4.48728e-01 1.24035e+00
 75    92 -1.11925e+03 4.49082e-01 1.23928e+00
 76    94 -1.12250e+03 4.49354e-01 1.23842e+00
 77    96 -1.09853e+03 4.49546e-01 1.23776e+00
 78    98 -1.11936e+03 4.49674e-01 1.23727e+00
 79   101 -1.09953e+03 4.49800e-01 1.23675e+00
 80   103 -1.11164e+03 4.49864e-01 1.23649e+00
 81   105 -1.09759e+03 4.49901e-01 1.23630e+00
 82   108 -1.09700e+03 4.49949e-01 1.23610e+00
 83   110 -1.12244e+03 4.50055e-01 1.23584e+00
 84   113 -1.09492e+03 4.50225e-01 1.23544e+00
 85   116 -1.11080e+03 4.50212e-01 1.23545e+00
 86   118 -1.10606e+03 4.50170e-01 1.23553e+00
 87   121 -1.12578e+03 4.50199e-01 1.23543e+00
 88   124 -1.10891e+03 4.50157e-01 1.23555e+00
 89   127 -1.10989e+03 4.50169e-01 1.23558e+00
 90   130 -1.10843e+03 4.50201e-01 1.23557e+00
 91   133 -1.10599e+03 4.50248e-01 1.23547e+00
 92   136 -1.10510e+03 4.50259e-01 1.23543e+00
 93   139 -1.11241e+03 4.50097e-01 1.23571e+00
 94   143 -1.10059e+03 4.49848e-01 1.23617e+00
 95   146 -1.11479e+03 4.49753e-01 1.23631e+00
 96   149 -1.11713e+03 4.49696e-01 1.23638e+00
 97   153 -1.10547e+03 4.49808e-01 1.23607e+00
 98   156 -1.11823e+03 4.49882e-01 1.23588e+00
 99   160 -1.08488e+03 4.49825e-01 1.23598e+00
100   164 -1.09498e+03 4.49498e-01 1.23667e+00
101   168 -1.11761e+03 4.49379e-01 1.23691e+00
102   172 -1.12331e+03 4.49663e-01 1.23623e+00
103   176 -1.11473e+03 4.50080e-01 1.23527e+00
104   180 -1.11670e+03 4.50283e-01 1.23475e+00
105   184 -1.12212e+03 4.50371e-01 1.23464e+00
106   188 -1.10598e+03 4.50423e-01 1.23468e+00
107   193 -1.12153e+03 4.50417e-01 1.23478e+00
108   197 -1.11999e+03 4.50340e-01 1.23505e+00
109   202 -1.10168e+03 4.50058e-01 1.23579e+00
110   206 -1.09928e+03 4.49920e-01 1.23613e+00
111   211 -1.11422e+03 4.49759e-01 1.23641e+00
112   216 -1.10060e+03 4.49460e-01 1.23695e+00
113   221 -1.12774e+03 4.49188e-01 1.23747e+00
114   226 -1.10683e+03 4.48947e-01 1.23799e+00
115   232 -1.10617e+03 4.48817e-01 1.23819e+00
116   237 -1.10687e+03 4.49249e-01 1.23726e+00
117   243 -1.12077e+03 4.49789e-01 1.23621e+00
118   248 -1.09429e+03 4.49927e-01 1.23589e+00
119   254 -1.14148e+03 4.50379e-01 1.23493e+00
120   260 -1.11931e+03 4.50781e-01 1.23434e+00
121   266 -1.11844e+03 4.50494e-01 1.23499e+00
122   272 -1.11464e+03 4.50248e-01 1.23537e+00
123   279 -1.11218e+03 4.49708e-01 1.23633e+00
124   285 -1.10469e+03 4.49586e-01 1.23638e+00
125   292 -1.10830e+03 4.49160e-01 1.23736e+00
126   299 -1.10299e+03 4.49936e-01 1.23591e+00
127   306 -1.12418e+03 4.51259e-01 1.23329e+00
128   313 -1.10654e+03 4.51247e-01 1.23326e+00
129   320 -1.12208e+03 4.50846e-01 1.23386e+00
130   328 -1.09776e+03 4.50377e-01 1.23503e+00
131   335 -1.10379e+03 4.49190e-01 1.23797e+00
132   343 -1.12479e+03 4.48659e-01 1.23873e+00
133   351 -1.10383e+03 4.48342e-01 1.23893e+00
134   360 -1.11859e+03 4.50562e-01 1.23391e+00
135   368 -1.11156e+03 4.51159e-01 1.23296e+00
136   377 -1.10600e+03 4.50198e-01 1.23538e+00
137   385 -1.12327e+03 4.49812e-01 1.23622e+00
138   394 -1.12021e+03 4.49840e-01 1.23599e+00
139   404 -1.11375e+03 4.49209e-01 1.23761e+00
140   413 -1.11910e+03 4.48903e-01 1.23816e+00
141   423 -1.11128e+03 4.49412e-01 1.23696e+00
142   433 -1.11149e+03 4.49260e-01 1.23719e+00
143   443 -1.10702e+03 4.50192e-01 1.23502e+00
144   453 -1.11198e+03 4.49465e-01 1.23723e+00
145   464 -1.10728e+03 4.49018e-01 1.23862e+00
146   474 -1.10097e+03 4.49533e-01 1.23720e+00
147   486 -1.10871e+03 4.49764e-01 1.23670e+00
148   497 -1.11960e+03 4.48659e-01 1.23912e+00
149   509 -1.11402e+03 4.50153e-01 1.23541e+00
150   520 -1.11094e+03 4.50062e-01 1.23590e+00
151   533 -1.09496e+03 4.49551e-01 1.23658e+00
152   545 -1.10292e+03 4.50510e-01 1.23533e+00
153   558 -1.10455e+03 4.49321e-01 1.23683e+00
154   571 -1.12546e+03 4.50102e-01 1.23561e+00
155   584 -1.11116e+03 4.49806e-01 1.23644e+00
156   598 -1.11777e+03 4.49653e-01 1.23653e+00
157   612 -1.10449e+03 4.49681e-01 1.23622e+00
158   626 -1.09680e+03 4.49842e-01 1.23609e+00
159   641 -1.09894e+03 4.49904e-01 1.23625e+00
160   656 -1.10643e+03 4.49809e-01 1.23639e+00
161   671 -1.12331e+03 4.50210e-01 1.23591e+00
162   687 -1.09982e+03 4.49778e-01 1.23631e+00
163   703 -1.11175e+03 4.49952e-01 1.23593e+00
164   719 -1.09948e+03 4.50126e-01 1.23578e+00
165   736 -1.10060e+03 4.49834e-01 1.23637e+00
166   753 -1.13920e+03 4.50555e-01 1.23411e+00
167   771 -1.09560e+03 4.49556e-01 1.23693e+00
168   789 -1.10982e+03 4.49837e-01 1.23594e+00
169   807 -1.10389e+03 4.50099e-01 1.23539e+00
170   826 -1.10670e+03 4.50481e-01 1.23499e+00
171   845 -1.09492e+03 4.50188e-01 1.23534e+00
172   865 -1.11916e+03 4.49340e-01 1.23700e+00
173   885 -1.10041e+03 4.49893e-01 1.23553e+00
174   906 -1.10432e+03 4.49770e-01 1.23581e+00
175   927 -1.12805e+03 4.49223e-01 1.23759e+00
176   949 -1.10603e+03 4.49489e-01 1.23692e+00
177   971 -1.10901e+03 4.49410e-01 1.23697e+00
178   994 -1.11089e+03 4.48671e-01 1.23893e+00
179  1017 -1.10916e+03 4.49535e-01 1.23691e+00
180  1041 -1.10101e+03 4.49860e-01 1.23592e+00
181  1065 -1.11742e+03 4.49675e-01 1.23652e+00
182  1090 -1.08821e+03 4.49607e-01 1.23677e+00
183  1115 -1.08529e+03 4.49880e-01 1.23607e+00
184  1141 -1.12956e+03 4.49899e-01 1.23598e+00
185  1168 -1.09578e+03 4.49689e-01 1.23665e+00
186  1195 -1.11992e+03 4.50131e-01 1.23546e+00
187  1223 -1.12472e+03 4.50042e-01 1.23560e+00
188  1252 -1.12222e+03 4.49686e-01 1.23628e+00
189  1281 -1.10168e+03 4.49663e-01 1.23639e+00
190  1311 -1.09797e+03 4.49906e-01 1.23596e+00
191  1342 -1.12691e+03 4.49813e-01 1.23622e+00
192  1373 -1.12220e+03 4.49923e-01 1.23603e+00
193  1405 -1.12326e+03 4.49933e-01 1.23606e+00
194  1438 -1.10862e+03 4.49783e-01 1.23627e+00
195  1472 -1.10073e+03 4.50083e-01 1.23566e+00
196  1506 -1.11090e+03 4.49906e-01 1.23596e+00
197  1541 -1.10107e+03 4.49795e-01 1.23608e+00
198  1577 -1.09683e+03 4.49779e-01 1.23604e+00
199  1614 -1.11828e+03 4.49895e-01 1.23584e+00
200  1652 -1.11839e+03 4.49917e-01 1.23592e+00
201  1690 -1.11732e+03 4.50088e-01 1.23557e+00
202  1730 -1.10734e+03 4.50024e-01 1.23567e+00
203  1770 -1.12505e+03 4.50064e-01 1.23558e+00
204  1811 -1.10058e+03 4.49974e-01 1.23572e+00
205  1854 -1.10744e+03 4.49955e-01 1.23576e+00
206  1897 -1.10920e+03 4.49929e-01 1.23584e+00
207  1941 -1.09671e+03 4.49893e-01 1.23591e+00
208  1987 -1.12822e+03 4.49891e-01 1.23595e+00
209  2033 -1.12156e+03 4.49955e-01 1.23579e+00
210  2081 -1.10720e+03 4.49943e-01 1.23580e+00
211  2129 -1.11010e+03 4.49936e-01 1.23582e+00
212  2179 -1.09164e+03 4.49907e-01 1.23587e+00
213  2230 -1.11981e+03 4.49881e-01 1.23593e+00
214  2282 -1.10502e+03 4.49894e-01 1.23590e+00
215  2335 -1.09348e+03 4.49895e-01 1.23590e+00
216  2390 -1.11016e+03 4.49886e-01 1.23592e+00
217  2446 -1.10334e+03 4.49863e-01 1.23597e+00
218  2503 -1.11670e+03 4.49829e-01 1.23606e+00
219  2561 -1.11339e+03 4.49840e-01 1.23604e+00
220  2621 -1.10625e+03 4.49835e-01 1.23606e+00
221  2682 -1.11249e+03 4.49854e-01 1.23601e+00
222  2745 -1.10042e+03 4.49871e-01 1.23598e+00
223  2809 -1.09928e+03 4.49876e-01 1.23597e+00
224  2875 -1.11103e+03 4.49878e-01 1.23597e+00
225  2942 -1.12266e+03 4.49875e-01 1.23598e+00
226  3010 -1.12140e+03 4.49876e-01 1.23597e+00
227  3081 -1.10673e+03 4.49878e-01 1.23597e+00
228  3153 -1.11174e+03 4.49878e-01 1.23597e+00
229  3226 -1.10718e+03 4.49877e-01 1.23597e+00
230  3302 -1.12494e+03 4.49875e-01 1.23598e+00
231  3379 -1.10614e+03 4.49875e-01 1.23598e+00
232  3458 -1.10858e+03 4.49873e-01 1.23599e+00
233  3538 -1.10168e+03 4.49873e-01 1.23598e+00
234  3621 -1.11057e+03 4.49871e-01 1.23599e+00
235  3706 -1.10962e+03 4.49872e-01 1.23599e+00
236  3792 -1.07676e+03 4.49872e-01 1.23599e+00
237  3881 -1.10851e+03 4.49872e-01 1.23599e+00
238  3971 -1.11397e+03 4.49872e-01 1.23599e+00
239  4064 -1.12272e+03 4.49872e-01 1.23599e+00
240  4159 -1.11973e+03 4.49872e-01 1.23599e+00
241  4256 -1.08697e+03 4.49872e-01 1.23599e+00
242  4356 -1.11309e+03 4.49873e-01 1.23599e+00
243  4457 -1.10728e+03 4.49873e-01 1.23599e+00
244  4561 -1.12460e+03 4.49872e-01 1.23599e+00
245  4668 -1.09614e+03 4.49872e-01 1.23599e+00
246  4777 -1.10945e+03 4.49872e-01 1.23599e+00
247  4889 -1.10430e+03 4.49872e-01 1.23599e+00
248  5003 -1.11836e+03 4.49872e-01 1.23599e+00
249  5120 -1.11667e+03 4.49872e-01 1.23599e+00
250  5239 -1.10492e+03 4.49872e-01 1.23599e+00
251  5361 -1.10266e+03 4.49872e-01 1.23599e+00
252  5487 -1.11043e+03 4.49872e-01 1.23599e+00
253  5615 -1.12247e+03 4.49873e-01 1.23599e+00
254  5746 -1.11017e+03 4.49872e-01 1.23599e+00
255  5880 -1.12892e+03 4.49871e-01 1.23599e+00
256  6017 -1.10490e+03 4.49871e-01 1.23599e+00
257  6158 -1.11699e+03 4.49870e-01 1.23600e+00
258  6302 -1.11537e+03 4.49870e-01 1.23600e+00
259  6449 -1.10786e+03 4.49871e-01 1.23600e+00
260  6600 -1.12968e+03 4.49871e-01 1.23600e+00
261  6754 -1.11289e+03 4.49871e-01 1.23600e+00
262  6911 -1.12298e+03 4.49871e-01 1.23600e+00
263  7073 -1.12278e+03 4.49871e-01 1.23600e+00
264  7238 -1.11063e+03 4.49870e-01 1.23600e+00
265  7407 -1.09562e+03 4.49870e-01 1.23600e+00
266  7580 -1.10633e+03 4.49871e-01 1.23600e+00
267  7757 -1.10750e+03 4.49871e-01 1.23600e+00
268  7938 -1.11862e+03 4.49870e-01 1.23600e+00
269  8124 -1.10207e+03 4.49870e-01 1.23600e+00
270  8313 -1.13067e+03 4.49869e-01 1.23600e+00
271  8507 -1.11264e+03 4.49868e-01 1.23601e+00
272  8706 -1.11158e+03 4.49867e-01 1.23601e+00
273  8909 -1.10932e+03 4.49866e-01 1.23601e+00
274  9118 -1.13330e+03 4.49864e-01 1.23601e+00
275  9330 -1.13276e+03 4.49863e-01 1.23602e+00
276  9548 -1.10548e+03 4.49864e-01 1.23602e+00
277  9771 -1.10344e+03 4.49864e-01 1.23602e+00
278 10000 -1.10550e+03 4.49863e-01 1.23602e+00
