i, epoch, loss, l2_err, h1_err
  0     1 -4.22235e+01 9.94208e-01 1.10240e+00
  1     2 -1.24529e+02 9.86727e-01 1.11821e+00
  2     3 -1.91545e+02 9.78370e-01 1.14472e+00
  3     4 -2.60322e+02 9.69793e-01 1.18031e+00
  4     5 -3.09535e+02 9.60682e-01 1.22092e+00
  5     6 -3.77822e+02 9.50884e-01 1.26396e+00
  6     7 -4.25760e+02 9.40771e-01 1.30878e+00
  7     8 -4.86368e+02 9.29892e-01 1.35178e+00
  8     9 -5.32455e+02 9.18089e-01 1.39175e+00
  9    10 -5.77562e+02 9.05259e-01 1.42706e+00
 10    11 -6.24719e+02 8.91612e-01 1.45753e+00
 11    12 -6.73333e+02 8.77038e-01 1.48205e+00
 12    13 -7.15579e+02 8.61404e-01 1.50082e+00
 13    14 -7.37137e+02 8.44843e-01 1.51424e+00
 14    15 -7.82259e+02 8.27527e-01 1.52297e+00
 15    16 -8.10981e+02 8.09559e-01 1.52706e+00
 16    17 -8.40005e+02 7.90883e-01 1.52638e+00
 17    18 -8.69140e+02 7.71552e-01 1.52097e+00
 18    19 -8.81238e+02 7.51657e-01 1.51182e+00
 19    20 -9.13803e+02 7.31267e-01 1.49873e+00
 20    21 -9.41799e+02 7.10400e-01 1.48205e+00
 21    22 -9.56395e+02 6.89172e-01 1.46203e+00
 22    23 -9.77387e+02 6.67635e-01 1.43915e+00
 23    24 -1.00776e+03 6.45934e-01 1.41414e+00
 24    25 -1.01021e+03 6.24049e-01 1.38685e+00
 25    26 -1.01758e+03 6.02066e-01 1.35768e+00
 26    27 -1.04888e+03 5.80102e-01 1.32703e+00
 27    28 -1.05398e+03 5.58102e-01 1.29477e+00
 28    29 -1.04123e+03 5.36197e-01 1.26128e+00
 29    30 -1.05634e+03 5.14420e-01 1.22661e+00
 30    31 -1.06070e+03 4.92809e-01 1.19109e+00
 31    32 -1.08172e+03 4.71421e-01 1.15477e+00
 32    33 -1.08296e+03 4.50303e-01 1.11784e+00
 33    34 -1.09685e+03 4.29522e-01 1.08046e+00
 34    35 -1.07955e+03 4.09096e-01 1.04285e+00
 35    36 -1.09274e+03 3.88971e-01 1.00540e+00
 36    37 -1.10719e+03 3.69219e-01 9.67929e-01
 37    38 -1.10307e+03 3.49862e-01 9.30640e-01
 38    39 -1.11292e+03 3.30954e-01 8.93890e-01
 39    40 -1.11318e+03 3.12539e-01 8.57763e-01
 40    41 -1.11522e+03 2.94565e-01 8.22321e-01
 41    42 -1.12946e+03 2.77108e-01 7.87865e-01
 42    43 -1.09327e+03 2.60147e-01 7.54409e-01
 43    44 -1.10206e+03 2.43697e-01 7.22079e-01
 44    45 -1.12642e+03 2.27795e-01 6.90914e-01
 45    46 -1.13429e+03 2.12494e-01 6.61094e-01
 46    47 -1.12035e+03 1.97797e-01 6.32622e-01
 47    48 -1.13008e+03 1.83693e-01 6.05427e-01
 48    49 -1.12053e+03 1.70200e-01 5.79603e-01
 49    50 -1.13897e+03 1.57324e-01 5.55075e-01
 50    51 -1.12332e+03 1.45088e-01 5.31851e-01
 51    53 -1.11935e+03 1.22536e-01 4.89188e-01
 52    54 -1.13323e+03 1.12270e-01 4.69731e-01
 53    55 -1.12029e+03 1.02676e-01 4.51411e-01
 54    56 -1.11290e+03 9.37419e-02 4.34135e-01
 55    58 -1.12422e+03 7.78792e-02 4.02816e-01
 56    59 -1.13537e+03 7.08971e-02 3.88622e-01
 57    60 -1.12360e+03 6.44999e-02 3.75228e-01
 58    62 -1.12759e+03 5.34103e-02 3.50818e-01
 59    63 -1.13036e+03 4.86813e-02 3.39762e-01
 60    65 -1.14952e+03 4.06933e-02 3.19702e-01
 61    66 -1.13492e+03 3.73426e-02 3.10632e-01
 62    68 -1.12576e+03 3.17957e-02 2.94477e-01
 63    69 -1.11168e+03 2.95358e-02 2.87285e-01
 64    71 -1.12802e+03 2.58994e-02 2.74671e-01
 65    73 -1.12698e+03 2.32917e-02 2.64312e-01
 66    74 -1.12417e+03 2.22753e-02 2.59752e-01
 67    76 -1.14502e+03 2.06916e-02 2.51627e-01
 68    78 -1.12544e+03 1.96251e-02 2.44647e-01
 69    80 -1.12354e+03 1.88734e-02 2.38490e-01
 70    82 -1.13034e+03 1.83649e-02 2.33575e-01
 71    84 -1.12873e+03 1.80821e-02 2.29742e-01
 72    86 -1.11226e+03 1.79407e-02 2.26806e-01
 73    88 -1.12494e+03 1.78264e-02 2.24382e-01
 74    90 -1.14717e+03 1.77143e-02 2.22746e-01
 75    92 -1.12735e+03 1.75317e-02 2.21444e-01
 76    94 -1.14465e+03 1.73033e-02 2.20538e-01
 77    96 -1.13618e+03 1.70464e-02 2.19911e-01
 78    98 -1.14488e+03 1.67510e-02 2.19306e-01
 79   101 -1.10285e+03 1.62326e-02 2.18376e-01
 80   103 -1.12598e+03 1.58028e-02 2.17641e-01
 81   105 -1.11519e+03 1.52721e-02 2.16728e-01
 82   108 -1.13671e+03 1.43179e-02 2.14814e-01
 83   110 -1.13170e+03 1.37937e-02 2.13664e-01
 84   113 -1.13110e+03 1.32838e-02 2.12874e-01
 85   116 -1.14834e+03 1.32221e-02 2.13608e-01
 86   118 -1.12042e+03 1.32814e-02 2.14425e-01
 87   121 -1.13087e+03 1.31054e-02 2.13916e-01
 88   124 -1.12799e+03 1.27087e-02 2.12465e-01
 89   127 -1.12144e+03 1.24817e-02 2.11710e-01
 90   130 -1.15010e+03 1.23663e-02 2.11306e-01
 91   133 -1.11523e+03 1.24560e-02 2.11330e-01
 92   136 -1.12261e+03 1.26478e-02 2.11725e-01
 93   139 -1.13740e+03 1.26036e-02 2.11644e-01
 94   143 -1.12845e+03 1.25557e-02 2.11264e-01
 95   146 -1.12768e+03 1.26419e-02 2.11350e-01
 96   149 -1.13755e+03 1.26804e-02 2.11468e-01
 97   153 -1.14207e+03 1.25567e-02 2.11378e-01
 98   156 -1.13099e+03 1.24507e-02 2.11416e-01
 99   160 -1.10668e+03 1.23301e-02 2.10534e-01
100   164 -1.13135e+03 1.21364e-02 2.09979e-01
101   168 -1.14655e+03 1.20628e-02 2.10002e-01
102   172 -1.11752e+03 1.23673e-02 2.11141e-01
103   176 -1.12079e+03 1.26854e-02 2.11445e-01
104   180 -1.13761e+03 1.24484e-02 2.10503e-01
105   184 -1.12060e+03 1.24103e-02 2.10888e-01
106   188 -1.12859e+03 1.25649e-02 2.11211e-01
107   193 -1.11555e+03 1.26527e-02 2.11153e-01
108   197 -1.12313e+03 1.26211e-02 2.11133e-01
109   202 -1.12512e+03 1.24044e-02 2.10919e-01
110   206 -1.11996e+03 1.22498e-02 2.10325e-01
111   211 -1.14354e+03 1.22043e-02 2.10176e-01
112   216 -1.12483e+03 1.24742e-02 2.10829e-01
113   221 -1.12289e+03 1.24823e-02 2.10393e-01
114   226 -1.12743e+03 1.24964e-02 2.10811e-01
115   232 -1.13883e+03 1.25329e-02 2.10917e-01
116   237 -1.13423e+03 1.27158e-02 2.12053e-01
117   243 -1.14392e+03 1.23994e-02 2.09986e-01
118   248 -1.13907e+03 1.25204e-02 2.11137e-01
119   254 -1.14610e+03 1.25642e-02 2.11201e-01
120   260 -1.12676e+03 1.21263e-02 2.09945e-01
121   266 -1.14583e+03 1.23788e-02 2.10705e-01
122   272 -1.13982e+03 1.24635e-02 2.10733e-01
123   279 -1.13880e+03 1.22480e-02 2.09900e-01
124   285 -1.13795e+03 1.21876e-02 2.10460e-01
125   292 -1.12272e+03 1.23318e-02 2.10331e-01
126   299 -1.11632e+03 1.26177e-02 2.11885e-01
127   306 -1.13602e+03 1.24277e-02 2.11158e-01
128   313 -1.12283e+03 1.24486e-02 2.11201e-01
129   320 -1.11544e+03 1.22735e-02 2.10107e-01
130   328 -1.14687e+03 1.27077e-02 2.13033e-01
131   335 -1.12658e+03 1.25876e-02 2.11047e-01
132   343 -1.15001e+03 1.27930e-02 2.11713e-01
133   351 -1.15146e+03 1.24141e-02 2.10535e-01
134   360 -1.10608e+03 1.25977e-02 2.12326e-01
135   368 -1.14287e+03 1.22755e-02 2.10308e-01
136   377 -1.14252e+03 1.25555e-02 2.11545e-01
137   385 -1.13341e+03 1.23035e-02 2.11046e-01
138   394 -1.12975e+03 1.26967e-02 2.11838e-01
139   404 -1.15250e+03 1.26551e-02 2.11161e-01
140   413 -1.14059e+03 1.19981e-02 2.09745e-01
141   423 -1.14812e+03 1.24564e-02 2.11279e-01
142   433 -1.13525e+03 1.26274e-02 2.11043e-01
143   443 -1.13146e+03 1.29352e-02 2.12087e-01
144   453 -1.12877e+03 1.25424e-02 2.11177e-01
145   464 -1.12915e+03 1.27211e-02 2.12225e-01
146   474 -1.10997e+03 1.22451e-02 2.10909e-01
147   486 -1.13792e+03 1.25049e-02 2.10366e-01
148   497 -1.14313e+03 1.25667e-02 2.11683e-01
149   509 -1.12125e+03 1.26877e-02 2.11599e-01
150   520 -1.11834e+03 1.29805e-02 2.12549e-01
151   533 -1.12068e+03 1.22108e-02 2.10541e-01
152   545 -1.12325e+03 1.25419e-02 2.11865e-01
153   558 -1.13486e+03 1.25705e-02 2.10904e-01
154   571 -1.13571e+03 1.25238e-02 2.11185e-01
155   584 -1.11839e+03 1.23827e-02 2.10594e-01
156   598 -1.13407e+03 1.20777e-02 2.09236e-01
157   612 -1.13156e+03 1.25358e-02 2.10808e-01
158   626 -1.14038e+03 1.25235e-02 2.11567e-01
159   641 -1.13546e+03 1.22894e-02 2.10838e-01
160   656 -1.13649e+03 1.24900e-02 2.11044e-01
161   671 -1.13796e+03 1.21602e-02 2.10100e-01
162   687 -1.11663e+03 1.26711e-02 2.11755e-01
163   703 -1.15918e+03 1.26332e-02 2.11738e-01
164   719 -1.13574e+03 1.23508e-02 2.10529e-01
165   736 -1.11762e+03 1.23297e-02 2.10690e-01
166   753 -1.11218e+03 1.22922e-02 2.10221e-01
167   771 -1.12253e+03 1.24304e-02 2.10511e-01
168   789 -1.13024e+03 1.25508e-02 2.11606e-01
169   807 -1.12818e+03 1.26144e-02 2.11207e-01
170   826 -1.13014e+03 1.22652e-02 2.10070e-01
171   845 -1.15364e+03 1.27007e-02 2.12289e-01
172   865 -1.12688e+03 1.21846e-02 2.10300e-01
173   885 -1.12637e+03 1.23909e-02 2.10094e-01
174   906 -1.14559e+03 1.25063e-02 2.10714e-01
175   927 -1.14397e+03 1.21660e-02 2.10264e-01
176   949 -1.12799e+03 1.22991e-02 2.10717e-01
177   971 -1.14922e+03 1.25457e-02 2.11079e-01
178   994 -1.12748e+03 1.20686e-02 2.09647e-01
179  1017 -1.11460e+03 1.24910e-02 2.10767e-01
180  1041 -1.16139e+03 1.22480e-02 2.10268e-01
181  1065 -1.12266e+03 1.23581e-02 2.10549e-01
182  1090 -1.14044e+03 1.22449e-02 2.10569e-01
183  1115 -1.13572e+03 1.23952e-02 2.10991e-01
184  1141 -1.13150e+03 1.26400e-02 2.11249e-01
185  1168 -1.13252e+03 1.22035e-02 2.09956e-01
186  1195 -1.11363e+03 1.24848e-02 2.10921e-01
187  1223 -1.12568e+03 1.25731e-02 2.11106e-01
188  1252 -1.14754e+03 1.23335e-02 2.10541e-01
189  1281 -1.13262e+03 1.24633e-02 2.10870e-01
190  1311 -1.12315e+03 1.23065e-02 2.10074e-01
191  1342 -1.13016e+03 1.23715e-02 2.10660e-01
192  1373 -1.14315e+03 1.25217e-02 2.11219e-01
193  1405 -1.12632e+03 1.24944e-02 2.11019e-01
194  1438 -1.12776e+03 1.24646e-02 2.10779e-01
195  1472 -1.12152e+03 1.23491e-02 2.10330e-01
196  1506 -1.11895e+03 1.24348e-02 2.10764e-01
197  1541 -1.13658e+03 1.23279e-02 2.10442e-01
198  1577 -1.11218e+03 1.23330e-02 2.10550e-01
199  1614 -1.13791e+03 1.23654e-02 2.10680e-01
200  1652 -1.14557e+03 1.23610e-02 2.10704e-01
201  1690 -1.14870e+03 1.24515e-02 2.11090e-01
202  1730 -1.12579e+03 1.23140e-02 2.10429e-01
203  1770 -1.12377e+03 1.23520e-02 2.10567e-01
204  1811 -1.12140e+03 1.23035e-02 2.10486e-01
205  1854 -1.13501e+03 1.23014e-02 2.10450e-01
206  1897 -1.11969e+03 1.23271e-02 2.10518e-01
207  1941 -1.14850e+03 1.23264e-02 2.10468e-01
208  1987 -1.12432e+03 1.23066e-02 2.10406e-01
209  2033 -1.14551e+03 1.23174e-02 2.10484e-01
210  2081 -1.11979e+03 1.23013e-02 2.10433e-01
211  2129 -1.11988e+03 1.23111e-02 2.10387e-01
212  2179 -1.13118e+03 1.23373e-02 2.10453e-01
213  2230 -1.11460e+03 1.23351e-02 2.10474e-01
214  2282 -1.10990e+03 1.23544e-02 2.10549e-01
215  2335 -1.14187e+03 1.23422e-02 2.10468e-01
216  2390 -1.15344e+03 1.23406e-02 2.10438e-01
217  2446 -1.11183e+03 1.23343e-02 2.10418e-01
218  2503 -1.12325e+03 1.23298e-02 2.10407e-01
219  2561 -1.12846e+03 1.23203e-02 2.10372e-01
220  2621 -1.10809e+03 1.23248e-02 2.10394e-01
221  2682 -1.11071e+03 1.23196e-02 2.10390e-01
222  2745 -1.12095e+03 1.23186e-02 2.10385e-01
223  2809 -1.12856e+03 1.23146e-02 2.10374e-01
224  2875 -1.12820e+03 1.23119e-02 2.10363e-01
225  2942 -1.11478e+03 1.23107e-02 2.10367e-01
226  3010 -1.13827e+03 1.23141e-02 2.10380e-01
227  3081 -1.11516e+03 1.23166e-02 2.10391e-01
228  3153 -1.13087e+03 1.23164e-02 2.10395e-01
229  3226 -1.13956e+03 1.23159e-02 2.10395e-01
230  3302 -1.12718e+03 1.23167e-02 2.10398e-01
231  3379 -1.15623e+03 1.23179e-02 2.10402e-01
232  3458 -1.13388e+03 1.23180e-02 2.10404e-01
233  3538 -1.14641e+03 1.23177e-02 2.10403e-01
234  3621 -1.14006e+03 1.23176e-02 2.10403e-01
235  3706 -1.11063e+03 1.23176e-02 2.10403e-01
236  3792 -1.12129e+03 1.23181e-02 2.10405e-01
237  3881 -1.13270e+03 1.23180e-02 2.10405e-01
238  3971 -1.12698e+03 1.23179e-02 2.10405e-01
239  4064 -1.13828e+03 1.23180e-02 2.10405e-01
240  4159 -1.11823e+03 1.23180e-02 2.10406e-01
241  4256 -1.11816e+03 1.23182e-02 2.10408e-01
242  4356 -1.10238e+03 1.23182e-02 2.10408e-01
243  4457 -1.12829e+03 1.23185e-02 2.10409e-01
244  4561 -1.12499e+03 1.23190e-02 2.10411e-01
245  4668 -1.13121e+03 1.23189e-02 2.10412e-01
246  4777 -1.13208e+03 1.23194e-02 2.10415e-01
247  4889 -1.13155e+03 1.23194e-02 2.10415e-01
248  5003 -1.12229e+03 1.23199e-02 2.10416e-01
249  5120 -1.14974e+03 1.23198e-02 2.10417e-01
250  5239 -1.14051e+03 1.23206e-02 2.10421e-01
251  5361 -1.12878e+03 1.23202e-02 2.10419e-01
252  5487 -1.13854e+03 1.23209e-02 2.10423e-01
253  5615 -1.13542e+03 1.23207e-02 2.10424e-01
254  5746 -1.11906e+03 1.23210e-02 2.10426e-01
255  5880 -1.10752e+03 1.23212e-02 2.10428e-01
256  6017 -1.11778e+03 1.23216e-02 2.10430e-01
257  6158 -1.12876e+03 1.23220e-02 2.10433e-01
258  6302 -1.13333e+03 1.23218e-02 2.10432e-01
259  6449 -1.13353e+03 1.23219e-02 2.10433e-01
260  6600 -1.12328e+03 1.23217e-02 2.10435e-01
261  6754 -1.14588e+03 1.23229e-02 2.10438e-01
262  6911 -1.12195e+03 1.23227e-02 2.10438e-01
263  7073 -1.11917e+03 1.23239e-02 2.10444e-01
264  7238 -1.11779e+03 1.23247e-02 2.10449e-01
265  7407 -1.12628e+03 1.23244e-02 2.10449e-01
266  7580 -1.13530e+03 1.23246e-02 2.10449e-01
267  7757 -1.13637e+03 1.23250e-02 2.10451e-01
268  7938 -1.10214e+03 1.23253e-02 2.10453e-01
269  8124 -1.13919e+03 1.23249e-02 2.10453e-01
270  8313 -1.10850e+03 1.23250e-02 2.10452e-01
271  8507 -1.12940e+03 1.23249e-02 2.10454e-01
272  8706 -1.13811e+03 1.23256e-02 2.10457e-01
273  8909 -1.11866e+03 1.23260e-02 2.10460e-01
274  9118 -1.13614e+03 1.23247e-02 2.10459e-01
275  9330 -1.12267e+03 1.23259e-02 2.10462e-01
276  9548 -1.13495e+03 1.23271e-02 2.10466e-01
277  9771 -1.13976e+03 1.23269e-02 2.10464e-01
278 10000 -1.13775e+03 1.23270e-02 2.10464e-01
