i, epoch, loss, l2_err, h1_err
  0     1 -9.58195e+01 9.99512e-01 1.22219e+00
  1     2 -1.58796e+02 9.96148e-01 1.26400e+00
  2     3 -2.24509e+02 9.91921e-01 1.32284e+00
  3     4 -2.86866e+02 9.86743e-01 1.37739e+00
  4     5 -3.41855e+02 9.80733e-01 1.42702e+00
  5     6 -4.02822e+02 9.73929e-01 1.47105e+00
  6     7 -4.54270e+02 9.66229e-01 1.50886e+00
  7     8 -5.09226e+02 9.57640e-01 1.54118e+00
  8     9 -5.46921e+02 9.48181e-01 1.56798e+00
  9    10 -5.97522e+02 9.38081e-01 1.59081e+00
 10    11 -6.38360e+02 9.27153e-01 1.60880e+00
 11    12 -6.84470e+02 9.15596e-01 1.62351e+00
 12    13 -7.21525e+02 9.03486e-01 1.63438e+00
 13    14 -7.55500e+02 8.90673e-01 1.64170e+00
 14    15 -7.90238e+02 8.77258e-01 1.64585e+00
 15    16 -8.26502e+02 8.63335e-01 1.64790e+00
 16    17 -8.51441e+02 8.48765e-01 1.64713e+00
 17    18 -8.83884e+02 8.33622e-01 1.64346e+00
 18    19 -8.84113e+02 8.18017e-01 1.63701e+00
 19    20 -9.13207e+02 8.01981e-01 1.62772e+00
 20    21 -9.42609e+02 7.85537e-01 1.61657e+00
 21    22 -9.64878e+02 7.68631e-01 1.60318e+00
 22    23 -9.77367e+02 7.51269e-01 1.58752e+00
 23    24 -9.98210e+02 7.33461e-01 1.56935e+00
 24    25 -9.99064e+02 7.15239e-01 1.54885e+00
 25    26 -1.02924e+03 6.96723e-01 1.52665e+00
 26    27 -1.03548e+03 6.77953e-01 1.50237e+00
 27    28 -1.04920e+03 6.58921e-01 1.47638e+00
 28    29 -1.05107e+03 6.39716e-01 1.44881e+00
 29    30 -1.07147e+03 6.20310e-01 1.41968e+00
 30    31 -1.08717e+03 6.00796e-01 1.38944e+00
 31    32 -1.08756e+03 5.81239e-01 1.35833e+00
 32    33 -1.09728e+03 5.61632e-01 1.32622e+00
 33    34 -1.09233e+03 5.42097e-01 1.29325e+00
 34    35 -1.09244e+03 5.22589e-01 1.25943e+00
 35    36 -1.09791e+03 5.03176e-01 1.22498e+00
 36    37 -1.11379e+03 4.83869e-01 1.18986e+00
 37    38 -1.11854e+03 4.64680e-01 1.15409e+00
 38    39 -1.10535e+03 4.45717e-01 1.11778e+00
 39    40 -1.12530e+03 4.26969e-01 1.08119e+00
 40    41 -1.11490e+03 4.08479e-01 1.04450e+00
 41    42 -1.12175e+03 3.90288e-01 1.00776e+00
 42    43 -1.11026e+03 3.72358e-01 9.70896e-01
 43    44 -1.10266e+03 3.54712e-01 9.34150e-01
 44    45 -1.11429e+03 3.37406e-01 8.97729e-01
 45    46 -1.11223e+03 3.20460e-01 8.61741e-01
 46    47 -1.10028e+03 3.03889e-01 8.26078e-01
 47    48 -1.12133e+03 2.87695e-01 7.90915e-01
 48    49 -1.10323e+03 2.71871e-01 7.56332e-01
 49    50 -1.10734e+03 2.56456e-01 7.22433e-01
 50    51 -1.11728e+03 2.41506e-01 6.89473e-01
 51    53 -1.11480e+03 2.13009e-01 6.26305e-01
 52    54 -1.11684e+03 1.99444e-01 5.95977e-01
 53    55 -1.13081e+03 1.86368e-01 5.66652e-01
 54    56 -1.13216e+03 1.73771e-01 5.38542e-01
 55    58 -1.14114e+03 1.50045e-01 4.86532e-01
 56    59 -1.12034e+03 1.38906e-01 4.62555e-01
 57    60 -1.10284e+03 1.28256e-01 4.39774e-01
 58    62 -1.13027e+03 1.08505e-01 3.97742e-01
 59    63 -1.10815e+03 9.93722e-02 3.78599e-01
 60    65 -1.11843e+03 8.26006e-02 3.44074e-01
 61    66 -1.13892e+03 7.49299e-02 3.28567e-01
 62    68 -1.12138e+03 6.10926e-02 3.00059e-01
 63    69 -1.11829e+03 5.49165e-02 2.87012e-01
 64    71 -1.12874e+03 4.39749e-02 2.63128e-01
 65    73 -1.11013e+03 3.47605e-02 2.42035e-01
 66    74 -1.12253e+03 3.07215e-02 2.32486e-01
 67    76 -1.12149e+03 2.37529e-02 2.14931e-01
 68    78 -1.10947e+03 1.82917e-02 1.98809e-01
 69    80 -1.12302e+03 1.43254e-02 1.84736e-01
 70    82 -1.11604e+03 1.16792e-02 1.72659e-01
 71    84 -1.13763e+03 1.01343e-02 1.62336e-01
 72    86 -1.11625e+03 9.40107e-03 1.54162e-01
 73    88 -1.13139e+03 9.19069e-03 1.48081e-01
 74    90 -1.14155e+03 9.23751e-03 1.44249e-01
 75    92 -1.11364e+03 9.38028e-03 1.42318e-01
 76    94 -1.13029e+03 9.44614e-03 1.40762e-01
 77    96 -1.12989e+03 9.42934e-03 1.40094e-01
 78    98 -1.12836e+03 9.36526e-03 1.40046e-01
 79   101 -1.11830e+03 9.18166e-03 1.39979e-01
 80   103 -1.12640e+03 9.12022e-03 1.40815e-01
 81   105 -1.12761e+03 9.02272e-03 1.41448e-01
 82   108 -1.14021e+03 8.66437e-03 1.40925e-01
 83   110 -1.12498e+03 8.35882e-03 1.41105e-01
 84   113 -1.11804e+03 7.79432e-03 1.40648e-01
 85   116 -1.16189e+03 7.29683e-03 1.40850e-01
 86   118 -1.13001e+03 7.02825e-03 1.40409e-01
 87   121 -1.12210e+03 6.57204e-03 1.39720e-01
 88   124 -1.12467e+03 6.10113e-03 1.38646e-01
 89   127 -1.13509e+03 5.86885e-03 1.38350e-01
 90   130 -1.11734e+03 5.72460e-03 1.39218e-01
 91   133 -1.13934e+03 5.50443e-03 1.39038e-01
 92   136 -1.13148e+03 5.24247e-03 1.37908e-01
 93   139 -1.13218e+03 5.04779e-03 1.37252e-01
 94   143 -1.12550e+03 4.80835e-03 1.36065e-01
 95   146 -1.11947e+03 4.64260e-03 1.35689e-01
 96   149 -1.11762e+03 4.59529e-03 1.36100e-01
 97   153 -1.11765e+03 4.57566e-03 1.37127e-01
 98   156 -1.14332e+03 4.50791e-03 1.36202e-01
 99   160 -1.12443e+03 4.37021e-03 1.35444e-01
100   164 -1.12872e+03 4.49650e-03 1.35935e-01
101   168 -1.13159e+03 4.53093e-03 1.36969e-01
102   172 -1.13136e+03 4.82918e-03 1.40585e-01
103   176 -1.13106e+03 4.85211e-03 1.38917e-01
104   180 -1.12862e+03 4.83241e-03 1.37967e-01
105   184 -1.13316e+03 4.69889e-03 1.37096e-01
106   188 -1.13667e+03 4.64330e-03 1.37915e-01
107   193 -1.14312e+03 4.70124e-03 1.37466e-01
108   197 -1.13202e+03 4.52304e-03 1.37173e-01
109   202 -1.13096e+03 4.69250e-03 1.37606e-01
110   206 -1.12099e+03 4.71050e-03 1.37169e-01
111   211 -1.11136e+03 4.44089e-03 1.35945e-01
112   216 -1.13850e+03 4.39402e-03 1.35509e-01
113   221 -1.11607e+03 4.41699e-03 1.36499e-01
114   226 -1.11559e+03 4.61993e-03 1.38493e-01
115   232 -1.12313e+03 4.60455e-03 1.37508e-01
116   237 -1.13040e+03 4.77862e-03 1.38908e-01
117   243 -1.12216e+03 5.00781e-03 1.38287e-01
118   248 -1.13374e+03 4.60150e-03 1.36586e-01
119   254 -1.12146e+03 4.48670e-03 1.35807e-01
120   260 -1.12473e+03 4.74862e-03 1.40343e-01
121   266 -1.12789e+03 4.80832e-03 1.38071e-01
122   272 -1.12309e+03 4.69276e-03 1.38034e-01
123   279 -1.13617e+03 4.69554e-03 1.38074e-01
124   285 -1.12191e+03 4.57757e-03 1.37456e-01
125   292 -1.12557e+03 4.96872e-03 1.39090e-01
126   299 -1.15020e+03 4.69189e-03 1.36889e-01
127   306 -1.11928e+03 4.34317e-03 1.37218e-01
128   313 -1.11914e+03 4.73625e-03 1.38469e-01
129   320 -1.11386e+03 4.70945e-03 1.36517e-01
130   328 -1.13467e+03 4.69911e-03 1.36293e-01
131   335 -1.13040e+03 4.70312e-03 1.36373e-01
132   343 -1.13878e+03 4.57972e-03 1.35312e-01
133   351 -1.12689e+03 4.46466e-03 1.35355e-01
134   360 -1.13917e+03 4.24158e-03 1.34494e-01
135   368 -1.12513e+03 4.35536e-03 1.36428e-01
136   377 -1.12137e+03 4.54278e-03 1.36670e-01
137   385 -1.13213e+03 4.36324e-03 1.36018e-01
138   394 -1.12527e+03 4.48147e-03 1.36395e-01
139   404 -1.14285e+03 4.82063e-03 1.38007e-01
140   413 -1.11815e+03 4.77053e-03 1.37369e-01
141   423 -1.12413e+03 4.58446e-03 1.36807e-01
142   433 -1.12587e+03 4.38960e-03 1.34814e-01
143   443 -1.11849e+03 4.62614e-03 1.37432e-01
144   453 -1.11180e+03 4.75191e-03 1.37391e-01
145   464 -1.12429e+03 4.31024e-03 1.34869e-01
146   474 -1.13169e+03 4.35439e-03 1.35774e-01
147   486 -1.13709e+03 4.57618e-03 1.36869e-01
148   497 -1.13085e+03 4.37685e-03 1.35994e-01
149   509 -1.11462e+03 4.83167e-03 1.38719e-01
150   520 -1.12934e+03 4.63155e-03 1.36148e-01
151   533 -1.13462e+03 4.52641e-03 1.36748e-01
152   545 -1.13221e+03 4.36943e-03 1.35624e-01
153   558 -1.11623e+03 4.37206e-03 1.35764e-01
154   571 -1.13319e+03 4.46481e-03 1.35901e-01
155   584 -1.13680e+03 4.43747e-03 1.35926e-01
156   598 -1.12471e+03 4.29369e-03 1.34077e-01
157   612 -1.13020e+03 4.34218e-03 1.35415e-01
158   626 -1.11060e+03 4.48726e-03 1.35963e-01
159   641 -1.10657e+03 4.35617e-03 1.34944e-01
160   656 -1.11289e+03 4.38654e-03 1.36034e-01
161   671 -1.14124e+03 4.49513e-03 1.35687e-01
162   687 -1.16308e+03 4.38865e-03 1.35582e-01
163   703 -1.12398e+03 4.46902e-03 1.36173e-01
164   719 -1.13551e+03 4.44308e-03 1.36092e-01
165   736 -1.13144e+03 4.46272e-03 1.35837e-01
166   753 -1.14027e+03 4.57875e-03 1.35487e-01
167   771 -1.11054e+03 4.47551e-03 1.35835e-01
168   789 -1.13666e+03 4.37490e-03 1.35110e-01
169   807 -1.12571e+03 4.37716e-03 1.35343e-01
170   826 -1.13188e+03 4.23270e-03 1.34611e-01
171   845 -1.13889e+03 4.22203e-03 1.35082e-01
172   865 -1.12605e+03 4.15451e-03 1.34711e-01
173   885 -1.12346e+03 4.41532e-03 1.36106e-01
174   906 -1.13701e+03 4.41311e-03 1.35685e-01
175   927 -1.14811e+03 4.28471e-03 1.35087e-01
176   949 -1.14715e+03 4.35125e-03 1.35383e-01
177   971 -1.12275e+03 4.34561e-03 1.35032e-01
178   994 -1.13709e+03 4.39055e-03 1.34749e-01
179  1017 -1.12969e+03 4.50256e-03 1.35209e-01
180  1041 -1.12402e+03 4.55108e-03 1.36302e-01
181  1065 -1.13650e+03 4.39307e-03 1.35427e-01
182  1090 -1.12042e+03 4.29052e-03 1.35341e-01
183  1115 -1.14870e+03 4.39438e-03 1.35748e-01
184  1141 -1.13641e+03 4.36488e-03 1.35607e-01
185  1168 -1.16146e+03 4.23469e-03 1.34522e-01
186  1195 -1.12133e+03 4.28419e-03 1.35108e-01
187  1223 -1.12168e+03 4.35116e-03 1.35409e-01
188  1252 -1.14132e+03 4.37526e-03 1.35499e-01
189  1281 -1.12509e+03 4.16223e-03 1.33906e-01
190  1311 -1.12775e+03 4.21352e-03 1.34754e-01
191  1342 -1.12589e+03 4.27475e-03 1.35194e-01
192  1373 -1.11486e+03 4.29779e-03 1.35025e-01
193  1405 -1.12260e+03 4.30609e-03 1.35283e-01
194  1438 -1.12524e+03 4.24626e-03 1.34932e-01
195  1472 -1.11302e+03 4.25619e-03 1.34691e-01
196  1506 -1.12981e+03 4.28814e-03 1.35058e-01
197  1541 -1.13486e+03 4.32280e-03 1.35035e-01
198  1577 -1.11751e+03 4.29521e-03 1.34627e-01
199  1614 -1.12497e+03 4.28739e-03 1.34696e-01
200  1652 -1.14268e+03 4.34324e-03 1.35190e-01
201  1690 -1.13661e+03 4.29083e-03 1.34776e-01
202  1730 -1.12920e+03 4.25899e-03 1.34519e-01
203  1770 -1.13659e+03 4.29746e-03 1.34970e-01
204  1811 -1.12661e+03 4.30083e-03 1.35001e-01
205  1854 -1.11361e+03 4.31636e-03 1.35096e-01
206  1897 -1.12324e+03 4.29711e-03 1.34912e-01
207  1941 -1.13693e+03 4.29634e-03 1.34788e-01
208  1987 -1.12757e+03 4.30301e-03 1.34909e-01
209  2033 -1.15332e+03 4.32388e-03 1.35068e-01
210  2081 -1.13717e+03 4.31603e-03 1.35113e-01
211  2129 -1.13230e+03 4.32046e-03 1.35076e-01
212  2179 -1.13541e+03 4.32884e-03 1.35158e-01
213  2230 -1.12823e+03 4.31947e-03 1.35009e-01
214  2282 -1.13382e+03 4.32137e-03 1.34998e-01
215  2335 -1.14237e+03 4.31963e-03 1.34937e-01
216  2390 -1.13018e+03 4.31698e-03 1.34944e-01
217  2446 -1.14395e+03 4.32709e-03 1.35033e-01
218  2503 -1.14201e+03 4.32247e-03 1.35007e-01
219  2561 -1.12537e+03 4.32253e-03 1.35028e-01
220  2621 -1.11412e+03 4.32493e-03 1.35053e-01
221  2682 -1.13057e+03 4.32240e-03 1.35020e-01
222  2745 -1.14448e+03 4.32567e-03 1.35036e-01
223  2809 -1.12718e+03 4.32711e-03 1.35020e-01
224  2875 -1.13901e+03 4.32884e-03 1.35037e-01
225  2942 -1.14069e+03 4.32631e-03 1.35005e-01
226  3010 -1.12071e+03 4.32622e-03 1.34993e-01
227  3081 -1.13329e+03 4.32487e-03 1.34976e-01
228  3153 -1.12395e+03 4.32333e-03 1.34968e-01
229  3226 -1.13137e+03 4.32177e-03 1.34955e-01
230  3302 -1.14795e+03 4.32119e-03 1.34951e-01
231  3379 -1.17044e+03 4.32022e-03 1.34947e-01
232  3458 -1.13911e+03 4.32087e-03 1.34952e-01
233  3538 -1.13872e+03 4.32136e-03 1.34957e-01
234  3621 -1.12830e+03 4.32107e-03 1.34957e-01
235  3706 -1.13905e+03 4.32110e-03 1.34957e-01
236  3792 -1.12985e+03 4.32113e-03 1.34957e-01
237  3881 -1.13503e+03 4.32134e-03 1.34959e-01
238  3971 -1.12173e+03 4.32132e-03 1.34958e-01
239  4064 -1.12149e+03 4.32135e-03 1.34959e-01
240  4159 -1.14315e+03 4.32121e-03 1.34958e-01
241  4256 -1.13288e+03 4.32110e-03 1.34956e-01
242  4356 -1.14908e+03 4.32121e-03 1.34957e-01
243  4457 -1.13261e+03 4.32130e-03 1.34958e-01
244  4561 -1.12157e+03 4.32146e-03 1.34960e-01
245  4668 -1.15259e+03 4.32156e-03 1.34960e-01
246  4777 -1.13024e+03 4.32155e-03 1.34960e-01
247  4889 -1.13770e+03 4.32115e-03 1.34956e-01
248  5003 -1.12500e+03 4.32142e-03 1.34958e-01
249  5120 -1.14094e+03 4.32113e-03 1.34956e-01
250  5239 -1.12841e+03 4.32103e-03 1.34955e-01
251  5361 -1.13413e+03 4.32101e-03 1.34956e-01
252  5487 -1.10201e+03 4.32091e-03 1.34954e-01
253  5615 -1.11680e+03 4.32073e-03 1.34954e-01
254  5746 -1.13606e+03 4.32046e-03 1.34953e-01
255  5880 -1.12865e+03 4.32029e-03 1.34952e-01
256  6017 -1.12553e+03 4.32045e-03 1.34953e-01
257  6158 -1.10950e+03 4.32049e-03 1.34955e-01
258  6302 -1.14195e+03 4.32055e-03 1.34955e-01
259  6449 -1.12480e+03 4.32062e-03 1.34957e-01
260  6600 -1.12429e+03 4.32075e-03 1.34960e-01
261  6754 -1.12386e+03 4.32085e-03 1.34962e-01
262  6911 -1.11780e+03 4.32056e-03 1.34959e-01
263  7073 -1.14383e+03 4.32081e-03 1.34959e-01
264  7238 -1.13536e+03 4.32046e-03 1.34955e-01
265  7407 -1.12370e+03 4.32016e-03 1.34953e-01
266  7580 -1.12271e+03 4.32060e-03 1.34954e-01
267  7757 -1.14977e+03 4.32082e-03 1.34956e-01
268  7938 -1.13195e+03 4.32032e-03 1.34952e-01
269  8124 -1.13392e+03 4.32060e-03 1.34954e-01
270  8313 -1.12276e+03 4.32016e-03 1.34950e-01
271  8507 -1.14512e+03 4.31975e-03 1.34951e-01
272  8706 -1.12949e+03 4.31961e-03 1.34952e-01
273  8909 -1.15001e+03 4.31905e-03 1.34951e-01
274  9118 -1.12383e+03 4.31892e-03 1.34950e-01
275  9330 -1.13145e+03 4.31885e-03 1.34948e-01
276  9548 -1.14509e+03 4.31822e-03 1.34944e-01
277  9771 -1.12071e+03 4.31881e-03 1.34948e-01
278 10000 -1.12430e+03 4.31811e-03 1.34943e-01
