iteration	energy	residual_norm	L2-error	H1-error
0	0.000000e+00	1.278512e+03	1.000000e+00	1.000000e+00
10	-7.332925e+01	5.448635e-01	2.297991e-02	7.363697e-02
20	-7.334816e+01	1.528673e-02	1.426763e-02	4.184732e-02
30	-7.335138e+01	1.708456e-02	1.080332e-02	3.211090e-02
40	-7.335202e+01	7.428305e-04	1.315195e-02	3.834094e-02
50	-7.335361e+01	4.590734e-04	1.216280e-02	3.547790e-02
60	-7.335362e+01	9.696472e-03	1.097689e-02	3.477576e-02
70	-7.335403e+01	5.802953e-02	1.222571e-02	3.925424e-02
80	-7.335485e+01	2.535995e-04	1.252447e-02	4.266702e-02
90	-7.335485e+01	4.847029e-03	1.247059e-02	4.256212e-02
100	-7.335486e+01	1.580823e-03	1.238402e-02	4.223017e-02
110	-7.335516e+01	4.922144e-02	1.219489e-02	4.247981e-02
120	-7.335519e+01	8.886965e-04	1.180145e-02	4.145100e-02
130	-7.335541e+01	1.155298e-02	1.254898e-02	4.571023e-02
140	-7.335543e+01	8.404879e-05	1.247095e-02	4.601167e-02
150	-7.335543e+01	3.685677e-04	1.288359e-02	4.624173e-02
160	-7.335551e+01	1.149802e-02	1.291294e-02	4.725534e-02
170	-7.335601e+01	4.849090e-02	1.532461e-02	5.424933e-02
180	-7.335608e+01	2.380347e-04	1.393319e-02	5.444498e-02
190	-7.335610e+01	7.132865e-03	1.344975e-02	5.368587e-02
200	-7.335611e+01	8.449438e-02	1.362114e-02	5.370137e-02
210	-7.335612e+01	3.275109e-04	1.355664e-02	5.366322e-02
220	-7.335643e+01	1.799423e-01	1.348298e-02	5.309367e-02
230	-7.335645e+01	2.590458e-03	1.297465e-02	5.215287e-02
240	-7.335660e+01	5.486077e-03	1.370826e-02	5.564254e-02
250	-7.335662e+01	1.004258e-02	1.341404e-02	5.569306e-02
260	-7.335662e+01	6.104469e-02	1.319625e-02	5.568284e-02
270	-7.335663e+01	3.039668e-04	1.339903e-02	5.585067e-02
280	-7.335664e+01	2.771019e-03	1.347045e-02	5.610585e-02
290	-7.335670e+01	1.255064e-04	1.326472e-02	5.558688e-02
300	-7.335670e+01	1.825246e-03	1.327555e-02	5.560091e-02
310	-7.335685e+01	1.384294e-03	1.350002e-02	5.713488e-02
320	-7.335685e+01	3.739233e-04	1.352555e-02	5.716008e-02
330	-7.335685e+01	6.334123e-03	1.358141e-02	5.719863e-02
340	-7.335686e+01	1.349542e-04	1.351438e-02	5.719895e-02
350	-7.335686e+01	2.187613e-03	1.341670e-02	5.693587e-02
360	-7.335725e+01	4.143772e-03	1.392831e-02	6.066766e-02
370	-7.335728e+01	2.379022e-02	1.391333e-02	6.089524e-02
380	-7.335734e+01	1.697680e-03	1.483746e-02	6.177229e-02
390	-7.335736e+01	3.032397e-03	1.386011e-02	6.160049e-02
400	-7.335736e+01	2.269832e-02	1.390980e-02	6.166308e-02
410	-7.335736e+01	2.241374e-04	1.390086e-02	6.166259e-02
420	-7.335747e+01	3.546281e-02	1.412118e-02	6.285375e-02
430	-7.335792e+01	6.906677e-03	1.444758e-02	6.719069e-02
440	-7.335798e+01	1.637885e-02	1.250082e-02	6.720520e-02
450	-7.335816e+01	1.926865e-02	1.462606e-02	7.071626e-02
460	-7.335816e+01	3.783370e-03	1.470387e-02	7.075818e-02
470	-7.335816e+01	8.656460e-04	1.469992e-02	7.075597e-02
480	-7.335817e+01	1.290191e-03	1.472866e-02	7.039051e-02
490	-7.335817e+01	2.233501e-02	1.459999e-02	7.008307e-02
500	-7.335817e+01	2.890475e-03	1.485935e-02	7.011623e-02
510	-7.335818e+01	2.745621e-03	1.442395e-02	6.979673e-02
520	-7.335818e+01	1.571163e-03	1.441049e-02	6.980862e-02
530	-7.335827e+01	2.978846e-03	1.461904e-02	7.053475e-02
540	-7.335828e+01	3.488771e-03	1.460518e-02	7.062636e-02
550	-7.335829e+01	1.300620e-02	1.465194e-02	7.071899e-02
560	-7.335830e+01	6.912173e-04	1.488797e-02	7.094991e-02
570	-7.335830e+01	4.146042e-04	1.455542e-02	7.083501e-02
580	-7.335834e+01	7.124801e-04	1.459684e-02	7.078957e-02
590	-7.335835e+01	1.521328e-02	1.444997e-02	7.066237e-02
600	-7.335843e+01	2.134573e-03	1.438309e-02	7.081489e-02
610	-7.335843e+01	9.950080e-05	1.438269e-02	7.081400e-02
620	-7.335843e+01	5.908206e-04	1.436163e-02	7.083878e-02
630	-7.335843e+01	3.630777e-05	1.442002e-02	7.086213e-02
640	-7.335845e+01	1.875420e-02	1.453073e-02	7.115382e-02
650	-7.335846e+01	1.786335e-03	1.463054e-02	7.148761e-02
660	-7.335847e+01	4.165368e-04	1.438433e-02	7.094151e-02
670	-7.335847e+01	6.785065e-02	1.443759e-02	7.106687e-02
680	-7.335847e+01	4.500591e-02	1.436472e-02	7.103222e-02
690	-7.335848e+01	3.169227e-03	1.450493e-02	7.100255e-02
700	-7.335849e+01	4.372273e-01	1.448819e-02	7.103385e-02
710	-7.335849e+01	3.980952e-04	1.438248e-02	7.105132e-02
720	-7.335849e+01	4.201022e-03	1.439274e-02	7.108047e-02
730	-7.335868e+01	1.197980e-01	1.436035e-02	7.203383e-02
740	-7.335871e+01	9.628029e-04	1.437661e-02	7.229764e-02
750	-7.335871e+01	4.603027e-04	1.428468e-02	7.230998e-02
760	-7.335872e+01	2.022307e-05	1.432152e-02	7.235566e-02
770	-7.335872e+01	6.885287e-04	1.432268e-02	7.235555e-02
780	-7.335872e+01	4.419293e-05	1.432611e-02	7.234588e-02
790	-7.335872e+01	7.657160e-05	1.434080e-02	7.240460e-02
800	-7.335872e+01	3.729940e-03	1.433381e-02	7.229827e-02
810	-7.335872e+01	3.443266e-04	1.421262e-02	7.222989e-02
820	-7.335882e+01	1.164996e-03	1.477063e-02	7.460820e-02
830	-7.335886e+01	1.502927e-01	1.497920e-02	7.546317e-02
840	-7.335905e+01	5.444492e-03	1.553858e-02	7.962266e-02
850	-7.335928e+01	5.428376e-02	1.620698e-02	8.428280e-02
860	-7.335930e+01	3.265502e-03	1.627930e-02	8.473500e-02
870	-7.335948e+01	1.848191e-03	1.610313e-02	8.490246e-02
880	-7.335949e+01	1.401915e-02	1.605090e-02	8.487451e-02
890	-7.335961e+01	2.722389e-03	1.608526e-02	8.519338e-02
900	-7.335965e+01	3.607891e-04	1.603503e-02	8.535955e-02
910	-7.335965e+01	9.418470e-03	1.598839e-02	8.533198e-02
920	-7.335969e+01	9.225576e-03	1.539651e-02	8.516008e-02
930	-7.335973e+01	7.626600e-05	1.578149e-02	8.557466e-02
940	-7.335973e+01	1.855633e-04	1.598433e-02	8.566372e-02
950	-7.335973e+01	5.628257e-02	1.580031e-02	8.562111e-02
960	-7.335979e+01	2.601601e-02	1.596028e-02	8.545933e-02
970	-7.335980e+01	3.597719e-04	1.601135e-02	8.546979e-02
980	-7.335980e+01	1.311904e-02	1.584129e-02	8.503830e-02
990	-7.335980e+01	5.754187e-05	1.577142e-02	8.488369e-02
1000	-7.335981e+01	4.207909e-03	1.575467e-02	8.486935e-02
1010	-7.335981e+01	1.240262e-02	1.574307e-02	8.485876e-02
1020	-7.335981e+01	2.503452e-03	1.560030e-02	8.469482e-02
1030	-7.335981e+01	5.134464e-05	1.563914e-02	8.470916e-02
1040	-7.335989e+01	2.524184e-03	1.575541e-02	8.577925e-02
1050	-7.335989e+01	4.187682e-02	1.577741e-02	8.581724e-02
1060	-7.335989e+01	1.050585e-04	1.581233e-02	8.588706e-02
1070	-7.335990e+01	9.114143e-04	1.585721e-02	8.593142e-02
1080	-7.335990e+01	3.673884e-04	1.584993e-02	8.593701e-02
1090	-7.335990e+01	4.042393e-03	1.559902e-02	8.582647e-02
1100	-7.335990e+01	9.280152e-04	1.579809e-02	8.595630e-02
1110	-7.336012e+01	3.779081e-01	1.642327e-02	8.786645e-02
1120	-7.336015e+01	3.015063e-02	1.622546e-02	8.809226e-02
1130	-7.336015e+01	1.181031e-02	1.617779e-02	8.805503e-02
1140	-7.336016e+01	4.051101e-04	1.597632e-02	8.761056e-02
1150	-7.336016e+01	1.099757e-03	1.598955e-02	8.764868e-02
1160	-7.336016e+01	2.074615e-03	1.594407e-02	8.762786e-02
1170	-7.336018e+01	7.590074e-04	1.507080e-02	8.719161e-02
1180	-7.336020e+01	3.408997e-04	1.589104e-02	8.741327e-02
1190	-7.336021e+01	6.527958e-02	1.600327e-02	8.762200e-02
1200	-7.336021e+01	9.473069e-04	1.594175e-02	8.763725e-02
1210	-7.336022e+01	2.233327e-03	1.600837e-02	8.812763e-02
1220	-7.336022e+01	6.531484e-05	1.604034e-02	8.820507e-02
1230	-7.336022e+01	3.302387e-04	1.597733e-02	8.813926e-02
1240	-7.336023e+01	1.253984e-02	1.636766e-02	8.812976e-02
1250	-7.336024e+01	6.903445e-02	1.605370e-02	8.788180e-02
1260	-7.336026e+01	9.505600e-02	1.620781e-02	8.819337e-02
1270	-7.336027e+01	1.870505e-04	1.600562e-02	8.821687e-02
1280	-7.336027e+01	8.095636e-04	1.599590e-02	8.820978e-02
1290	-7.336027e+01	5.096908e-03	1.596496e-02	8.813720e-02
1300	-7.336027e+01	2.871506e-03	1.595961e-02	8.808981e-02
1310	-7.336027e+01	2.338123e-03	1.590767e-02	8.808794e-02
1320	-7.336027e+01	1.226207e-03	1.594222e-02	8.811387e-02
1330	-7.336027e+01	1.547865e-02	1.601477e-02	8.814376e-02
1340	-7.336027e+01	2.238924e-05	1.593700e-02	8.810547e-02
1350	-7.336027e+01	1.688858e-03	1.581194e-02	8.805199e-02
1360	-7.336028e+01	1.921871e-03	1.595465e-02	8.814502e-02
1370	-7.336028e+01	3.251560e-04	1.595442e-02	8.814569e-02
1380	-7.336028e+01	5.492225e-02	1.609989e-02	8.825949e-02
1390	-7.336030e+01	4.372297e-03	1.640133e-02	8.840450e-02
1400	-7.336033e+01	4.147242e-04	1.593240e-02	8.838307e-02
1410	-7.336033e+01	2.348644e-02	1.592759e-02	8.838900e-02
1420	-7.336049e+01	3.469124e-04	1.596960e-02	8.932552e-02
1430	-7.336049e+01	1.621417e-04	1.596719e-02	8.932169e-02
1440	-7.336049e+01	4.045968e-02	1.593533e-02	8.925101e-02
1450	-7.336050e+01	1.209259e-03	1.643427e-02	8.952044e-02
1460	-7.336051e+01	1.568639e-04	1.620212e-02	8.949261e-02
1470	-7.336052e+01	1.820490e-03	1.606206e-02	8.984293e-02
1480	-7.336056e+01	7.605608e-03	1.632096e-02	9.017465e-02
1490	-7.336060e+01	5.087747e-04	1.620737e-02	9.022204e-02
1500	-7.336063e+01	1.880185e-02	1.605658e-02	9.031561e-02
1510	-7.336065e+01	1.679492e-04	1.599238e-02	9.040012e-02
1520	-7.336065e+01	4.431479e-04	1.599206e-02	9.039834e-02
1530	-7.336065e+01	1.637984e-05	1.596808e-02	9.037604e-02
1540	-7.336065e+01	6.845690e-03	1.613151e-02	9.044080e-02
1550	-7.336066e+01	2.012203e-03	1.602558e-02	9.044401e-02
1560	-7.336066e+01	1.615340e-03	1.603032e-02	9.046693e-02
1570	-7.336066e+01	2.921247e-04	1.603790e-02	9.049719e-02
1580	-7.336066e+01	3.543204e-04	1.610380e-02	9.079760e-02
1590	-7.336066e+01	1.644468e-04	1.613640e-02	9.094073e-02
1600	-7.336067e+01	6.933243e-03	1.626871e-02	9.090683e-02
1610	-7.336067e+01	7.441857e-04	1.588660e-02	9.057272e-02
1620	-7.336067e+01	2.691447e-03	1.591815e-02	9.075808e-02
1630	-7.336067e+01	2.461001e-02	1.613700e-02	9.090423e-02
1640	-7.336068e+01	6.468971e-05	1.613408e-02	9.090306e-02
1650	-7.336068e+01	2.987045e-04	1.614006e-02	9.090292e-02
1660	-7.336067e+01	1.778105e-03	1.612523e-02	9.089172e-02
1670	-7.336068e+01	7.757862e-03	1.612280e-02	9.092099e-02
1680	-7.336068e+01	4.917241e-05	1.613107e-02	9.093915e-02
1690	-7.336068e+01	4.688955e-03	1.627813e-02	9.099571e-02
1700	-7.336069e+01	4.772173e-04	1.609057e-02	9.091716e-02
1710	-7.336069e+01	2.077204e-03	1.611694e-02	9.092655e-02
1720	-7.336069e+01	1.880359e-05	1.611620e-02	9.092628e-02
1730	-7.336069e+01	4.941300e-03	1.611674e-02	9.092722e-02
1740	-7.336071e+01	2.716479e-04	1.609841e-02	9.093141e-02
1750	-7.336077e+01	2.508909e-02	1.663171e-02	9.062981e-02
1760	-7.336079e+01	4.889314e-04	1.557450e-02	9.014459e-02
1770	-7.336081e+01	3.503223e-04	1.570235e-02	9.071496e-02
1780	-7.336081e+01	2.067099e-04	1.587836e-02	9.087964e-02
1790	-7.336081e+01	7.357293e-03	1.585046e-02	9.085256e-02
1800	-7.336082e+01	6.161321e-02	1.578158e-02	9.076960e-02
1810	-7.336083e+01	4.574718e-03	1.588966e-02	9.097640e-02
1820	-7.336083e+01	3.577102e-02	1.599290e-02	9.102354e-02
1830	-7.336083e+01	4.834332e-04	1.587129e-02	9.099209e-02
1840	-7.336084e+01	1.139008e-03	1.540034e-02	9.082485e-02
1850	-7.336089e+01	1.963092e-02	1.539419e-02	9.091197e-02
1860	-7.336092e+01	4.793915e-03	1.570306e-02	9.137014e-02
1870	-7.336092e+01	2.826286e-03	1.571311e-02	9.143188e-02
1880	-7.336093e+01	1.121761e-01	1.624863e-02	9.192740e-02
1890	-7.336094e+01	2.086026e-04	1.606166e-02	9.189200e-02
1900	-7.336094e+01	6.538958e-04	1.610158e-02	9.191019e-02
1910	-7.336094e+01	5.937796e-04	1.614270e-02	9.198891e-02
1920	-7.336094e+01	1.777685e-04	1.604468e-02	9.181863e-02
1930	-7.336094e+01	6.162090e-03	1.604859e-02	9.181664e-02
1940	-7.336094e+01	9.950689e-05	1.604380e-02	9.181556e-02
1950	-7.336094e+01	8.232274e-03	1.603653e-02	9.184991e-02
1960	-7.336094e+01	3.585764e-05	1.606478e-02	9.189727e-02
1970	-7.336094e+01	1.513018e-02	1.610821e-02	9.188173e-02
1980	-7.336094e+01	7.800416e-03	1.602031e-02	9.184418e-02
1990	-7.336094e+01	4.164805e-03	1.587566e-02	9.202295e-02
2000	-7.336095e+01	5.387767e-03	1.609208e-02	9.214880e-02
2010	-7.336095e+01	7.010841e-05	1.607225e-02	9.209600e-02
2020	-7.336095e+01	1.175740e-03	1.614128e-02	9.211639e-02
2030	-7.336095e+01	8.243871e-03	1.601225e-02	9.196801e-02
2040	-7.336095e+01	2.851215e-05	1.604558e-02	9.191354e-02
2050	-7.336099e+01	2.816359e-03	1.606014e-02	9.250593e-02
2060	-7.336100e+01	4.637169e-04	1.616361e-02	9.304313e-02
2070	-7.336100e+01	1.065841e-03	1.615982e-02	9.305716e-02
2080	-7.336100e+01	4.329394e-05	1.617092e-02	9.309886e-02
2090	-7.336100e+01	5.346549e-03	1.617935e-02	9.310821e-02
2100	-7.336101e+01	5.022150e-04	1.587648e-02	9.297404e-02
2110	-7.336102e+01	6.153901e-02	1.580356e-02	9.265764e-02
2120	-7.336109e+01	3.594613e-02	1.583451e-02	9.338448e-02
2130	-7.336116e+01	5.911509e-03	1.637754e-02	9.466161e-02
2140	-7.336150e+01	1.854366e-02	1.640893e-02	9.792693e-02
2150	-7.336151e+01	6.338072e-02	1.643200e-02	9.811360e-02
2160	-7.336152e+01	5.052731e-03	1.630506e-02	9.822908e-02
2170	-7.336155e+01	1.562295e-02	1.667174e-02	9.873249e-02
2180	-7.336155e+01	1.730739e-03	1.653363e-02	9.869207e-02
2190	-7.336155e+01	2.251510e-03	1.646705e-02	9.869895e-02
2200	-7.336155e+01	2.293856e-03	1.648805e-02	9.871011e-02
2210	-7.336163e+01	1.526910e-01	1.659438e-02	1.000873e-01
2220	-7.336167e+01	1.344000e-04	1.678272e-02	1.009986e-01
2230	-7.336167e+01	6.631320e-03	1.629400e-02	1.008380e-01
2240	-7.336173e+01	1.620275e-02	1.657942e-02	1.015447e-01
2250	-7.336173e+01	1.178754e-03	1.645962e-02	1.016909e-01
2260	-7.336177e+01	1.111043e-03	1.764100e-02	1.030891e-01
2270	-7.336179e+01	1.471114e-03	1.703849e-02	1.032219e-01
2280	-7.336181e+01	1.145855e+00	1.698987e-02	1.028465e-01
2290	-7.336183e+01	1.179566e-03	1.661612e-02	1.027158e-01
2300	-7.336185e+01	1.082190e-01	1.665671e-02	1.029034e-01
2310	-7.336213e+01	4.061293e-04	1.788372e-02	1.085650e-01
2320	-7.336214e+01	6.059890e-04	1.789703e-02	1.085289e-01
2330	-7.336217e+01	8.242833e-01	1.773691e-02	1.081445e-01
2340	-7.336219e+01	5.660240e-04	1.752025e-02	1.079715e-01
2350	-7.336221e+01	2.186625e-02	1.845783e-02	1.081632e-01
2360	-7.336227e+01	3.606701e-04	1.739103e-02	1.074508e-01
2370	-7.336229e+01	8.015920e-03	1.710945e-02	1.073105e-01
2380	-7.336234e+01	2.487870e-04	1.739721e-02	1.073808e-01
2390	-7.336235e+01	4.682383e-03	1.740736e-02	1.074062e-01
2400	-7.336264e+01	1.385694e-03	1.796578e-02	1.098908e-01
2410	-7.336264e+01	1.388947e-02	1.799965e-02	1.099039e-01
2420	-7.336264e+01	1.783876e-02	1.798524e-02	1.098936e-01
2430	-7.336267e+01	4.012529e-03	1.744483e-02	1.094243e-01
2440	-7.336268e+01	3.828135e-02	1.769455e-02	1.094775e-01
2450	-7.336278e+01	2.190512e-03	1.749444e-02	1.090260e-01
2460	-7.336280e+01	2.066282e-03	1.699926e-02	1.088189e-01
2470	-7.336280e+01	2.034856e-02	1.700424e-02	1.088193e-01
2480	-7.336282e+01	1.493065e-04	1.722680e-02	1.088054e-01
2490	-7.336282e+01	1.450249e-04	1.717199e-02	1.087155e-01
2500	-7.336282e+01	6.292597e-03	1.717135e-02	1.087008e-01
2510	-7.336282e+01	3.499588e-05	1.720408e-02	1.087027e-01
2520	-7.336282e+01	1.778288e-04	1.719040e-02	1.086961e-01
2530	-7.336282e+01	4.529046e-04	1.716958e-02	1.086658e-01
2540	-7.336282e+01	3.587629e-05	1.717947e-02	1.086653e-01
2550	-7.336282e+01	5.368737e-03	1.718653e-02	1.086749e-01
2560	-7.336283e+01	3.237868e-04	1.718362e-02	1.090139e-01
2570	-7.336285e+01	7.320271e-01	1.753271e-02	1.097219e-01
2580	-7.336285e+01	8.457143e-05	1.729163e-02	1.098220e-01
2590	-7.336285e+01	1.782361e-04	1.727993e-02	1.098176e-01
2600	-7.336285e+01	3.363975e-03	1.731510e-02	1.098351e-01
2610	-7.336285e+01	1.533083e-03	1.747650e-02	1.099719e-01
2620	-7.336285e+01	2.182604e-03	1.736151e-02	1.099539e-01
2630	-7.336285e+01	1.404549e-03	1.732354e-02	1.099482e-01
2640	-7.336285e+01	5.117865e-04	1.731636e-02	1.099453e-01
2650	-7.336286e+01	7.127847e-03	1.729760e-02	1.099838e-01
2660	-7.336286e+01	1.982173e-03	1.731246e-02	1.099955e-01
2670	-7.336286e+01	1.169421e-03	1.738768e-02	1.100383e-01
2680	-7.336286e+01	2.903151e-04	1.733383e-02	1.100382e-01
2690	-7.336286e+01	1.728917e-05	1.732002e-02	1.100339e-01
2700	-7.336285e+01	1.134785e-03	1.738179e-02	1.100577e-01
2710	-7.336286e+01	6.650496e-02	1.738974e-02	1.100546e-01
2720	-7.336287e+01	3.164933e-05	1.732944e-02	1.101651e-01
2730	-7.336287e+01	5.925727e-04	1.747633e-02	1.105012e-01
2740	-7.336287e+01	1.017121e-03	1.747617e-02	1.105142e-01
2750	-7.336287e+01	3.369170e-04	1.732295e-02	1.104184e-01
2760	-7.336288e+01	1.046674e-03	1.734303e-02	1.103673e-01
2770	-7.336288e+01	6.789548e-03	1.735749e-02	1.103713e-01
2780	-7.336288e+01	1.410170e-04	1.734180e-02	1.103680e-01
2790	-7.336288e+01	5.360035e-03	1.739195e-02	1.103954e-01
2800	-7.336288e+01	3.138942e-03	1.734795e-02	1.103825e-01
2810	-7.336287e+01	1.899739e-02	1.736060e-02	1.103935e-01
2820	-7.336288e+01	1.203234e-03	1.743254e-02	1.104927e-01
2830	-7.336289e+01	1.094209e-03	1.756561e-02	1.106976e-01
2840	-7.336289e+01	6.297994e-04	1.751809e-02	1.107395e-01
2850	-7.336290e+01	3.526800e-02	1.750570e-02	1.107473e-01
2860	-7.336291e+01	1.379137e-04	1.736567e-02	1.107688e-01
2870	-7.336291e+01	9.652198e-02	1.748133e-02	1.107987e-01
2880	-7.336291e+01	1.159482e-03	1.747289e-02	1.107990e-01
2890	-7.336294e+01	8.277384e-04	1.707709e-02	1.099665e-01
2900	-7.336294e+01	3.267114e-03	1.702610e-02	1.098687e-01
2910	-7.336296e+01	4.871024e-02	1.705066e-02	1.100521e-01
2920	-7.336298e+01	3.793858e-04	1.737489e-02	1.104565e-01
2930	-7.336298e+01	4.715071e-04	1.737534e-02	1.104541e-01
2940	-7.336299e+01	4.048934e-03	1.754469e-02	1.104614e-01
2950	-7.336299e+01	4.113351e-03	1.727675e-02	1.102481e-01
2960	-7.336299e+01	6.010256e-03	1.727216e-02	1.102522e-01
2970	-7.336301e+01	3.488044e-04	1.727601e-02	1.107179e-01
2980	-7.336301e+01	4.039600e-03	1.726886e-02	1.107145e-01
2990	-7.336301e+01	9.426806e-04	1.722315e-02	1.106816e-01
3000	-7.336301e+01	2.550181e-04	1.720239e-02	1.106629e-01
3010	-7.336302e+01	3.095455e-01	1.710205e-02	1.103555e-01
3020	-7.336302e+01	3.130072e-03	1.699504e-02	1.102568e-01
3030	-7.336302e+01	2.559055e-03	1.744791e-02	1.104193e-01
3040	-7.336302e+01	3.375918e-04	1.722389e-02	1.103677e-01
3050	-7.336303e+01	7.154803e-02	1.723330e-02	1.103494e-01
3060	-7.336303e+01	3.461131e-04	1.719694e-02	1.102922e-01
3070	-7.336303e+01	8.166821e-05	1.719634e-02	1.102862e-01
3080	-7.336303e+01	1.707303e-03	1.731858e-02	1.104725e-01
3090	-7.336304e+01	1.080434e-02	1.731243e-02	1.104995e-01
3100	-7.336304e+01	1.680608e-04	1.729308e-02	1.105019e-01
3110	-7.336304e+01	3.089363e-04	1.694511e-02	1.104724e-01
3120	-7.336305e+01	4.632830e-03	1.728912e-02	1.106855e-01
3130	-7.336305e+01	3.224045e-04	1.728817e-02	1.106871e-01
3140	-7.336305e+01	9.110402e-04	1.729507e-02	1.106976e-01
3150	-7.336305e+01	1.777680e-03	1.730123e-02	1.107040e-01
3160	-7.336305e+01	4.482931e-02	1.738777e-02	1.107641e-01
3170	-7.336305e+01	1.985771e-04	1.730387e-02	1.107479e-01
3180	-7.336305e+01	4.370704e-04	1.730274e-02	1.107271e-01
3190	-7.336305e+01	1.185679e-02	1.728635e-02	1.107135e-01
3200	-7.336305e+01	2.276118e-05	1.726048e-02	1.107051e-01
3210	-7.336305e+01	1.291173e-03	1.720873e-02	1.106897e-01
3220	-7.336306e+01	1.369243e-01	1.751492e-02	1.112762e-01
3230	-7.336307e+01	1.040784e-02	1.738844e-02	1.112998e-01
3240	-7.336308e+01	6.017814e-04	1.732004e-02	1.112976e-01
3250	-7.336308e+01	2.080197e-04	1.733382e-02	1.113058e-01
3260	-7.336308e+01	1.144385e-03	1.733664e-02	1.113060e-01
3270	-7.336308e+01	1.694393e-03	1.729404e-02	1.112853e-01
3280	-7.336308e+01	4.224822e-05	1.732669e-02	1.112957e-01
3290	-7.336309e+01	5.017795e-05	1.733095e-02	1.112979e-01
3300	-7.336308e+01	6.014571e-04	1.732443e-02	1.113084e-01
3310	-7.336308e+01	1.859437e-05	1.732454e-02	1.113086e-01
3320	-7.336308e+01	5.564502e-04	1.732290e-02	1.113081e-01
3330	-7.336308e+01	6.453153e-02	1.734993e-02	1.113145e-01
3340	-7.336309e+01	1.880218e-04	1.720393e-02	1.113121e-01
3350	-7.336309e+01	9.667198e-04	1.734985e-02	1.113723e-01
3360	-7.336309e+01	4.785322e-03	1.724565e-02	1.113463e-01
3370	-7.336309e+01	7.366729e-05	1.734438e-02	1.114189e-01
3380	-7.336309e+01	1.642620e-04	1.734533e-02	1.114193e-01
3390	-7.336309e+01	1.233781e-03	1.733491e-02	1.114069e-01
3400	-7.336309e+01	3.761325e-04	1.733376e-02	1.114060e-01
3410	-7.336309e+01	2.001187e-04	1.733467e-02	1.114060e-01
3420	-7.336309e+01	1.201616e-04	1.730631e-02	1.113125e-01
3430	-7.336309e+01	3.019375e-04	1.727026e-02	1.112964e-01
3440	-7.336309e+01	1.412192e-03	1.732270e-02	1.113492e-01
3450	-7.336309e+01	5.732632e-05	1.731102e-02	1.113455e-01
3460	-7.336309e+01	7.603825e-02	1.734768e-02	1.113566e-01
3470	-7.336309e+01	1.025832e-03	1.734327e-02	1.114270e-01
3480	-7.336310e+01	7.386354e-04	1.734987e-02	1.114377e-01
3490	-7.336309e+01	4.918583e-03	1.720503e-02	1.114520e-01
3500	-7.336310e+01	3.282854e-04	1.745539e-02	1.116687e-01
3510	-7.336311e+01	2.447081e-03	1.786605e-02	1.122263e-01
3520	-7.336311e+01	1.977574e-04	1.767682e-02	1.121898e-01
3530	-7.336311e+01	2.596643e-04	1.765748e-02	1.121824e-01
3540	-7.336320e+01	4.749126e-02	1.721636e-02	1.125642e-01
3550	-7.336321e+01	9.034388e-03	1.720560e-02	1.126415e-01
3560	-7.336325e+01	3.311709e-04	1.735369e-02	1.131113e-01
3570	-7.336325e+01	2.157961e-02	1.736829e-02	1.131408e-01
3580	-7.336325e+01	2.119299e-04	1.736862e-02	1.131445e-01
3590	-7.336331e+01	6.862958e-03	1.728328e-02	1.125557e-01
3600	-7.336331e+01	4.143957e-03	1.737019e-02	1.125835e-01
3610	-7.336331e+01	5.528816e-01	1.772809e-02	1.127602e-01
3620	-7.336332e+01	6.677561e-04	1.753712e-02	1.129319e-01
3630	-7.336333e+01	1.126087e-03	1.754983e-02	1.128545e-01
3640	-7.336333e+01	1.562755e-02	1.741519e-02	1.127349e-01
3650	-7.336333e+01	5.110158e-04	1.740806e-02	1.127240e-01
3660	-7.336333e+01	2.439102e-04	1.733589e-02	1.125638e-01
3670	-7.336333e+01	9.617107e-03	1.732852e-02	1.125542e-01
3680	-7.336333e+01	6.777468e-02	1.700051e-02	1.124098e-01
3690	-7.336340e+01	1.847512e-02	1.713453e-02	1.118129e-01
3700	-7.336340e+01	5.926378e-05	1.714625e-02	1.118125e-01
3710	-7.336340e+01	3.445070e-02	1.719203e-02	1.118526e-01
3720	-7.336340e+01	5.361921e-04	1.719566e-02	1.118578e-01
3730	-7.336340e+01	5.505590e-04	1.718708e-02	1.118563e-01
3740	-7.336341e+01	1.096290e-01	1.723453e-02	1.119312e-01
3750	-7.336341e+01	1.285125e-04	1.719798e-02	1.119305e-01
3760	-7.336341e+01	9.538553e-04	1.769788e-02	1.123168e-01
3770	-7.336341e+01	2.578074e-02	1.732085e-02	1.123630e-01
3780	-7.336341e+01	1.916889e-04	1.730629e-02	1.123666e-01
3790	-7.336341e+01	6.252400e-04	1.731811e-02	1.124653e-01
3800	-7.336341e+01	5.842390e-05	1.731603e-02	1.124684e-01
3810	-7.336341e+01	2.968321e-03	1.732026e-02	1.124817e-01
3820	-7.336342e+01	9.419267e-05	1.731528e-02	1.124799e-01
3830	-7.336342e+01	4.065363e-05	1.732006e-02	1.124826e-01
3840	-7.336342e+01	7.567213e-03	1.716178e-02	1.125682e-01
3850	-7.336342e+01	3.363356e-04	1.731566e-02	1.126470e-01
3860	-7.336342e+01	9.656743e-05	1.733862e-02	1.127120e-01
3870	-7.336342e+01	2.670373e-04	1.733840e-02	1.127157e-01
3880	-7.336342e+01	2.035715e-04	1.733654e-02	1.127133e-01
3890	-7.336342e+01	2.957429e-05	1.731903e-02	1.126946e-01
3900	-7.336342e+01	4.598021e-03	1.733164e-02	1.127088e-01
3910	-7.336341e+01	3.714262e-05	1.734135e-02	1.127238e-01
3920	-7.336341e+01	1.353861e-05	1.734166e-02	1.127243e-01
3930	-7.336342e+01	1.979621e-03	1.730488e-02	1.127120e-01
3940	-7.336344e+01	6.990860e-04	1.724265e-02	1.125616e-01
3950	-7.336343e+01	1.512886e-03	1.728344e-02	1.125774e-01
3960	-7.336344e+01	4.662442e-03	1.727279e-02	1.125706e-01
3970	-7.336344e+01	1.472767e-04	1.728151e-02	1.125759e-01
3980	-7.336343e+01	4.751162e-04	1.727017e-02	1.125848e-01
3990	-7.336344e+01	3.005056e-04	1.727910e-02	1.125927e-01
4000	-7.336343e+01	1.264445e-02	1.728272e-02	1.125945e-01
4010	-7.336344e+01	1.938356e-04	1.740580e-02	1.127722e-01
4020	-7.336344e+01	8.015061e-04	1.735692e-02	1.128069e-01
4030	-7.336343e+01	5.475191e-03	1.736123e-02	1.128086e-01
4040	-7.336344e+01	3.166556e-04	1.738478e-02	1.128459e-01
4050	-7.336344e+01	1.952269e-01	1.734626e-02	1.126893e-01
4060	-7.336344e+01	1.776716e-04	1.722829e-02	1.126068e-01
4070	-7.336344e+01	5.898695e-03	1.721856e-02	1.126044e-01
4080	-7.336344e+01	1.135735e-03	1.724821e-02	1.126786e-01
4090	-7.336344e+01	4.912239e-02	1.734068e-02	1.127287e-01
4100	-7.336344e+01	1.806805e-03	1.745603e-02	1.126439e-01
4110	-7.336344e+01	1.287543e-04	1.731407e-02	1.125389e-01
4120	-7.336344e+01	1.479051e-02	1.732134e-02	1.125406e-01
4130	-7.336345e+01	3.532773e-04	1.729716e-02	1.125961e-01
4140	-7.336345e+01	8.973522e-03	1.734964e-02	1.126218e-01
4150	-7.336345e+01	1.300855e-03	1.727844e-02	1.126153e-01
4160	-7.336345e+01	9.180743e-04	1.730339e-02	1.126246e-01
4170	-7.336345e+01	4.569961e-04	1.731188e-02	1.126281e-01
4180	-7.336346e+01	2.105862e-01	1.705434e-02	1.126975e-01
4190	-7.336346e+01	5.883101e-05	1.741613e-02	1.129586e-01
4200	-7.336346e+01	4.182472e-04	1.738649e-02	1.129473e-01
4210	-7.336346e+01	1.073264e-01	1.741197e-02	1.129630e-01
4220	-7.336346e+01	7.744639e-04	1.737788e-02	1.129596e-01
4230	-7.336346e+01	3.696581e-03	1.745587e-02	1.130451e-01
4240	-7.336347e+01	5.843811e-04	1.742745e-02	1.130361e-01
4250	-7.336347e+01	1.959809e-04	1.743928e-02	1.130317e-01
4260	-7.336347e+01	2.845293e-04	1.744116e-02	1.130277e-01
4270	-7.336347e+01	1.591518e-05	1.743670e-02	1.130258e-01
4280	-7.336347e+01	8.732652e-02	1.742010e-02	1.129716e-01
4290	-7.336348e+01	9.335696e-04	1.709687e-02	1.123766e-01
4300	-7.336350e+01	2.601230e-02	1.721837e-02	1.126001e-01
4310	-7.336351e+01	2.764833e-03	1.718689e-02	1.126574e-01
4320	-7.336351e+01	6.958183e-05	1.731005e-02	1.127700e-01
4330	-7.336351e+01	8.777277e-05	1.723804e-02	1.127589e-01
4340	-7.336351e+01	5.975894e-04	1.724442e-02	1.127614e-01
4350	-7.336351e+01	1.407018e-03	1.723998e-02	1.127621e-01
4360	-7.336351e+01	2.605754e-03	1.725454e-02	1.127804e-01
4370	-7.336352e+01	2.287841e-04	1.723327e-02	1.127793e-01
4380	-7.336353e+01	1.173111e-03	1.746546e-02	1.130237e-01
4390	-7.336353e+01	4.243763e-04	1.747244e-02	1.130294e-01
4400	-7.336357e+01	1.681104e-02	1.647749e-02	1.127501e-01
4410	-7.336359e+01	1.043368e-03	1.730494e-02	1.130679e-01
4420	-7.336359e+01	1.641878e-02	1.731227e-02	1.130946e-01
4430	-7.336362e+01	1.129329e-02	1.729838e-02	1.134098e-01
4440	-7.336364e+01	5.726351e-01	1.733488e-02	1.135659e-01
4450	-7.336366e+01	9.432743e-05	1.742584e-02	1.138653e-01
4460	-7.336366e+01	2.307590e-03	1.734919e-02	1.137351e-01
4470	-7.336367e+01	2.102419e-03	1.718073e-02	1.135771e-01
4480	-7.336366e+01	1.727222e-04	1.728004e-02	1.136046e-01
4490	-7.336367e+01	4.016630e-02	1.714828e-02	1.135793e-01
4500	-7.336368e+01	2.363529e-03	1.745665e-02	1.141126e-01
4510	-7.336368e+01	3.037071e-03	1.728197e-02	1.140735e-01
4520	-7.336369e+01	8.124875e-01	1.773137e-02	1.142985e-01
4530	-7.336373e+01	4.371181e-03	1.725679e-02	1.148968e-01
4540	-7.336373e+01	6.007617e-03	1.758218e-02	1.150718e-01
4550	-7.336374e+01	1.249219e-02	1.787583e-02	1.151756e-01
4560	-7.336378e+01	9.662764e-05	1.738827e-02	1.147555e-01
4570	-7.336377e+01	5.766418e-03	1.751591e-02	1.147946e-01
4580	-7.336378e+01	1.129630e-03	1.749210e-02	1.147412e-01
4590	-7.336378e+01	5.137216e-04	1.747210e-02	1.147249e-01
4600	-7.336378e+01	8.118786e-03	1.739771e-02	1.146481e-01
4610	-7.336378e+01	1.130084e-03	1.739106e-02	1.145624e-01
4620	-7.336378e+01	1.019894e-04	1.736889e-02	1.145518e-01
4630	-7.336378e+01	2.699557e-02	1.736963e-02	1.145646e-01
4640	-7.336379e+01	3.165883e-04	1.744383e-02	1.147038e-01
4650	-7.336379e+01	1.300724e-03	1.742631e-02	1.147771e-01
4660	-7.336379e+01	9.261251e-03	1.743179e-02	1.147804e-01
4670	-7.336379e+01	1.303759e-03	1.750393e-02	1.148268e-01
4680	-7.336378e+01	2.921522e-02	1.752821e-02	1.148759e-01
4690	-7.336380e+01	1.755451e-03	1.750179e-02	1.148694e-01
4700	-7.336379e+01	3.014264e-04	1.738971e-02	1.147415e-01
4710	-7.336379e+01	1.481148e-02	1.739181e-02	1.147392e-01
4720	-7.336379e+01	1.417041e-03	1.732968e-02	1.146997e-01
4730	-7.336380e+01	1.808418e-04	1.735148e-02	1.147066e-01
4740	-7.336380e+01	5.219687e-03	1.734898e-02	1.147029e-01
4750	-7.336380e+01	2.373170e-03	1.694114e-02	1.145917e-01
4760	-7.336383e+01	1.139047e-02	1.748705e-02	1.150701e-01
4770	-7.336383e+01	9.324743e-05	1.752240e-02	1.150859e-01
4780	-7.336384e+01	4.459117e-04	1.755294e-02	1.151241e-01
4790	-7.336385e+01	1.394483e-02	1.781268e-02	1.155060e-01
4800	-7.336388e+01	2.288147e-03	1.781697e-02	1.156575e-01
4810	-7.336394e+01	6.064088e-03	1.747647e-02	1.159290e-01
4820	-7.336394e+01	4.251775e-03	1.748657e-02	1.159342e-01
4830	-7.336394e+01	1.414020e-04	1.748203e-02	1.159332e-01
4840	-7.336395e+01	1.312658e-02	1.748674e-02	1.159692e-01
4850	-7.336394e+01	2.307919e-03	1.749129e-02	1.159870e-01
4860	-7.336394e+01	4.289478e-04	1.746253e-02	1.159914e-01
4870	-7.336396e+01	2.601719e-03	1.787010e-02	1.168450e-01
4880	-7.336398e+01	2.899751e-02	1.787668e-02	1.169275e-01
4890	-7.336404e+01	8.400992e-03	1.786384e-02	1.174264e-01
4900	-7.336405e+01	1.306072e-04	1.784000e-02	1.175806e-01
4910	-7.336406e+01	1.388531e-01	1.786943e-02	1.176143e-01
4920	-7.336406e+01	5.985629e-03	1.779645e-02	1.176100e-01
4930	-7.336406e+01	7.058270e-04	1.784882e-02	1.176303e-01
4940	-7.336406e+01	1.944031e-03	1.787915e-02	1.176417e-01
4950	-7.336407e+01	1.826780e-03	1.782659e-02	1.177143e-01
4960	-7.336407e+01	1.051076e-05	1.786038e-02	1.177325e-01
4970	-7.336407e+01	3.119066e-03	1.784646e-02	1.177177e-01
4980	-7.336407e+01	1.937227e-04	1.783947e-02	1.177132e-01
4990	-7.336407e+01	3.373376e-05	1.783173e-02	1.177070e-01
5000	-7.336407e+01	5.635270e-04	1.786276e-02	1.177435e-01
5010	-7.336407e+01	7.596901e-05	1.785854e-02	1.177418e-01
5020	-7.336407e+01	1.185628e-03	1.781307e-02	1.177465e-01
5030	-7.336408e+01	1.423608e-01	1.777188e-02	1.180280e-01
5040	-7.336409e+01	9.671016e-03	1.791782e-02	1.182691e-01
5050	-7.336409e+01	3.169974e-03	1.807712e-02	1.183506e-01
5060	-7.336410e+01	6.929107e-04	1.799169e-02	1.183211e-01
5070	-7.336409e+01	4.187982e-05	1.799007e-02	1.183174e-01
5080	-7.336409e+01	4.776022e-04	1.800502e-02	1.183163e-01
5090	-7.336409e+01	8.366672e-04	1.793873e-02	1.182282e-01
5100	-7.336410e+01	1.383543e-03	1.815745e-02	1.186173e-01
5110	-7.336409e+01	9.822135e-03	1.806394e-02	1.186318e-01
5120	-7.336410e+01	1.263300e-03	1.803612e-02	1.186262e-01
5130	-7.336410e+01	1.155631e-02	1.787132e-02	1.185706e-01
5140	-7.336410e+01	2.120926e-02	1.797993e-02	1.186173e-01
5150	-7.336411e+01	1.155711e-02	1.801504e-02	1.185519e-01
5160	-7.336412e+01	3.566313e-02	1.801526e-02	1.184003e-01
5170	-7.336414e+01	5.048083e-04	1.796153e-02	1.180804e-01
5180	-7.336414e+01	4.056801e-04	1.795019e-02	1.180557e-01
5190	-7.336414e+01	6.518888e-03	1.779459e-02	1.178626e-01
5200	-7.336415e+01	3.944924e-03	1.780626e-02	1.178636e-01
5210	-7.336415e+01	5.756431e-03	1.788881e-02	1.178674e-01
5220	-7.336423e+01	3.443506e-01	1.846444e-02	1.179603e-01
5230	-7.336423e+01	1.489195e-04	1.793327e-02	1.178042e-01
5240	-7.336423e+01	1.861727e-04	1.793984e-02	1.178066e-01
5250	-7.336423e+01	7.674105e-02	1.794685e-02	1.177701e-01
5260	-7.336424e+01	3.144698e-03	1.787670e-02	1.177310e-01
5270	-7.336426e+01	1.773889e-01	1.718062e-02	1.173653e-01
5280	-7.336428e+01	1.207632e-03	1.734683e-02	1.173456e-01
5290	-7.336428e+01	4.744787e-03	1.738429e-02	1.174388e-01
5300	-7.336431e+01	4.460845e-04	1.787812e-02	1.185307e-01
5310	-7.336433e+01	1.178630e-01	1.799987e-02	1.186887e-01
5320	-7.336447e+01	8.134256e-02	1.815176e-02	1.194883e-01
5330	-7.336449e+01	2.354531e-04	1.805571e-02	1.195329e-01
5340	-7.336449e+01	3.137175e-03	1.804859e-02	1.195296e-01
5350	-7.336449e+01	1.973406e-03	1.791192e-02	1.194755e-01
5360	-7.336449e+01	5.850803e-03	1.802287e-02	1.195261e-01
5370	-7.336449e+01	9.617577e-04	1.808692e-02	1.195559e-01
5380	-7.336450e+01	2.183173e-03	1.818191e-02	1.198379e-01
5390	-7.336450e+01	7.880314e-03	1.821719e-02	1.199124e-01
5400	-7.336451e+01	9.122403e-04	1.814869e-02	1.200432e-01
5410	-7.336451e+01	6.220756e-04	1.813600e-02	1.200451e-01
5420	-7.336451e+01	1.717215e-03	1.840972e-02	1.202800e-01
5430	-7.336451e+01	4.468955e-03	1.813429e-02	1.203349e-01
5440	-7.336451e+01	7.333448e-03	1.816489e-02	1.203686e-01
5450	-7.336452e+01	1.110137e-03	1.824035e-02	1.204113e-01
5460	-7.336452e+01	5.836896e-04	1.822643e-02	1.204803e-01
5470	-7.336452e+01	1.174457e-03	1.821150e-02	1.204802e-01
5480	-7.336452e+01	1.364485e-02	1.780558e-02	1.205219e-01
5490	-7.336453e+01	1.214425e-03	1.828023e-02	1.211250e-01
5500	-7.336454e+01	4.441256e-04	1.829793e-02	1.211365e-01
5510	-7.336453e+01	1.047529e-04	1.837695e-02	1.213561e-01
5520	-7.336454e+01	8.489941e-03	1.840641e-02	1.213738e-01
5530	-7.336453e+01	5.157904e-04	1.840889e-02	1.213854e-01
5540	-7.336454e+01	4.261548e-04	1.823033e-02	1.214618e-01
5550	-7.336454e+01	4.941508e-04	1.836673e-02	1.215633e-01
5560	-7.336454e+01	6.670574e-04	1.840035e-02	1.215758e-01
5570	-7.336454e+01	3.415409e-03	1.824057e-02	1.215456e-01
5580	-7.336455e+01	7.639167e-03	1.831993e-02	1.216028e-01
5590	-7.336455e+01	1.634360e-03	1.844697e-02	1.216683e-01
5600	-7.336455e+01	2.597760e-02	1.841633e-02	1.217767e-01
5610	-7.336456e+01	7.673051e-04	1.837753e-02	1.217549e-01
5620	-7.336455e+01	1.435613e-03	1.837383e-02	1.217521e-01
5630	-7.336455e+01	1.458984e-02	1.836695e-02	1.217482e-01
5640	-7.336455e+01	1.142413e-03	1.834182e-02	1.217408e-01
5650	-7.336457e+01	7.201560e-02	1.841310e-02	1.220278e-01
5660	-7.336457e+01	1.191359e-03	1.847916e-02	1.220932e-01
5670	-7.336468e+01	1.262129e-01	2.104138e-02	1.239221e-01
5680	-7.336489e+01	1.064680e-01	1.974247e-02	1.256517e-01
5690	-7.336490e+01	6.745276e-03	1.887985e-02	1.253985e-01
5700	-7.336491e+01	3.163895e-04	1.865917e-02	1.249769e-01
5710	-7.336490e+01	3.937554e-04	1.865670e-02	1.249710e-01
5720	-7.336491e+01	1.031494e-03	1.865579e-02	1.249666e-01
5730	-7.336491e+01	3.661245e-04	1.863706e-02	1.249070e-01
5740	-7.336491e+01	5.817984e-03	1.859923e-02	1.247870e-01
5750	-7.336492e+01	1.910104e-03	1.856182e-02	1.247169e-01
5760	-7.336491e+01	3.543095e-04	1.856885e-02	1.247199e-01
5770	-7.336492e+01	4.523522e-04	1.867558e-02	1.247632e-01
5780	-7.336492e+01	2.350330e-03	1.872674e-02	1.249189e-01
5790	-7.336492e+01	2.042633e-03	1.887573e-02	1.249887e-01
5800	-7.336493e+01	7.767904e-03	1.878472e-02	1.251063e-01
5810	-7.336492e+01	2.018576e-02	1.879378e-02	1.251186e-01
5820	-7.336492e+01	1.763592e-03	1.879976e-02	1.251329e-01
5830	-7.336493e+01	5.453580e-04	1.882879e-02	1.252212e-01
5840	-7.336493e+01	2.132379e-04	1.883268e-02	1.252344e-01
5850	-7.336493e+01	1.585414e-02	1.883798e-02	1.252378e-01
5860	-7.336494e+01	3.587607e-03	1.874191e-02	1.252187e-01
5870	-7.336493e+01	3.723265e-03	1.879035e-02	1.252387e-01
5880	-7.336493e+01	7.103785e-02	1.840696e-02	1.251445e-01
5890	-7.336494e+01	3.039955e-05	1.862756e-02	1.252711e-01
5900	-7.336495e+01	1.199102e-04	1.862569e-02	1.252716e-01
5910	-7.336494e+01	2.329556e-02	1.866523e-02	1.253443e-01
5920	-7.336493e+01	2.702189e-04	1.868234e-02	1.253580e-01
5930	-7.336494e+01	1.095125e-03	1.866263e-02	1.253559e-01
5940	-7.336495e+01	2.570569e-03	1.863252e-02	1.253369e-01
5950	-7.336494e+01	1.631951e-04	1.861258e-02	1.253188e-01
5960	-7.336495e+01	2.344802e-03	1.860833e-02	1.253150e-01
5970	-7.336494e+01	1.438841e-02	1.831784e-02	1.252628e-01
5980	-7.336495e+01	1.379520e-02	1.847951e-02	1.253987e-01
5990	-7.336495e+01	9.688977e-04	1.865956e-02	1.255410e-01
6000	-7.336495e+01	3.861426e-04	1.866501e-02	1.255438e-01
6010	-7.336495e+01	1.720194e-02	1.873599e-02	1.256480e-01
6020	-7.336495e+01	8.391551e-05	1.875331e-02	1.256797e-01
6030	-7.336496e+01	2.591832e-03	1.887339e-02	1.257360e-01
6040	-7.336496e+01	1.846749e-01	1.872265e-02	1.257225e-01
6050	-7.336496e+01	8.560582e-04	1.870607e-02	1.257363e-01
6060	-7.336496e+01	4.414739e-05	1.867329e-02	1.257247e-01
6070	-7.336495e+01	1.369638e-03	1.864607e-02	1.257255e-01
6080	-7.336496e+01	2.834054e-05	1.868717e-02	1.257413e-01
6090	-7.336496e+01	1.993259e-03	1.867928e-02	1.257382e-01
6100	-7.336496e+01	1.964476e-02	1.869240e-02	1.257633e-01
6110	-7.336496e+01	1.495380e-04	1.868928e-02	1.257647e-01
6120	-7.336497e+01	1.504552e-02	1.863696e-02	1.257368e-01
6130	-7.336498e+01	3.358845e-03	1.854928e-02	1.256486e-01
6140	-7.336497e+01	1.044437e-02	1.854262e-02	1.257392e-01
6150	-7.336497e+01	5.020503e-03	1.863313e-02	1.258765e-01
6160	-7.336498e+01	2.184945e-03	1.879899e-02	1.260743e-01
6170	-7.336498e+01	2.675606e-02	1.872243e-02	1.260648e-01
6180	-7.336498e+01	2.950791e-04	1.902943e-02	1.262027e-01
6190	-7.336498e+01	1.691234e-04	1.869786e-02	1.261560e-01
6200	-7.336498e+01	9.133926e-03	1.869218e-02	1.261550e-01
6210	-7.336499e+01	2.623388e-04	1.869376e-02	1.261574e-01
6220	-7.336498e+01	3.638487e-04	1.868810e-02	1.261557e-01
6230	-7.336498e+01	3.326305e-03	1.867278e-02	1.261599e-01
6240	-7.336498e+01	3.790399e-04	1.867473e-02	1.261633e-01
6250	-7.336498e+01	3.161992e-05	1.867698e-02	1.261664e-01
6260	-7.336498e+01	1.933061e-04	1.869469e-02	1.261874e-01
6270	-7.336498e+01	1.654778e-04	1.870912e-02	1.261933e-01
6280	-7.336498e+01	1.462079e-03	1.874464e-02	1.262092e-01
6290	-7.336499e+01	2.652470e-03	1.870378e-02	1.262012e-01
6300	-7.336499e+01	1.400561e-03	1.870055e-02	1.262008e-01
6310	-7.336500e+01	3.822192e-03	1.880401e-02	1.265173e-01
6320	-7.336501e+01	6.301044e-04	1.884142e-02	1.265779e-01
6330	-7.336502e+01	3.025516e-02	1.905344e-02	1.271406e-01
6340	-7.336503e+01	1.110521e-02	1.899864e-02	1.272404e-01
6350	-7.336502e+01	3.790043e-03	1.909316e-02	1.273037e-01
6360	-7.336503e+01	7.419670e-03	1.906058e-02	1.272904e-01
6370	-7.336502e+01	1.937979e-04	1.900306e-02	1.270937e-01
6380	-7.336503e+01	1.045893e-04	1.892482e-02	1.270626e-01
6390	-7.336503e+01	5.016448e-02	1.892423e-02	1.270575e-01
6400	-7.336504e+01	1.627263e-02	1.883383e-02	1.268474e-01
6410	-7.336504e+01	6.942384e-05	1.882650e-02	1.268444e-01
6420	-7.336504e+01	7.818660e-04	1.882991e-02	1.268442e-01
6430	-7.336506e+01	4.749863e-02	1.889959e-02	1.268186e-01
6440	-7.336505e+01	4.260309e-03	1.881425e-02	1.267752e-01
6450	-7.336506e+01	2.444554e-04	1.883359e-02	1.267810e-01
6460	-7.336505e+01	6.236017e-04	1.882746e-02	1.267785e-01
6470	-7.336506e+01	4.919483e-04	1.879999e-02	1.267665e-01
6480	-7.336506e+01	6.200945e-03	1.861520e-02	1.267192e-01
6490	-7.336507e+01	2.747484e-03	1.849497e-02	1.267171e-01
6500	-7.336508e+01	1.137722e-03	1.882771e-02	1.270079e-01
6510	-7.336507e+01	2.851362e-03	1.890645e-02	1.270561e-01
6520	-7.336507e+01	5.277436e-04	1.891408e-02	1.271390e-01
6530	-7.336508e+01	3.016389e-04	1.891696e-02	1.271402e-01
6540	-7.336507e+01	4.075910e-03	1.893958e-02	1.271456e-01
6550	-7.336508e+01	2.848274e-03	1.877575e-02	1.270288e-01
6560	-7.336509e+01	3.161129e-03	1.864764e-02	1.269362e-01
6570	-7.336510e+01	2.012778e-03	1.861212e-02	1.271177e-01
6580	-7.336509e+01	6.851766e-03	1.861745e-02	1.271325e-01
6590	-7.336509e+01	1.530887e-02	1.872548e-02	1.272218e-01
6600	-7.336509e+01	9.602566e-04	1.876095e-02	1.272330e-01
6610	-7.336509e+01	3.552225e-02	1.864969e-02	1.269856e-01
6620	-7.336510e+01	4.676467e-03	1.862553e-02	1.269682e-01
6630	-7.336509e+01	5.524164e-02	1.865691e-02	1.269713e-01
6640	-7.336513e+01	1.448354e-02	1.899409e-02	1.272359e-01
6650	-7.336512e+01	4.277542e-04	1.885004e-02	1.271905e-01
6660	-7.336512e+01	9.111525e-05	1.884964e-02	1.271907e-01
6670	-7.336515e+01	5.997883e-03	1.878317e-02	1.274046e-01
6680	-7.336515e+01	7.025422e-02	1.862510e-02	1.273508e-01
6690	-7.336515e+01	1.643942e-02	1.902704e-02	1.276598e-01
6700	-7.336516e+01	4.806439e-04	1.901240e-02	1.276567e-01
6710	-7.336516e+01	4.546923e-05	1.889495e-02	1.276470e-01
6720	-7.336515e+01	3.421068e-03	1.888875e-02	1.276442e-01
6730	-7.336516e+01	2.688558e-05	1.888487e-02	1.276421e-01
6740	-7.336516e+01	7.042462e-05	1.887207e-02	1.276271e-01
6750	-7.336517e+01	8.452987e-03	1.888258e-02	1.276306e-01
6760	-7.336516e+01	4.043072e-05	1.887145e-02	1.276268e-01
6770	-7.336516e+01	1.938440e-04	1.889622e-02	1.276700e-01
6780	-7.336515e+01	3.017275e-03	1.888877e-02	1.276680e-01
6790	-7.336516e+01	2.094376e-04	1.894648e-02	1.276725e-01
6800	-7.336515e+01	2.091533e-03	1.894835e-02	1.276711e-01
6810	-7.336516e+01	1.151686e-03	1.883644e-02	1.275627e-01
6820	-7.336516e+01	3.138382e-04	1.881128e-02	1.275960e-01
6830	-7.336516e+01	6.162453e-03	1.886893e-02	1.277072e-01
6840	-7.336517e+01	2.306528e-03	1.895861e-02	1.278507e-01
6850	-7.336517e+01	1.118475e-01	1.899541e-02	1.278663e-01
6860	-7.336516e+01	1.169677e-02	1.892199e-02	1.278655e-01
6870	-7.336517e+01	4.276610e-05	1.894227e-02	1.278766e-01
6880	-7.336517e+01	1.727230e-02	1.894876e-02	1.278789e-01
6890	-7.336519e+01	1.333553e-02	1.959199e-02	1.285243e-01
6900	-7.336520e+01	1.233938e-03	1.916389e-02	1.284954e-01
6910	-7.336519e+01	8.249081e-02	1.908094e-02	1.285061e-01
6920	-7.336521e+01	7.063565e-03	1.904836e-02	1.285527e-01
6930	-7.336520e+01	3.410029e-04	1.912834e-02	1.285929e-01
6940	-7.336520e+01	5.183787e-05	1.912850e-02	1.285930e-01
6950	-7.336520e+01	8.892419e-03	1.917042e-02	1.286471e-01
6960	-7.336520e+01	2.832716e-04	1.926273e-02	1.287712e-01
6970	-7.336521e+01	2.602597e-04	1.925456e-02	1.287728e-01
6980	-7.336521e+01	6.094694e-01	1.940027e-02	1.287732e-01
6990	-7.336521e+01	2.208328e-03	1.920188e-02	1.287478e-01
7000	-7.336521e+01	2.597217e-03	1.897103e-02	1.286847e-01
7010	-7.336527e+01	6.008453e-03	1.945890e-02	1.298968e-01
7020	-7.336528e+01	4.755964e-02	1.933938e-02	1.299951e-01
7030	-7.336528e+01	2.932763e-04	1.960929e-02	1.301210e-01
7040	-7.336529e+01	2.172346e-03	1.915284e-02	1.294997e-01
7050	-7.336530e+01	5.594765e-02	1.915082e-02	1.294908e-01
7060	-7.336531e+01	6.562930e-05	1.913988e-02	1.294867e-01
7070	-7.336531e+01	1.740573e-04	1.913939e-02	1.294832e-01
7080	-7.336531e+01	1.592143e-03	1.909386e-02	1.294247e-01
7090	-7.336531e+01	1.362567e-02	1.890190e-02	1.292657e-01
7100	-7.336531e+01	1.110002e-03	1.895763e-02	1.292473e-01
7110	-7.336531e+01	1.302935e-04	1.896965e-02	1.292515e-01
7120	-7.336531e+01	2.788216e-02	1.900089e-02	1.292604e-01
7130	-7.336532e+01	4.950994e-04	1.901386e-02	1.292695e-01
7140	-7.336531e+01	4.911673e-05	1.899822e-02	1.292832e-01
7150	-7.336532e+01	3.251595e-03	1.902215e-02	1.293079e-01
7160	-7.336531e+01	1.840739e-03	1.904849e-02	1.293486e-01
7170	-7.336531e+01	1.452298e-05	1.906384e-02	1.293680e-01
7180	-7.336531e+01	7.740523e-04	1.906702e-02	1.293729e-01
7190	-7.336531e+01	1.252159e-02	1.909082e-02	1.294595e-01
7200	-7.336531e+01	9.491649e-04	1.912836e-02	1.294847e-01
7210	-7.336531e+01	6.619993e-04	1.914445e-02	1.294979e-01
7220	-7.336532e+01	1.354360e-03	1.905900e-02	1.295309e-01
7230	-7.336531e+01	1.256058e-04	1.901234e-02	1.295177e-01
7240	-7.336531e+01	2.654777e-04	1.910530e-02	1.297219e-01
7250	-7.336531e+01	9.300070e-02	1.918772e-02	1.297586e-01
7260	-7.336532e+01	1.199034e-02	1.919723e-02	1.299610e-01
7270	-7.336533e+01	1.776280e-02	1.916656e-02	1.299623e-01
7280	-7.336535e+01	8.471228e-05	1.911823e-02	1.300299e-01
7290	-7.336534e+01	3.636116e-04	1.911784e-02	1.300297e-01
7300	-7.336534e+01	1.382287e-04	1.911136e-02	1.300267e-01
7310	-7.336535e+01	3.589605e-04	1.913186e-02	1.300368e-01
7320	-7.336534e+01	1.146531e-02	1.911493e-02	1.300292e-01
7330	-7.336534e+01	1.323732e-04	1.904834e-02	1.300029e-01
7340	-7.336535e+01	3.928225e-04	1.911835e-02	1.296085e-01
7350	-7.336535e+01	3.350846e-02	1.905758e-02	1.293905e-01
7360	-7.336535e+01	8.721249e-04	1.897014e-02	1.291914e-01
7370	-7.336536e+01	9.565641e-05	1.895183e-02	1.291529e-01
7380	-7.336536e+01	1.338659e-04	1.895417e-02	1.291535e-01
7390	-7.336535e+01	1.576917e-02	1.897517e-02	1.291559e-01
7400	-7.336535e+01	5.969976e-04	1.894878e-02	1.291415e-01
7410	-7.336535e+01	9.393604e-05	1.891949e-02	1.290949e-01
7420	-7.336535e+01	1.021557e-03	1.892443e-02	1.291159e-01
7430	-7.336535e+01	2.230089e-04	1.893511e-02	1.291199e-01
7440	-7.336535e+01	9.333954e-06	1.895090e-02	1.291261e-01
7450	-7.336536e+01	1.214325e-03	1.895083e-02	1.291255e-01
7460	-7.336536e+01	1.310062e-02	1.892527e-02	1.290652e-01
7470	-7.336535e+01	1.470072e-04	1.892731e-02	1.290651e-01
7480	-7.336536e+01	1.951740e-03	1.894956e-02	1.290969e-01
7490	-7.336536e+01	6.049632e-04	1.895163e-02	1.291000e-01
7500	-7.336536e+01	1.513176e-03	1.895156e-02	1.291014e-01
7510	-7.336536e+01	8.934706e-03	1.895683e-02	1.291010e-01
7520	-7.336536e+01	2.784908e-04	1.894718e-02	1.290938e-01
7530	-7.336536e+01	2.475987e-05	1.895872e-02	1.290974e-01
7540	-7.336536e+01	1.334478e-04	1.895801e-02	1.290971e-01
7550	-7.336536e+01	6.417318e-04	1.893621e-02	1.290885e-01
7560	-7.336536e+01	2.055454e-04	1.894912e-02	1.290861e-01
7570	-7.336536e+01	9.722727e-04	1.894932e-02	1.290862e-01
7580	-7.336536e+01	9.616555e-03	1.896541e-02	1.291116e-01
7590	-7.336536e+01	1.234241e-02	1.896166e-02	1.291200e-01
7600	-7.336536e+01	7.508324e-04	1.896851e-02	1.291240e-01
7610	-7.336536e+01	8.734909e-05	1.894772e-02	1.290950e-01
7620	-7.336536e+01	5.395544e-04	1.894867e-02	1.290947e-01
7630	-7.336536e+01	5.196643e-04	1.896869e-02	1.290875e-01
7640	-7.336536e+01	2.975333e-03	1.889062e-02	1.290400e-01
7650	-7.336535e+01	5.237109e-04	1.888954e-02	1.290382e-01
7660	-7.336536e+01	5.721537e-03	1.893840e-02	1.290531e-01
7670	-7.336536e+01	3.129773e-04	1.895640e-02	1.291351e-01
7680	-7.336536e+01	1.802806e-05	1.896493e-02	1.291384e-01
7690	-7.336536e+01	1.924867e-04	1.896344e-02	1.291349e-01
7700	-7.336536e+01	1.298932e-03	1.895802e-02	1.291217e-01
7710	-7.336536e+01	4.449409e-03	1.896037e-02	1.291199e-01
7720	-7.336536e+01	1.986798e-04	1.893492e-02	1.290955e-01
7730	-7.336536e+01	1.195536e-04	1.893213e-02	1.290932e-01
7740	-7.336537e+01	1.119963e-04	1.892803e-02	1.290915e-01
7750	-7.336536e+01	6.197261e-04	1.895010e-02	1.290995e-01
7760	-7.336537e+01	2.464918e-02	1.903476e-02	1.291749e-01
7770	-7.336536e+01	4.992332e-05	1.897350e-02	1.291636e-01
7780	-7.336536e+01	6.937696e-05	1.896856e-02	1.291622e-01
7790	-7.336537e+01	1.637580e-02	1.897397e-02	1.291654e-01
7800	-7.336537e+01	7.751788e-05	1.898019e-02	1.291812e-01
7810	-7.336537e+01	1.982964e-04	1.899573e-02	1.292145e-01
7820	-7.336537e+01	6.088015e-03	1.900552e-02	1.292242e-01
7830	-7.336536e+01	1.104279e-03	1.900317e-02	1.292615e-01
7840	-7.336537e+01	5.214160e-04	1.900714e-02	1.292632e-01
7850	-7.336536e+01	2.547605e-04	1.902137e-02	1.292633e-01
7860	-7.336537e+01	7.274014e-04	1.898620e-02	1.292501e-01
7870	-7.336537e+01	3.524630e-05	1.898329e-02	1.292473e-01
7880	-7.336536e+01	2.117062e-05	1.896501e-02	1.292230e-01
7890	-7.336535e+01	1.546267e-03	1.896874e-02	1.292212e-01
7900	-7.336536e+01	1.044165e-02	1.897280e-02	1.292547e-01
7910	-7.336537e+01	1.616783e-04	1.896965e-02	1.292916e-01
7920	-7.336537e+01	5.034401e-03	1.897669e-02	1.292913e-01
7930	-7.336537e+01	9.141886e-05	1.894191e-02	1.291403e-01
7940	-7.336536e+01	2.036155e-04	1.894650e-02	1.291383e-01
7950	-7.336537e+01	5.046934e-03	1.894911e-02	1.291385e-01
7960	-7.336537e+01	3.359703e-04	1.891755e-02	1.291274e-01
7970	-7.336537e+01	3.040636e-04	1.891720e-02	1.291272e-01
7980	-7.336538e+01	4.751533e-03	1.891028e-02	1.291234e-01
7990	-7.336537e+01	5.062071e-04	1.894788e-02	1.291355e-01
8000	-7.336537e+01	3.263000e-03	1.899194e-02	1.291850e-01
8010	-7.336537e+01	1.413866e-04	1.897367e-02	1.291845e-01
8020	-7.336537e+01	7.338024e-03	1.896174e-02	1.291787e-01
8030	-7.336538e+01	2.037248e-03	1.894195e-02	1.291109e-01
8040	-7.336538e+01	3.546873e-04	1.891877e-02	1.291000e-01
8050	-7.336538e+01	1.216477e-03	1.892380e-02	1.291101e-01
8060	-7.336537e+01	5.210342e-05	1.892588e-02	1.291227e-01
8070	-7.336537e+01	7.145347e-05	1.895727e-02	1.291635e-01
8080	-7.336537e+01	4.757020e-02	1.898685e-02	1.291707e-01
8090	-7.336538e+01	2.461389e-04	1.902031e-02	1.291866e-01
8100	-7.336538e+01	3.285531e-05	1.896912e-02	1.291699e-01
8110	-7.336537e+01	8.152141e-03	1.897713e-02	1.291709e-01
8120	-7.336537e+01	1.363445e-04	1.895202e-02	1.291474e-01
8130	-7.336537e+01	1.903312e-04	1.895254e-02	1.291492e-01
8140	-7.336538e+01	3.180968e-04	1.895149e-02	1.291490e-01
8150	-7.336537e+01	1.029519e-02	1.894937e-02	1.291523e-01
8160	-7.336539e+01	1.038770e-04	1.895073e-02	1.291537e-01
8170	-7.336537e+01	7.500812e-05	1.895669e-02	1.291562e-01
8180	-7.336538e+01	5.012985e-04	1.895791e-02	1.291559e-01
8190	-7.336538e+01	1.151831e-04	1.895040e-02	1.291534e-01
8200	-7.336538e+01	1.155933e-04	1.893923e-02	1.291518e-01
8210	-7.336538e+01	2.669138e-01	1.902250e-02	1.291830e-01
8220	-7.336537e+01	1.125325e-04	1.896500e-02	1.292108e-01
8230	-7.336537e+01	4.633893e-06	1.896393e-02	1.292107e-01
8240	-7.336538e+01	2.800872e-03	1.897692e-02	1.292197e-01
8250	-7.336538e+01	2.853029e-04	1.897486e-02	1.292331e-01
8260	-7.336538e+01	2.031388e-04	1.898092e-02	1.292455e-01
8270	-7.336538e+01	3.495320e-03	1.898260e-02	1.292228e-01
8280	-7.336539e+01	1.395698e-02	1.897413e-02	1.291814e-01
8290	-7.336538e+01	7.802418e-05	1.891335e-02	1.291597e-01
8300	-7.336537e+01	1.603777e-04	1.890287e-02	1.291627e-01
8310	-7.336538e+01	5.506331e-02	1.912727e-02	1.293893e-01
8320	-7.336538e+01	2.603892e-03	1.914667e-02	1.294148e-01
8330	-7.336538e+01	5.775422e-04	1.912749e-02	1.294112e-01
8340	-7.336538e+01	3.893064e-03	1.916437e-02	1.294282e-01
8350	-7.336538e+01	3.290938e-03	1.926230e-02	1.294634e-01
8360	-7.336539e+01	9.541606e-04	1.915622e-02	1.294084e-01
8370	-7.336538e+01	3.189056e-03	1.910565e-02	1.293182e-01
8380	-7.336540e+01	1.705643e-03	1.894820e-02	1.292088e-01
8390	-7.336539e+01	1.815979e-04	1.893624e-02	1.292033e-01
8400	-7.336539e+01	1.975340e-03	1.897672e-02	1.292175e-01
8410	-7.336539e+01	1.271578e-03	1.898688e-02	1.292210e-01
8420	-7.336539e+01	3.423599e-05	1.898707e-02	1.291824e-01
8430	-7.336540e+01	3.777663e-05	1.898725e-02	1.291821e-01
8440	-7.336539e+01	1.524522e-04	1.898659e-02	1.291816e-01
8450	-7.336539e+01	5.505209e-05	1.898682e-02	1.291818e-01
8460	-7.336539e+01	8.866224e-04	1.899193e-02	1.291843e-01
8470	-7.336539e+01	4.794567e-04	1.897365e-02	1.291838e-01
8480	-7.336539e+01	1.380701e-04	1.898828e-02	1.292186e-01
8490	-7.336539e+01	9.574582e-06	1.899072e-02	1.292334e-01
8500	-7.336540e+01	9.680376e-04	1.901072e-02	1.292416e-01
8510	-7.336539e+01	9.156706e-03	1.901067e-02	1.292406e-01
8520	-7.336540e+01	1.870739e-04	1.899737e-02	1.292360e-01
8530	-7.336540e+01	3.185758e-03	1.899669e-02	1.292356e-01
8540	-7.336539e+01	4.290172e-04	1.899791e-02	1.292338e-01
8550	-7.336540e+01	1.434576e-03	1.896182e-02	1.291987e-01
8560	-7.336540e+01	1.132141e-03	1.894810e-02	1.291884e-01
8570	-7.336540e+01	3.133332e-03	1.895905e-02	1.291915e-01
8580	-7.336539e+01	2.145574e-04	1.897177e-02	1.291973e-01
8590	-7.336540e+01	5.729728e-03	1.917869e-02	1.292669e-01
8600	-7.336540e+01	2.474863e-02	1.903661e-02	1.291729e-01
8610	-7.336540e+01	5.737486e-04	1.885636e-02	1.291064e-01
8620	-7.336540e+01	1.232513e-04	1.889860e-02	1.289931e-01
8630	-7.336540e+01	3.937538e-04	1.889564e-02	1.289903e-01
8640	-7.336540e+01	2.326020e-04	1.889797e-02	1.289912e-01
8650	-7.336540e+01	6.457244e-03	1.888993e-02	1.289891e-01
8660	-7.336541e+01	7.700018e-02	1.884406e-02	1.289389e-01
8670	-7.336541e+01	1.842096e-04	1.890107e-02	1.289615e-01
8680	-7.336542e+01	1.870120e-04	1.890124e-02	1.289619e-01
8690	-7.336541e+01	4.754067e-04	1.889492e-02	1.289113e-01
8700	-7.336542e+01	2.574849e-04	1.885719e-02	1.288935e-01
8710	-7.336541e+01	6.520003e-02	1.886645e-02	1.288916e-01
8720	-7.336541e+01	1.129725e-03	1.892853e-02	1.289424e-01
8730	-7.336541e+01	4.154833e-04	1.889402e-02	1.289493e-01
8740	-7.336541e+01	6.664276e-04	1.889757e-02	1.289633e-01
8750	-7.336541e+01	8.858647e-04	1.889232e-02	1.289623e-01
8760	-7.336541e+01	1.227056e-03	1.893306e-02	1.289789e-01
8770	-7.336542e+01	1.643562e-04	1.893894e-02	1.289826e-01
8780	-7.336543e+01	7.293319e-01	1.899907e-02	1.288685e-01
8790	-7.336543e+01	2.731806e-03	1.853650e-02	1.287258e-01
8800	-7.336550e+01	1.269912e-03	1.754222e-02	1.285676e-01
8810	-7.336553e+01	1.303220e-01	1.863968e-02	1.290821e-01
8820	-7.336554e+01	3.471103e-03	1.888046e-02	1.291986e-01
8830	-7.336557e+01	6.326933e-03	1.941106e-02	1.296296e-01
8840	-7.336560e+01	1.286723e-01	1.891515e-02	1.295648e-01
8850	-7.336559e+01	4.423841e-03	1.895797e-02	1.296065e-01
8860	-7.336559e+01	3.446822e-05	1.896358e-02	1.296094e-01
8870	-7.336559e+01	2.312215e-03	1.895667e-02	1.296074e-01
8880	-7.336561e+01	1.379847e-02	1.883325e-02	1.294811e-01
8890	-7.336562e+01	7.185021e-04	1.874996e-02	1.294737e-01
8900	-7.336561e+01	8.558305e-04	1.889686e-02	1.296265e-01
8910	-7.336561e+01	2.932177e-02	1.891675e-02	1.296757e-01
8920	-7.336561e+01	3.690395e-03	1.887515e-02	1.297022e-01
8930	-7.336561e+01	2.537760e-03	1.899268e-02	1.297455e-01
8940	-7.336562e+01	5.041442e-04	1.899592e-02	1.297084e-01
8950	-7.336562e+01	4.952014e-04	1.901205e-02	1.297050e-01
8960	-7.336562e+01	2.950969e-03	1.901641e-02	1.297083e-01
8970	-7.336563e+01	8.679444e-03	1.890102e-02	1.296388e-01
8980	-7.336562e+01	4.010686e-03	1.890802e-02	1.296431e-01
8990	-7.336562e+01	5.997673e-04	1.878153e-02	1.296263e-01
9000	-7.336562e+01	5.670370e-04	1.891820e-02	1.296805e-01
9010	-7.336562e+01	1.835914e-03	1.893206e-02	1.296852e-01
9020	-7.336562e+01	2.130690e-02	1.887235e-02	1.296723e-01
9030	-7.336563e+01	1.120791e-04	1.892500e-02	1.296979e-01
9040	-7.336563e+01	7.500678e-04	1.892416e-02	1.296974e-01
9050	-7.336563e+01	7.031371e-04	1.891617e-02	1.296907e-01
9060	-7.336563e+01	1.620549e-03	1.889610e-02	1.296730e-01
9070	-7.336562e+01	1.289582e-03	1.888511e-02	1.296649e-01
9080	-7.336562e+01	6.656767e-05	1.887270e-02	1.296591e-01
9090	-7.336563e+01	7.586461e-04	1.891791e-02	1.296758e-01
9100	-7.336563e+01	4.486728e-03	1.896589e-02	1.296944e-01
9110	-7.336564e+01	1.994597e-01	1.910970e-02	1.299119e-01
9120	-7.336564e+01	3.324765e-05	1.898728e-02	1.299223e-01
9130	-7.336565e+01	2.492519e-05	1.898906e-02	1.299283e-01
9140	-7.336565e+01	6.284372e-03	1.900512e-02	1.299574e-01
9150	-7.336564e+01	3.149304e-04	1.903325e-02	1.300254e-01
9160	-7.336564e+01	2.940138e-05	1.905292e-02	1.300772e-01
9170	-7.336564e+01	2.017915e-02	1.903812e-02	1.300994e-01
9180	-7.336563e+01	3.247752e-03	1.902190e-02	1.301051e-01
9190	-7.336565e+01	7.230176e-06	1.903479e-02	1.301101e-01
9200	-7.336565e+01	4.718297e-05	1.903702e-02	1.301106e-01
9210	-7.336564e+01	1.611178e-03	1.902650e-02	1.300976e-01
9220	-7.336564e+01	1.531273e-03	1.901402e-02	1.300592e-01
9230	-7.336564e+01	5.572511e-04	1.901485e-02	1.300544e-01
9240	-7.336565e+01	3.555529e-02	1.904384e-02	1.300115e-01
9250	-7.336564e+01	1.007273e-03	1.900441e-02	1.299931e-01
9260	-7.336564e+01	4.345954e-04	1.900058e-02	1.299902e-01
9270	-7.336564e+01	2.516402e-04	1.901117e-02	1.299684e-01
9280	-7.336565e+01	1.838180e-03	1.899656e-02	1.299551e-01
9290	-7.336564e+01	1.832065e-03	1.901635e-02	1.299308e-01
9300	-7.336565e+01	4.841598e-03	1.896450e-02	1.299037e-01
9310	-7.336564e+01	4.433632e-04	1.896306e-02	1.299032e-01
9320	-7.336565e+01	6.044064e-05	1.887517e-02	1.294175e-01
9330	-7.336566e+01	5.369213e-03	1.887561e-02	1.294124e-01
9340	-7.336565e+01	1.361555e-04	1.887523e-02	1.294122e-01
9350	-7.336565e+01	1.482400e-05	1.887389e-02	1.294106e-01
9360	-7.336565e+01	4.713561e-03	1.886093e-02	1.293923e-01
9370	-7.336565e+01	8.342076e-02	1.894312e-02	1.293272e-01
9380	-7.336564e+01	2.502798e-04	1.905639e-02	1.294082e-01
9390	-7.336565e+01	6.278917e-04	1.901438e-02	1.294867e-01
9400	-7.336567e+01	1.851992e-03	1.886908e-02	1.295234e-01
9410	-7.336566e+01	4.763851e-03	1.872479e-02	1.296273e-01
9420	-7.336565e+01	2.452203e-03	1.892365e-02	1.298531e-01
9430	-7.336568e+01	1.645152e-02	1.882315e-02	1.298842e-01
9440	-7.336567e+01	5.093238e-02	1.896027e-02	1.300211e-01
9450	-7.336569e+01	8.513447e-04	1.899942e-02	1.302360e-01
9460	-7.336569e+01	5.599712e-05	1.895296e-02	1.302988e-01
9470	-7.336568e+01	4.085110e-02	1.900777e-02	1.303110e-01
9480	-7.336568e+01	1.648389e-04	1.897938e-02	1.302955e-01
9490	-7.336568e+01	6.126744e-05	1.893069e-02	1.302736e-01
9500	-7.336568e+01	2.535578e-02	1.893803e-02	1.302743e-01
9510	-7.336568e+01	2.455465e-03	1.897132e-02	1.303136e-01
9520	-7.336568e+01	1.745063e-03	1.896410e-02	1.302947e-01
9530	-7.336568e+01	2.945812e-03	1.894269e-02	1.302825e-01
9540	-7.336569e+01	2.344278e-04	1.892193e-02	1.302713e-01
9550	-7.336569e+01	3.369356e-04	1.892355e-02	1.302719e-01
9560	-7.336569e+01	1.207619e-01	1.876597e-02	1.302165e-01
9570	-7.336570e+01	2.576574e-03	1.932232e-02	1.305033e-01
9580	-7.336570e+01	1.761775e-03	1.911098e-02	1.304407e-01
9590	-7.336569e+01	9.911980e-04	1.900763e-02	1.304100e-01
9600	-7.336569e+01	3.574172e-04	1.898271e-02	1.303116e-01
9610	-7.336570e+01	6.050410e-04	1.896402e-02	1.303018e-01
9620	-7.336568e+01	4.207780e-03	1.900722e-02	1.303309e-01
9630	-7.336570e+01	5.485287e-03	1.902149e-02	1.303555e-01
9640	-7.336570e+01	1.950457e-05	1.901887e-02	1.303612e-01
9650	-7.336569e+01	4.293544e-05	1.902139e-02	1.303636e-01
9660	-7.336570e+01	6.992607e-03	1.903395e-02	1.303715e-01
9670	-7.336569e+01	3.717270e-04	1.901760e-02	1.303661e-01
9680	-7.336569e+01	5.373366e-05	1.900796e-02	1.303633e-01
9690	-7.336569e+01	1.234088e-03	1.896770e-02	1.303197e-01
9700	-7.336570e+01	4.058346e-04	1.898903e-02	1.303280e-01
9710	-7.336570e+01	6.534406e-05	1.898550e-02	1.303242e-01
9720	-7.336569e+01	1.229346e-05	1.898462e-02	1.303224e-01
9730	-7.336570e+01	3.242274e-04	1.898328e-02	1.303219e-01
9740	-7.336570e+01	7.081021e-04	1.898773e-02	1.303276e-01
9750	-7.336568e+01	7.309330e-04	1.901353e-02	1.303388e-01
9760	-7.336569e+01	5.800264e-04	1.900672e-02	1.303382e-01
9770	-7.336570e+01	2.122107e-04	1.898455e-02	1.303290e-01
9780	-7.336570e+01	1.488594e-02	1.898764e-02	1.302868e-01
9790	-7.336570e+01	1.284052e-03	1.897274e-02	1.302734e-01
9800	-7.336570e+01	2.066081e-04	1.904287e-02	1.303975e-01
9810	-7.336569e+01	2.766452e-03	1.903960e-02	1.304035e-01
9820	-7.336570e+01	6.875500e-02	1.894431e-02	1.303577e-01
9830	-7.336570e+01	4.563370e-03	1.893861e-02	1.303489e-01
9840	-7.336570e+01	5.388719e-05	1.898101e-02	1.303380e-01
9850	-7.336570e+01	5.617392e-04	1.900005e-02	1.303440e-01
9860	-7.336571e+01	2.415043e-04	1.898549e-02	1.303383e-01
9870	-7.336569e+01	1.016113e-04	1.889828e-02	1.303075e-01
9880	-7.336569e+01	8.884164e-03	1.902744e-02	1.303360e-01
9890	-7.336570e+01	2.327942e-01	1.905692e-02	1.303110e-01
9900	-7.336573e+01	5.078089e-05	1.897940e-02	1.302961e-01
9910	-7.336572e+01	8.902761e-05	1.898075e-02	1.302974e-01
9920	-7.336571e+01	2.670035e-02	1.892729e-02	1.302851e-01
9930	-7.336572e+01	8.100090e-04	1.903839e-02	1.305154e-01
9940	-7.336573e+01	2.289740e-03	1.910872e-02	1.305497e-01
9950	-7.336572e+01	1.181639e-01	1.919915e-02	1.305818e-01
9960	-7.336572e+01	3.543381e-04	1.915710e-02	1.305725e-01
9970	-7.336573e+01	1.697831e-03	1.885449e-02	1.304479e-01
9980	-7.336574e+01	1.052851e-02	1.892976e-02	1.304262e-01
9990	-7.336572e+01	2.181684e-03	1.901945e-02	1.305898e-01
10000	-7.336572e+01	1.016005e-04	1.902930e-02	1.305945e-01
