i, epoch, loss, l2_err, h1_err
  0     1 -6.03782e+00 9.65905e-01 1.88925e+00
  1     2 -1.69705e+01 9.50721e-01 1.97013e+00
  2     3 -2.55824e+01 9.37502e-01 2.12357e+00
  3     4 -2.96663e+01 9.25282e-01 2.26095e+00
  4     5 -3.46664e+01 9.13087e-01 2.35551e+00
  5     6 -4.13141e+01 9.00841e-01 2.40748e+00
  6     7 -4.46950e+01 8.88478e-01 2.41782e+00
  7     8 -4.93487e+01 8.76068e-01 2.39936e+00
  8     9 -5.25634e+01 8.63693e-01 2.35526e+00
  9    10 -5.15127e+01 8.51415e-01 2.29777e+00
 10    11 -5.74225e+01 8.39354e-01 2.23507e+00
 11    12 -5.97682e+01 8.27329e-01 2.17368e+00
 12    13 -5.58729e+01 8.15213e-01 2.11609e+00
 13    14 -6.50253e+01 8.03008e-01 2.06353e+00
 14    15 -6.11872e+01 7.90411e-01 2.00970e+00
 15    16 -6.29016e+01 7.77467e-01 1.95553e+00
 16    17 -6.64299e+01 7.64272e-01 1.90303e+00
 17    18 -6.28903e+01 7.50570e-01 1.85071e+00
 18    19 -6.85675e+01 7.36597e-01 1.79797e+00
 19    20 -6.75566e+01 7.22318e-01 1.74541e+00
 20    21 -6.92964e+01 7.07897e-01 1.69355e+00
 21    22 -6.49446e+01 6.93349e-01 1.64270e+00
 22    23 -7.01295e+01 6.78668e-01 1.59251e+00
 23    24 -6.96436e+01 6.63890e-01 1.54395e+00
 24    25 -7.10448e+01 6.49019e-01 1.49750e+00
 25    26 -6.84699e+01 6.33949e-01 1.45255e+00
 26    27 -7.16397e+01 6.18724e-01 1.40968e+00
 27    28 -7.08323e+01 6.03423e-01 1.36845e+00
 28    29 -7.27038e+01 5.88017e-01 1.32987e+00
 29    30 -6.99500e+01 5.72707e-01 1.29492e+00
 30    31 -6.93912e+01 5.57400e-01 1.26232e+00
 31    32 -7.08174e+01 5.42139e-01 1.23075e+00
 32    33 -6.73849e+01 5.27137e-01 1.19934e+00
 33    34 -7.05775e+01 5.12311e-01 1.16708e+00
 34    35 -7.17008e+01 4.97670e-01 1.13257e+00
 35    36 -7.25764e+01 4.83203e-01 1.09638e+00
 36    37 -7.16953e+01 4.69025e-01 1.05991e+00
 37    38 -7.40818e+01 4.55211e-01 1.02345e+00
 38    39 -7.00567e+01 4.41573e-01 9.86548e-01
 39    40 -7.05709e+01 4.28154e-01 9.49021e-01
 40    41 -6.86570e+01 4.15050e-01 9.11554e-01
 41    42 -6.97809e+01 4.02263e-01 8.74400e-01
 42    43 -7.38641e+01 3.89753e-01 8.37189e-01
 43    44 -7.35691e+01 3.77681e-01 8.02481e-01
 44    45 -7.43296e+01 3.66072e-01 7.69954e-01
 45    46 -7.39598e+01 3.54934e-01 7.37484e-01
 46    47 -7.01686e+01 3.44201e-01 7.05446e-01
 47    48 -7.23795e+01 3.33856e-01 6.73551e-01
 48    49 -7.44275e+01 3.23877e-01 6.41391e-01
 49    50 -7.28851e+01 3.14284e-01 6.10294e-01
 50    51 -7.34209e+01 3.05088e-01 5.81815e-01
 51    53 -7.18431e+01 2.87882e-01 5.32323e-01
 52    54 -7.61658e+01 2.79704e-01 5.06754e-01
 53    55 -7.33879e+01 2.71666e-01 4.82830e-01
 54    56 -7.39946e+01 2.63838e-01 4.63463e-01
 55    58 -7.45364e+01 2.48889e-01 4.25065e-01
 56    59 -7.37193e+01 2.41655e-01 4.05919e-01
 57    60 -7.56989e+01 2.34570e-01 3.90439e-01
 58    62 -7.44436e+01 2.21223e-01 3.66399e-01
 59    63 -7.40307e+01 2.15054e-01 3.52638e-01
 60    65 -7.40250e+01 2.03443e-01 3.35750e-01
 61    66 -7.19180e+01 1.97711e-01 3.25639e-01
 62    68 -7.09402e+01 1.86352e-01 3.12318e-01
 63    69 -7.02397e+01 1.80939e-01 3.06993e-01
 64    71 -7.49693e+01 1.70816e-01 2.91809e-01
 65    73 -7.22810e+01 1.61061e-01 2.78333e-01
 66    74 -7.46047e+01 1.56224e-01 2.69461e-01
 67    76 -7.58663e+01 1.46582e-01 2.57830e-01
 68    78 -7.08726e+01 1.37403e-01 2.44098e-01
 69    80 -7.46356e+01 1.28856e-01 2.38112e-01
 70    82 -7.27047e+01 1.20146e-01 2.30853e-01
 71    84 -7.32017e+01 1.11766e-01 2.20053e-01
 72    86 -7.19671e+01 1.04518e-01 2.15518e-01
 73    88 -7.41020e+01 9.73403e-02 2.11186e-01
 74    90 -7.45083e+01 9.02800e-02 1.99233e-01
 75    92 -7.30764e+01 8.37887e-02 1.99922e-01
 76    94 -7.33550e+01 7.75328e-02 1.90106e-01
 77    96 -7.35880e+01 7.15008e-02 1.83511e-01
 78    98 -7.16125e+01 6.60210e-02 1.92220e-01
 79   101 -6.94929e+01 5.81771e-02 1.68958e-01
 80   103 -7.01845e+01 5.33852e-02 1.83973e-01
 81   105 -7.67724e+01 4.87857e-02 1.60116e-01
 82   108 -7.27513e+01 4.33237e-02 1.75940e-01
 83   110 -7.01650e+01 3.97860e-02 1.66427e-01
 84   113 -7.35608e+01 3.45947e-02 1.69909e-01
 85   116 -7.24771e+01 3.02381e-02 1.65116e-01
 86   118 -7.31454e+01 2.79136e-02 1.62054e-01
 87   121 -7.42968e+01 2.44348e-02 1.63978e-01
 88   124 -7.33337e+01 2.11275e-02 1.61919e-01
 89   127 -7.05490e+01 1.92879e-02 1.74138e-01
 90   130 -7.39879e+01 1.76991e-02 1.82309e-01
 91   133 -7.43757e+01 1.61372e-02 1.74784e-01
 92   136 -7.27801e+01 1.51616e-02 1.69736e-01
 93   139 -7.20571e+01 1.35124e-02 1.72149e-01
 94   143 -7.34557e+01 1.39301e-02 1.89861e-01
 95   146 -7.70973e+01 1.16706e-02 1.64575e-01
 96   149 -7.14671e+01 1.22807e-02 1.84918e-01
 97   153 -7.51687e+01 1.27502e-02 1.94488e-01
 98   156 -7.34220e+01 1.19867e-02 1.90415e-01
 99   160 -7.60116e+01 1.16757e-02 1.78192e-01
100   164 -7.23089e+01 1.13014e-02 1.73812e-01
101   168 -7.28628e+01 1.24366e-02 1.92875e-01
102   172 -7.63727e+01 1.09703e-02 1.75682e-01
103   176 -7.56016e+01 1.08579e-02 1.64711e-01
104   180 -7.60362e+01 1.09714e-02 1.69872e-01
105   184 -7.33414e+01 1.10264e-02 1.70354e-01
106   188 -7.47474e+01 1.09717e-02 1.67932e-01
107   193 -7.27815e+01 1.04364e-02 1.60886e-01
108   197 -7.10914e+01 1.11258e-02 1.68154e-01
109   202 -7.71424e+01 1.15109e-02 1.76538e-01
110   206 -7.61410e+01 1.20286e-02 1.86614e-01
111   211 -7.47640e+01 1.16884e-02 1.71555e-01
112   216 -7.15958e+01 1.18556e-02 1.78039e-01
113   221 -7.32004e+01 1.07598e-02 1.66278e-01
114   226 -7.44340e+01 1.06362e-02 1.64727e-01
115   232 -7.19938e+01 1.09426e-02 1.68118e-01
116   237 -7.45989e+01 1.13149e-02 1.74457e-01
117   243 -7.26311e+01 1.15468e-02 1.80217e-01
118   248 -7.58503e+01 1.22526e-02 1.93743e-01
119   254 -7.73127e+01 1.16115e-02 1.78085e-01
120   260 -7.30828e+01 1.16364e-02 1.79682e-01
121   266 -7.44303e+01 9.28822e-03 1.44523e-01
122   272 -7.26731e+01 8.25031e-03 1.25742e-01
123   279 -7.03254e+01 8.54301e-03 1.27513e-01
124   285 -7.30227e+01 8.64520e-03 1.34496e-01
125   292 -7.58787e+01 7.98945e-03 1.26220e-01
126   299 -7.41959e+01 8.18212e-03 1.24150e-01
127   306 -7.04031e+01 8.78914e-03 1.30263e-01
128   313 -7.55555e+01 9.06018e-03 1.30362e-01
129   320 -7.03053e+01 8.74933e-03 1.35407e-01
130   328 -7.42925e+01 9.65360e-03 1.49853e-01
131   335 -7.44097e+01 9.05923e-03 1.42066e-01
132   343 -7.62820e+01 8.93610e-03 1.40958e-01
133   351 -6.99466e+01 9.43932e-03 1.44568e-01
134   360 -7.28409e+01 8.66462e-03 1.32568e-01
135   368 -7.43195e+01 8.13159e-03 1.28058e-01
136   377 -7.36626e+01 8.56867e-03 1.29581e-01
137   385 -7.41733e+01 8.39124e-03 1.30062e-01
138   394 -7.35433e+01 9.18237e-03 1.42527e-01
139   404 -7.38217e+01 9.14562e-03 1.39336e-01
140   413 -7.60281e+01 8.64935e-03 1.41144e-01
141   423 -7.21438e+01 9.15392e-03 1.43327e-01
142   433 -7.20423e+01 9.11928e-03 1.37959e-01
143   443 -7.13236e+01 8.76220e-03 1.38875e-01
144   453 -7.15415e+01 9.60174e-03 1.52238e-01
145   464 -6.98618e+01 9.68397e-03 1.38688e-01
146   474 -6.88496e+01 7.20795e-03 1.05446e-01
147   486 -7.31883e+01 6.33123e-03 9.59022e-02
148   497 -7.07702e+01 6.64626e-03 1.00887e-01
149   509 -7.22014e+01 6.70468e-03 1.05754e-01
150   520 -6.97631e+01 6.07846e-03 9.35685e-02
151   533 -6.79142e+01 6.14361e-03 9.51625e-02
152   545 -7.26809e+01 6.80156e-03 1.03879e-01
153   558 -7.53652e+01 6.59270e-03 1.00766e-01
154   571 -7.44108e+01 6.63584e-03 1.00311e-01
155   584 -7.42404e+01 7.06593e-03 1.04721e-01
156   598 -7.16915e+01 6.43855e-03 1.01795e-01
157   612 -7.30739e+01 6.09657e-03 9.43625e-02
158   626 -7.31037e+01 6.17760e-03 9.66201e-02
159   641 -7.40451e+01 6.70773e-03 9.92893e-02
160   656 -7.19284e+01 7.42577e-03 1.11067e-01
161   671 -7.32422e+01 5.18561e-03 7.75778e-02
162   687 -7.36763e+01 5.01900e-03 7.70271e-02
163   703 -7.16528e+01 4.90514e-03 7.21738e-02
164   719 -7.70875e+01 4.62777e-03 6.87753e-02
165   736 -7.60953e+01 4.67500e-03 7.41429e-02
166   753 -7.59698e+01 4.45464e-03 7.22259e-02
167   771 -7.28807e+01 4.80102e-03 7.58080e-02
168   789 -7.62690e+01 4.65632e-03 7.30965e-02
169   807 -7.40926e+01 4.52543e-03 7.06784e-02
170   826 -7.22872e+01 4.79725e-03 7.32827e-02
171   845 -7.16849e+01 4.75697e-03 7.28793e-02
172   865 -7.15406e+01 5.08341e-03 7.74036e-02
173   885 -7.00533e+01 3.79078e-03 5.39874e-02
174   906 -7.12466e+01 3.51445e-03 5.26278e-02
175   927 -7.43538e+01 3.30848e-03 5.03308e-02
176   949 -7.44663e+01 3.38180e-03 5.46618e-02
177   971 -7.39362e+01 3.74067e-03 5.89766e-02
178   994 -7.70930e+01 3.54325e-03 5.44011e-02
179  1017 -7.42910e+01 3.28582e-03 5.25283e-02
180  1041 -7.54479e+01 3.31480e-03 4.95894e-02
181  1065 -7.42466e+01 3.44994e-03 5.38262e-02
182  1090 -7.75972e+01 2.83506e-03 4.12455e-02
183  1115 -7.25486e+01 2.50269e-03 3.77084e-02
184  1141 -7.50697e+01 2.67639e-03 4.05304e-02
185  1168 -7.26648e+01 2.57540e-03 4.20412e-02
186  1195 -7.50153e+01 2.63783e-03 4.15200e-02
187  1223 -7.33269e+01 2.58532e-03 4.06200e-02
188  1252 -7.66352e+01 2.62731e-03 4.05592e-02
189  1281 -7.48014e+01 2.61003e-03 4.11468e-02
190  1311 -7.23096e+01 2.00713e-03 2.92912e-02
191  1342 -7.46562e+01 1.92684e-03 2.90949e-02
192  1373 -7.30626e+01 1.90241e-03 2.96767e-02
193  1405 -7.38730e+01 1.79993e-03 2.93777e-02
194  1438 -7.41712e+01 1.85485e-03 2.83928e-02
195  1472 -7.18147e+01 1.93933e-03 3.04298e-02
196  1506 -7.27017e+01 1.43962e-03 2.17984e-02
197  1541 -7.72321e+01 1.35413e-03 2.08347e-02
198  1577 -7.33137e+01 1.35198e-03 2.18099e-02
199  1614 -7.17890e+01 1.38224e-03 2.22005e-02
200  1652 -7.68089e+01 1.40694e-03 2.18843e-02
201  1690 -7.41046e+01 1.33777e-03 2.10018e-02
202  1730 -7.29004e+01 1.03391e-03 1.58266e-02
203  1770 -7.29895e+01 9.74577e-04 1.46555e-02
204  1811 -7.03075e+01 1.03975e-03 1.71864e-02
205  1854 -7.40377e+01 9.93398e-04 1.55937e-02
206  1897 -7.19112e+01 9.35162e-04 1.43089e-02
207  1941 -6.98783e+01 7.98093e-04 1.18582e-02
208  1987 -7.26449e+01 7.36239e-04 1.09868e-02
209  2033 -7.16670e+01 7.26687e-04 1.10849e-02
210  2081 -7.44111e+01 7.14934e-04 1.08241e-02
211  2129 -7.47314e+01 7.64773e-04 1.20343e-02
212  2179 -7.45442e+01 6.98449e-04 1.08380e-02
213  2230 -6.86333e+01 6.76210e-04 1.02660e-02
214  2282 -7.28306e+01 6.51350e-04 9.61394e-03
215  2335 -7.20332e+01 6.59821e-04 9.52030e-03
216  2390 -7.07359e+01 6.13050e-04 8.64787e-03
217  2446 -6.83006e+01 5.88822e-04 8.21055e-03
218  2503 -7.37835e+01 5.75814e-04 7.83470e-03
219  2561 -7.37598e+01 5.54942e-04 7.53047e-03
220  2621 -7.31903e+01 5.36616e-04 7.24746e-03
221  2682 -7.53717e+01 5.12125e-04 6.88691e-03
222  2745 -7.44368e+01 4.91563e-04 6.52462e-03
223  2809 -7.22353e+01 4.80944e-04 6.28451e-03
224  2875 -7.54487e+01 4.74161e-04 6.14335e-03
225  2942 -7.40255e+01 4.64871e-04 5.97711e-03
226  3010 -7.42421e+01 4.56215e-04 5.80796e-03
227  3081 -7.27640e+01 4.51998e-04 5.72771e-03
228  3153 -7.88457e+01 4.46524e-04 5.61751e-03
229  3226 -7.31431e+01 4.44773e-04 5.58703e-03
230  3302 -7.21402e+01 4.41353e-04 5.50989e-03
231  3379 -7.62226e+01 4.38565e-04 5.46607e-03
232  3458 -6.86194e+01 4.36607e-04 5.42841e-03
233  3538 -7.43278e+01 4.34825e-04 5.39010e-03
234  3621 -7.60177e+01 4.33179e-04 5.35191e-03
235  3706 -6.96544e+01 4.30537e-04 5.29660e-03
236  3792 -7.17807e+01 4.28628e-04 5.26119e-03
237  3881 -7.57947e+01 4.27171e-04 5.24787e-03
238  3971 -7.08536e+01 4.25616e-04 5.21919e-03
239  4064 -7.45830e+01 4.24441e-04 5.19662e-03
240  4159 -7.26505e+01 4.22151e-04 5.16288e-03
241  4256 -7.63305e+01 4.20596e-04 5.13736e-03
242  4356 -7.59273e+01 4.18978e-04 5.10642e-03
243  4457 -6.97200e+01 4.17353e-04 5.07471e-03
244  4561 -7.12995e+01 4.16696e-04 5.07381e-03
245  4668 -7.49159e+01 4.14233e-04 5.03032e-03
246  4777 -7.42475e+01 4.12670e-04 5.00450e-03
247  4889 -7.11473e+01 4.10188e-04 4.96895e-03
248  5003 -7.20058e+01 4.07805e-04 4.92636e-03
249  5120 -7.12210e+01 4.06386e-04 4.90145e-03
250  5239 -7.09276e+01 4.05474e-04 4.87478e-03
251  5361 -7.17523e+01 4.03546e-04 4.83398e-03
252  5487 -7.45804e+01 4.02395e-04 4.81014e-03
253  5615 -7.37533e+01 4.00233e-04 4.76739e-03
254  5746 -7.36575e+01 3.97397e-04 4.72151e-03
255  5880 -7.32270e+01 3.94957e-04 4.68094e-03
256  6017 -7.35034e+01 3.93151e-04 4.64228e-03
257  6158 -7.53239e+01 3.92192e-04 4.62109e-03
258  6302 -7.41963e+01 3.89867e-04 4.57951e-03
259  6449 -7.28084e+01 3.87186e-04 4.51870e-03
260  6600 -7.28084e+01 3.84453e-04 4.46597e-03
261  6754 -7.32679e+01 3.82800e-04 4.44031e-03
262  6911 -7.26239e+01 3.80957e-04 4.40397e-03
263  7073 -7.09440e+01 3.79490e-04 4.37815e-03
264  7238 -7.21437e+01 3.78296e-04 4.35035e-03
265  7407 -7.40283e+01 3.75885e-04 4.31796e-03
266  7580 -7.78559e+01 3.73710e-04 4.28758e-03
267  7757 -7.10977e+01 3.72192e-04 4.26247e-03
268  7938 -7.35823e+01 3.70030e-04 4.24384e-03
269  8124 -7.50321e+01 3.68422e-04 4.21438e-03
270  8313 -7.14692e+01 3.65870e-04 4.18153e-03
271  8507 -7.55737e+01 3.64591e-04 4.15133e-03
272  8706 -7.13321e+01 3.62246e-04 4.13266e-03
273  8909 -7.07692e+01 3.60765e-04 4.11971e-03
274  9118 -6.75510e+01 3.58537e-04 4.08383e-03
275  9330 -7.83617e+01 3.56713e-04 4.05967e-03
276  9548 -7.10729e+01 3.55884e-04 4.06118e-03
277  9771 -6.97842e+01 3.54889e-04 4.04325e-03
278 10000 -7.14162e+01 3.53212e-04 4.02867e-03
