i, epoch, loss, l2_err, h1_err
  0     1 -5.27506e+00 9.70192e-01 1.77012e+00
  1     2 -1.38280e+01 9.53852e-01 1.77522e+00
  2     3 -2.23724e+01 9.38289e-01 1.84846e+00
  3     4 -2.93942e+01 9.22962e-01 1.92606e+00
  4     5 -3.53790e+01 9.07841e-01 1.98093e+00
  5     6 -4.07725e+01 8.92423e-01 2.00922e+00
  6     7 -4.23975e+01 8.76986e-01 2.01522e+00
  7     8 -4.62146e+01 8.61455e-01 2.00207e+00
  8     9 -5.38184e+01 8.46013e-01 1.97746e+00
  9    10 -5.67691e+01 8.30725e-01 1.94531e+00
 10    11 -6.11464e+01 8.15198e-01 1.90617e+00
 11    12 -5.89352e+01 7.99498e-01 1.86330e+00
 12    13 -6.26250e+01 7.83743e-01 1.81929e+00
 13    14 -5.99796e+01 7.68038e-01 1.77305e+00
 14    15 -6.60102e+01 7.52432e-01 1.72482e+00
 15    16 -6.62093e+01 7.36913e-01 1.67420e+00
 16    17 -6.69050e+01 7.21411e-01 1.62346e+00
 17    18 -6.78552e+01 7.05898e-01 1.57325e+00
 18    19 -6.91144e+01 6.90275e-01 1.52428e+00
 19    20 -7.04048e+01 6.74547e-01 1.47675e+00
 20    21 -6.76894e+01 6.58571e-01 1.43156e+00
 21    22 -6.86005e+01 6.42384e-01 1.38815e+00
 22    23 -6.91827e+01 6.25976e-01 1.34654e+00
 23    24 -7.05402e+01 6.09496e-01 1.30639e+00
 24    25 -6.60225e+01 5.92760e-01 1.26759e+00
 25    26 -7.32153e+01 5.75998e-01 1.23171e+00
 26    27 -6.92546e+01 5.59310e-01 1.20012e+00
 27    28 -7.15165e+01 5.42693e-01 1.17085e+00
 28    29 -7.23142e+01 5.26264e-01 1.14346e+00
 29    30 -7.17941e+01 5.10123e-01 1.11813e+00
 30    31 -7.58996e+01 4.94197e-01 1.09314e+00
 31    32 -6.96416e+01 4.78578e-01 1.06744e+00
 32    33 -7.23982e+01 4.63432e-01 1.04022e+00
 33    34 -7.46257e+01 4.48722e-01 1.01100e+00
 34    35 -7.02180e+01 4.34437e-01 9.79945e-01
 35    36 -7.39111e+01 4.20571e-01 9.45389e-01
 36    37 -7.09914e+01 4.07102e-01 9.07981e-01
 37    38 -7.51600e+01 3.93888e-01 8.67376e-01
 38    39 -7.08634e+01 3.80865e-01 8.27528e-01
 39    40 -7.04658e+01 3.68158e-01 7.87452e-01
 40    41 -7.58136e+01 3.55742e-01 7.48145e-01
 41    42 -7.59031e+01 3.43764e-01 7.10458e-01
 42    43 -7.22679e+01 3.32017e-01 6.73840e-01
 43    44 -7.25901e+01 3.20582e-01 6.38906e-01
 44    45 -7.39831e+01 3.09436e-01 6.05222e-01
 45    46 -7.49533e+01 2.98651e-01 5.73005e-01
 46    47 -7.09406e+01 2.88242e-01 5.41461e-01
 47    48 -7.28580e+01 2.78219e-01 5.10500e-01
 48    49 -7.44596e+01 2.68519e-01 4.81423e-01
 49    50 -7.00819e+01 2.59283e-01 4.57725e-01
 50    51 -7.26189e+01 2.50335e-01 4.38055e-01
 51    53 -7.15574e+01 2.33049e-01 3.95442e-01
 52    54 -7.45108e+01 2.24568e-01 3.76019e-01
 53    55 -7.57005e+01 2.16371e-01 3.60116e-01
 54    56 -7.08578e+01 2.08489e-01 3.43416e-01
 55    58 -7.47395e+01 1.93759e-01 3.18410e-01
 56    59 -7.43013e+01 1.86820e-01 3.10467e-01
 57    60 -7.04832e+01 1.80112e-01 3.02824e-01
 58    62 -7.16114e+01 1.67031e-01 2.74910e-01
 59    63 -7.35296e+01 1.60598e-01 2.65606e-01
 60    65 -7.16089e+01 1.48054e-01 2.53855e-01
 61    66 -7.41078e+01 1.42034e-01 2.45200e-01
 62    68 -7.34813e+01 1.30497e-01 2.30090e-01
 63    69 -7.40757e+01 1.25127e-01 2.23756e-01
 64    71 -7.15944e+01 1.14706e-01 2.11774e-01
 65    73 -7.59420e+01 1.04599e-01 1.98041e-01
 66    74 -7.35742e+01 9.95438e-02 1.93319e-01
 67    76 -7.18915e+01 8.98689e-02 1.89639e-01
 68    78 -7.22001e+01 8.05505e-02 1.65660e-01
 69    80 -7.44055e+01 7.16942e-02 1.69899e-01
 70    82 -7.35149e+01 6.34673e-02 1.50799e-01
 71    84 -7.08372e+01 5.65348e-02 1.61025e-01
 72    86 -6.82683e+01 4.96585e-02 1.37870e-01
 73    88 -7.19037e+01 4.39116e-02 1.30287e-01
 74    90 -7.28190e+01 3.85353e-02 1.34338e-01
 75    92 -7.45804e+01 3.32792e-02 1.32366e-01
 76    94 -7.67947e+01 2.88268e-02 1.37083e-01
 77    96 -7.47547e+01 2.49327e-02 1.30608e-01
 78    98 -7.14460e+01 2.16772e-02 1.28365e-01
 79   101 -7.18485e+01 1.77948e-02 1.17871e-01
 80   103 -7.40672e+01 1.60197e-02 1.21956e-01
 81   105 -7.47882e+01 1.43828e-02 1.24445e-01
 82   108 -7.21771e+01 1.18780e-02 1.23520e-01
 83   110 -7.07655e+01 1.11785e-02 1.21122e-01
 84   113 -7.37954e+01 1.09772e-02 1.28151e-01
 85   116 -7.10718e+01 1.04794e-02 1.24336e-01
 86   118 -7.31327e+01 1.04465e-02 1.32413e-01
 87   121 -7.39710e+01 1.05138e-02 1.31190e-01
 88   124 -7.19935e+01 1.08297e-02 1.35617e-01
 89   127 -7.16203e+01 1.04033e-02 1.23791e-01
 90   130 -7.41119e+01 1.08846e-02 1.25644e-01
 91   133 -7.29216e+01 1.04266e-02 1.38824e-01
 92   136 -7.23067e+01 1.03841e-02 1.28452e-01
 93   139 -7.19276e+01 1.06337e-02 1.32966e-01
 94   143 -7.58209e+01 1.04379e-02 1.36464e-01
 95   146 -7.48160e+01 1.08401e-02 1.36295e-01
 96   149 -7.45515e+01 1.17656e-02 1.50585e-01
 97   153 -7.25534e+01 1.15504e-02 1.46310e-01
 98   156 -7.43005e+01 1.12359e-02 1.40935e-01
 99   160 -7.68986e+01 1.20202e-02 1.53402e-01
100   164 -7.25365e+01 1.05883e-02 1.37975e-01
101   168 -7.63485e+01 1.17675e-02 1.39191e-01
102   172 -7.20096e+01 1.10040e-02 1.36188e-01
103   176 -6.84380e+01 1.19646e-02 1.48465e-01
104   180 -6.88795e+01 1.17771e-02 1.55069e-01
105   184 -7.35591e+01 1.14160e-02 1.47567e-01
106   188 -7.15273e+01 1.11356e-02 1.43180e-01
107   193 -7.31795e+01 1.07840e-02 1.42841e-01
108   197 -7.48780e+01 1.05086e-02 1.35311e-01
109   202 -7.85941e+01 1.06841e-02 1.38260e-01
110   206 -7.65228e+01 1.02589e-02 1.32519e-01
111   211 -7.29989e+01 1.03120e-02 1.32537e-01
112   216 -7.34131e+01 1.17183e-02 1.45417e-01
113   221 -7.19517e+01 1.23496e-02 1.56745e-01
114   226 -7.53149e+01 1.26291e-02 1.56207e-01
115   232 -6.88095e+01 1.16070e-02 1.48082e-01
116   237 -7.26631e+01 1.23722e-02 1.56996e-01
117   243 -7.30516e+01 1.12103e-02 1.44317e-01
118   248 -7.32310e+01 1.18635e-02 1.48513e-01
119   254 -7.19088e+01 1.09179e-02 1.34077e-01
120   260 -7.28662e+01 1.02152e-02 1.36736e-01
121   266 -7.49138e+01 1.19284e-02 1.48836e-01
122   272 -7.08739e+01 1.22706e-02 1.57309e-01
123   279 -7.31694e+01 1.19345e-02 1.49716e-01
124   285 -7.30966e+01 1.12556e-02 1.55324e-01
125   292 -7.29438e+01 1.06595e-02 1.35071e-01
126   299 -7.19739e+01 1.10662e-02 1.43047e-01
127   306 -7.02822e+01 1.10271e-02 1.37417e-01
128   313 -7.57461e+01 1.24762e-02 1.57711e-01
129   320 -7.31789e+01 1.11784e-02 1.39206e-01
130   328 -7.30517e+01 1.19276e-02 1.44795e-01
131   335 -7.61526e+01 1.14318e-02 1.45088e-01
132   343 -7.37273e+01 1.11295e-02 1.42562e-01
133   351 -7.32264e+01 1.15161e-02 1.49766e-01
134   360 -7.11968e+01 1.17053e-02 1.49109e-01
135   368 -7.52788e+01 1.18320e-02 1.49601e-01
136   377 -7.21855e+01 1.13697e-02 1.41924e-01
137   385 -7.03314e+01 1.19142e-02 1.42575e-01
138   394 -7.18412e+01 1.15183e-02 1.44691e-01
139   404 -7.25544e+01 1.03407e-02 1.37177e-01
140   413 -7.54594e+01 1.15220e-02 1.44477e-01
141   423 -7.29511e+01 1.28227e-02 1.64746e-01
142   433 -7.23106e+01 1.21035e-02 1.58116e-01
143   443 -7.20180e+01 1.17539e-02 1.38514e-01
144   453 -7.15990e+01 1.24758e-02 1.58091e-01
145   464 -7.16367e+01 1.25615e-02 1.50019e-01
146   474 -7.44346e+01 1.22683e-02 1.46426e-01
147   486 -7.09037e+01 1.13665e-02 1.39874e-01
148   497 -7.46221e+01 1.17009e-02 1.54188e-01
149   509 -7.34642e+01 1.28615e-02 1.60936e-01
150   520 -7.15884e+01 1.08079e-02 1.33814e-01
151   533 -7.12590e+01 1.19814e-02 1.44532e-01
152   545 -7.59917e+01 1.26785e-02 1.60840e-01
153   558 -7.49396e+01 1.22164e-02 1.63333e-01
154   571 -7.58773e+01 1.35963e-02 1.67707e-01
155   584 -7.55809e+01 1.21429e-02 1.55602e-01
156   598 -7.22507e+01 1.23288e-02 1.55746e-01
157   612 -7.46577e+01 1.31650e-02 1.63681e-01
158   626 -7.14011e+01 1.15811e-02 1.46372e-01
159   641 -7.33192e+01 1.21576e-02 1.53977e-01
160   656 -7.24510e+01 1.38013e-02 1.70229e-01
161   671 -7.50396e+01 1.27731e-02 1.73647e-01
162   687 -7.53858e+01 1.21808e-02 1.51096e-01
163   703 -7.20818e+01 1.21014e-02 1.54764e-01
164   719 -7.61154e+01 1.20737e-02 1.51828e-01
165   736 -7.20309e+01 1.14411e-02 1.44592e-01
166   753 -7.18965e+01 1.18494e-02 1.45295e-01
167   771 -7.47244e+01 1.28872e-02 1.61486e-01
168   789 -7.03864e+01 1.25866e-02 1.53288e-01
169   807 -7.17819e+01 1.35147e-02 1.72463e-01
170   826 -7.34602e+01 1.06009e-02 1.36193e-01
171   845 -7.26373e+01 8.51257e-03 1.03267e-01
172   865 -7.16268e+01 9.43154e-03 1.16677e-01
173   885 -7.57466e+01 7.68758e-03 9.75714e-02
174   906 -7.28069e+01 8.94306e-03 1.17802e-01
175   927 -7.19682e+01 9.22668e-03 1.12873e-01
176   949 -7.01025e+01 9.12137e-03 1.19192e-01
177   971 -7.24089e+01 9.13016e-03 1.16476e-01
178   994 -7.17664e+01 8.81560e-03 1.10267e-01
179  1017 -7.21915e+01 8.74854e-03 1.06067e-01
180  1041 -7.19704e+01 6.14174e-03 7.78358e-02
181  1065 -7.41182e+01 6.99238e-03 9.35160e-02
182  1090 -7.13330e+01 6.12885e-03 8.01756e-02
183  1115 -7.54777e+01 6.43943e-03 8.15875e-02
184  1141 -7.12345e+01 5.88927e-03 7.05013e-02
185  1168 -7.20548e+01 6.07731e-03 7.55731e-02
186  1195 -7.62429e+01 6.64887e-03 8.62003e-02
187  1223 -7.11950e+01 6.68109e-03 8.85835e-02
188  1252 -7.31913e+01 4.60792e-03 5.32902e-02
189  1281 -7.19130e+01 4.51506e-03 5.66640e-02
190  1311 -7.78575e+01 4.45364e-03 5.37095e-02
191  1342 -7.14524e+01 4.73943e-03 6.05781e-02
192  1373 -7.35158e+01 4.55991e-03 5.86625e-02
193  1405 -7.20595e+01 4.78810e-03 6.04875e-02
194  1438 -7.27726e+01 3.74529e-03 4.72794e-02
195  1472 -7.27794e+01 3.51682e-03 4.67389e-02
196  1506 -7.18524e+01 3.66042e-03 4.38880e-02
197  1541 -7.20089e+01 3.54770e-03 4.48002e-02
198  1577 -7.22379e+01 3.75348e-03 4.58355e-02
199  1614 -7.53601e+01 3.28288e-03 4.29053e-02
200  1652 -7.15190e+01 2.50788e-03 3.24594e-02
201  1690 -7.47331e+01 2.51064e-03 3.22698e-02
202  1730 -7.34170e+01 2.38223e-03 3.06994e-02
203  1770 -7.72028e+01 2.58834e-03 3.30472e-02
204  1811 -7.18943e+01 2.44791e-03 3.14067e-02
205  1854 -7.71179e+01 1.95534e-03 2.30145e-02
206  1897 -7.40600e+01 1.68963e-03 2.22849e-02
207  1941 -7.26024e+01 1.97645e-03 2.54729e-02
208  1987 -7.34175e+01 2.08086e-03 2.66188e-02
209  2033 -7.23175e+01 1.68733e-03 2.08764e-02
210  2081 -7.37797e+01 1.25764e-03 1.59825e-02
211  2129 -7.33655e+01 1.36840e-03 1.84869e-02
212  2179 -7.29535e+01 1.35639e-03 1.76160e-02
213  2230 -7.22329e+01 1.50257e-03 1.81407e-02
214  2282 -7.28319e+01 1.05437e-03 1.27282e-02
215  2335 -7.08338e+01 1.07247e-03 1.32874e-02
216  2390 -7.25780e+01 1.03682e-03 1.32157e-02
217  2446 -7.22773e+01 9.85330e-04 1.23668e-02
218  2503 -7.23936e+01 8.41272e-04 1.07559e-02
219  2561 -7.32754e+01 7.79453e-04 1.02292e-02
220  2621 -7.15691e+01 7.20034e-04 9.72212e-03
221  2682 -7.26059e+01 6.65877e-04 8.78015e-03
222  2745 -7.44405e+01 6.05770e-04 7.81667e-03
223  2809 -7.28042e+01 5.70564e-04 7.35627e-03
224  2875 -7.41574e+01 5.64727e-04 7.23665e-03
225  2942 -7.50796e+01 5.52249e-04 7.09005e-03
226  3010 -7.57578e+01 5.29895e-04 6.89959e-03
227  3081 -7.26117e+01 5.00923e-04 6.46627e-03
228  3153 -6.98700e+01 4.78902e-04 6.31121e-03
229  3226 -7.30445e+01 4.62705e-04 6.13392e-03
230  3302 -7.79725e+01 4.55577e-04 6.01792e-03
231  3379 -7.08970e+01 4.47992e-04 5.86946e-03
232  3458 -7.54323e+01 4.44294e-04 5.82324e-03
233  3538 -7.21291e+01 4.37773e-04 5.74270e-03
234  3621 -7.40022e+01 4.30320e-04 5.65876e-03
235  3706 -7.67345e+01 4.27850e-04 5.64673e-03
236  3792 -7.37734e+01 4.24789e-04 5.61175e-03
237  3881 -7.12789e+01 4.22490e-04 5.59286e-03
238  3971 -7.34084e+01 4.20217e-04 5.56320e-03
239  4064 -7.66703e+01 4.19012e-04 5.55432e-03
240  4159 -7.12641e+01 4.18127e-04 5.53689e-03
241  4256 -7.25733e+01 4.16440e-04 5.51752e-03
242  4356 -7.52135e+01 4.14326e-04 5.49045e-03
243  4457 -7.44161e+01 4.12507e-04 5.46929e-03
244  4561 -7.77233e+01 4.09719e-04 5.43360e-03
245  4668 -7.28808e+01 4.07138e-04 5.40504e-03
246  4777 -7.11442e+01 4.04864e-04 5.37870e-03
247  4889 -7.11142e+01 4.03233e-04 5.35358e-03
248  5003 -7.33287e+01 4.00871e-04 5.31997e-03
249  5120 -7.17911e+01 3.98932e-04 5.29268e-03
250  5239 -7.06446e+01 3.96163e-04 5.26462e-03
251  5361 -7.10116e+01 3.93886e-04 5.24106e-03
252  5487 -7.36751e+01 3.92781e-04 5.23427e-03
253  5615 -7.56415e+01 3.91687e-04 5.22417e-03
254  5746 -7.35078e+01 3.89930e-04 5.22046e-03
255  5880 -7.26062e+01 3.86953e-04 5.19281e-03
256  6017 -7.29218e+01 3.85315e-04 5.18382e-03
257  6158 -7.32796e+01 3.83004e-04 5.16392e-03
258  6302 -7.46572e+01 3.81124e-04 5.14548e-03
259  6449 -7.13074e+01 3.78684e-04 5.12582e-03
260  6600 -7.64209e+01 3.77314e-04 5.11082e-03
261  6754 -7.30422e+01 3.75078e-04 5.09110e-03
262  6911 -7.29234e+01 3.72534e-04 5.05789e-03
263  7073 -7.48583e+01 3.72006e-04 5.05083e-03
264  7238 -6.98070e+01 3.70474e-04 5.03255e-03
265  7407 -7.25569e+01 3.68086e-04 5.00704e-03
266  7580 -7.36615e+01 3.66796e-04 4.99517e-03
267  7757 -7.43345e+01 3.65055e-04 4.98077e-03
268  7938 -7.22985e+01 3.62748e-04 4.94906e-03
269  8124 -6.98764e+01 3.60833e-04 4.93048e-03
270  8313 -7.38578e+01 3.59451e-04 4.91086e-03
271  8507 -7.06682e+01 3.57573e-04 4.89435e-03
272  8706 -7.50197e+01 3.56630e-04 4.88111e-03
273  8909 -7.61756e+01 3.54845e-04 4.85524e-03
274  9118 -7.33462e+01 3.51775e-04 4.82241e-03
275  9330 -7.35592e+01 3.50857e-04 4.81443e-03
276  9548 -7.52466e+01 3.50076e-04 4.80622e-03
277  9771 -7.46583e+01 3.48526e-04 4.79926e-03
278 10000 -7.32930e+01 3.46176e-04 4.77910e-03
