i, epoch, loss, l2_err, h1_err
  0     1 -9.51590e+01 9.18315e-01 9.27549e-01
  1     2 -1.58274e+02 8.85115e-01 8.96198e-01
  2     3 -2.24710e+02 8.52083e-01 8.65083e-01
  3     4 -2.81855e+02 8.19204e-01 8.34255e-01
  4     5 -3.42076e+02 7.86538e-01 8.03728e-01
  5     6 -4.03278e+02 7.54112e-01 7.73538e-01
  6     7 -4.59896e+02 7.21970e-01 7.43740e-01
  7     8 -5.06166e+02 6.90146e-01 7.14371e-01
  8     9 -5.60040e+02 6.58704e-01 6.85524e-01
  9    10 -6.08587e+02 6.27641e-01 6.57189e-01
 10    11 -6.48314e+02 5.97037e-01 6.29429e-01
 11    12 -6.95356e+02 5.66923e-01 6.02301e-01
 12    13 -7.37302e+02 5.37385e-01 5.75886e-01
 13    14 -7.65813e+02 5.08444e-01 5.50187e-01
 14    15 -8.03092e+02 4.80113e-01 5.25253e-01
 15    16 -8.36921e+02 4.52490e-01 5.01187e-01
 16    17 -8.58334e+02 4.25587e-01 4.77979e-01
 17    18 -8.92832e+02 3.99407e-01 4.55661e-01
 18    19 -9.18486e+02 3.74058e-01 4.34302e-01
 19    20 -9.37475e+02 3.49542e-01 4.13900e-01
 20    21 -9.59691e+02 3.25918e-01 3.94521e-01
 21    22 -9.83993e+02 3.03194e-01 3.76158e-01
 22    23 -9.91932e+02 2.81466e-01 3.58927e-01
 23    24 -1.00932e+03 2.60705e-01 3.42788e-01
 24    25 -1.02152e+03 2.40921e-01 3.27700e-01
 25    26 -1.04085e+03 2.22193e-01 3.13691e-01
 26    27 -1.03592e+03 2.04531e-01 3.00778e-01
 27    28 -1.04146e+03 1.88013e-01 2.89022e-01
 28    29 -1.06120e+03 1.72632e-01 2.78305e-01
 29    30 -1.07824e+03 1.58372e-01 2.68593e-01
 30    31 -1.07227e+03 1.45265e-01 2.59844e-01
 31    32 -1.08986e+03 1.33329e-01 2.51971e-01
 32    33 -1.10327e+03 1.22557e-01 2.44971e-01
 33    34 -1.07715e+03 1.12967e-01 2.38785e-01
 34    35 -1.08964e+03 1.04567e-01 2.33367e-01
 35    36 -1.10491e+03 9.73191e-02 2.28606e-01
 36    37 -1.09921e+03 9.11335e-02 2.24466e-01
 37    38 -1.10347e+03 8.59401e-02 2.20854e-01
 38    39 -1.12613e+03 8.16558e-02 2.17728e-01
 39    40 -1.12652e+03 7.81667e-02 2.14992e-01
 40    41 -1.12487e+03 7.53950e-02 2.12633e-01
 41    42 -1.11566e+03 7.31846e-02 2.10577e-01
 42    43 -1.12009e+03 7.14359e-02 2.08806e-01
 43    44 -1.12563e+03 7.00671e-02 2.07301e-01
 44    45 -1.12030e+03 6.89655e-02 2.06040e-01
 45    46 -1.12667e+03 6.80913e-02 2.05002e-01
 46    47 -1.12730e+03 6.73611e-02 2.04155e-01
 47    48 -1.12952e+03 6.66901e-02 2.03443e-01
 48    49 -1.12316e+03 6.60647e-02 2.02871e-01
 49    50 -1.12494e+03 6.54587e-02 2.02428e-01
 50    51 -1.12652e+03 6.48745e-02 2.02110e-01
 51    53 -1.11645e+03 6.35563e-02 2.01626e-01
 52    54 -1.11440e+03 6.28079e-02 2.01443e-01
 53    55 -1.13026e+03 6.20769e-02 2.01341e-01
 54    56 -1.11861e+03 6.12984e-02 2.01258e-01
 55    58 -1.12630e+03 5.97182e-02 2.01187e-01
 56    59 -1.12524e+03 5.89119e-02 2.01185e-01
 57    60 -1.14253e+03 5.80744e-02 2.01170e-01
 58    62 -1.13634e+03 5.63656e-02 2.01093e-01
 59    63 -1.11872e+03 5.54760e-02 2.01016e-01
 60    65 -1.14389e+03 5.36644e-02 2.00790e-01
 61    66 -1.12260e+03 5.27414e-02 2.00630e-01
 62    68 -1.13890e+03 5.08797e-02 2.00205e-01
 63    69 -1.12020e+03 4.99399e-02 1.99957e-01
 64    71 -1.12537e+03 4.80301e-02 1.99388e-01
 65    73 -1.12275e+03 4.61247e-02 1.98731e-01
 66    74 -1.14626e+03 4.51717e-02 1.98358e-01
 67    76 -1.12764e+03 4.33320e-02 1.97598e-01
 68    78 -1.12577e+03 4.15872e-02 1.96846e-01
 69    80 -1.11782e+03 3.99584e-02 1.96106e-01
 70    82 -1.11879e+03 3.84534e-02 1.95390e-01
 71    84 -1.14106e+03 3.70943e-02 1.94685e-01
 72    86 -1.14262e+03 3.58786e-02 1.93970e-01
 73    88 -1.11256e+03 3.48123e-02 1.93307e-01
 74    90 -1.14110e+03 3.39086e-02 1.92719e-01
 75    92 -1.11955e+03 3.31537e-02 1.92236e-01
 76    94 -1.13323e+03 3.25394e-02 1.91848e-01
 77    96 -1.11634e+03 3.20373e-02 1.91534e-01
 78    98 -1.14157e+03 3.16273e-02 1.91279e-01
 79   101 -1.11840e+03 3.12090e-02 1.91050e-01
 80   103 -1.14691e+03 3.10242e-02 1.90961e-01
 81   105 -1.12695e+03 3.09117e-02 1.90908e-01
 82   108 -1.14139e+03 3.08453e-02 1.90884e-01
 83   110 -1.13286e+03 3.08493e-02 1.90888e-01
 84   113 -1.13360e+03 3.09266e-02 1.90912e-01
 85   116 -1.13518e+03 3.10887e-02 1.91020e-01
 86   118 -1.11324e+03 3.12269e-02 1.91075e-01
 87   121 -1.13304e+03 3.14828e-02 1.91191e-01
 88   124 -1.11610e+03 3.17440e-02 1.91372e-01
 89   127 -1.12723e+03 3.19632e-02 1.91547e-01
 90   130 -1.14229e+03 3.21573e-02 1.91696e-01
 91   133 -1.12270e+03 3.22885e-02 1.91851e-01
 92   136 -1.12539e+03 3.23765e-02 1.91992e-01
 93   139 -1.11940e+03 3.24618e-02 1.92145e-01
 94   143 -1.14777e+03 3.25263e-02 1.92293e-01
 95   146 -1.13959e+03 3.25546e-02 1.92363e-01
 96   149 -1.11638e+03 3.25268e-02 1.92372e-01
 97   153 -1.13783e+03 3.24325e-02 1.92293e-01
 98   156 -1.13805e+03 3.23641e-02 1.92267e-01
 99   160 -1.12962e+03 3.22852e-02 1.92173e-01
100   164 -1.12048e+03 3.22378e-02 1.91957e-01
101   168 -1.13745e+03 3.22370e-02 1.91800e-01
102   172 -1.13136e+03 3.22851e-02 1.91718e-01
103   176 -1.13851e+03 3.23680e-02 1.91720e-01
104   180 -1.11724e+03 3.24573e-02 1.91727e-01
105   184 -1.11478e+03 3.24687e-02 1.91776e-01
106   188 -1.15063e+03 3.24489e-02 1.91903e-01
107   193 -1.14193e+03 3.24326e-02 1.91995e-01
108   197 -1.13741e+03 3.23305e-02 1.91943e-01
109   202 -1.12559e+03 3.23530e-02 1.91883e-01
110   206 -1.12016e+03 3.24012e-02 1.91909e-01
111   211 -1.13700e+03 3.24049e-02 1.92026e-01
112   216 -1.13311e+03 3.23559e-02 1.92172e-01
113   221 -1.12712e+03 3.23621e-02 1.92269e-01
114   226 -1.14649e+03 3.22930e-02 1.92294e-01
115   232 -1.12953e+03 3.23079e-02 1.92305e-01
116   237 -1.10822e+03 3.23123e-02 1.92085e-01
117   243 -1.11340e+03 3.23147e-02 1.92038e-01
118   248 -1.12884e+03 3.23260e-02 1.91971e-01
119   254 -1.15859e+03 3.23052e-02 1.91993e-01
120   260 -1.11810e+03 3.22064e-02 1.92017e-01
121   266 -1.11335e+03 3.22144e-02 1.92147e-01
122   272 -1.11505e+03 3.22513e-02 1.92242e-01
123   279 -1.13278e+03 3.23221e-02 1.92496e-01
124   285 -1.11446e+03 3.23196e-02 1.92397e-01
125   292 -1.12448e+03 3.24405e-02 1.92190e-01
126   299 -1.13840e+03 3.23338e-02 1.91858e-01
127   306 -1.11808e+03 3.21328e-02 1.91892e-01
128   313 -1.12892e+03 3.21597e-02 1.92039e-01
129   320 -1.13905e+03 3.23082e-02 1.91883e-01
130   328 -1.12083e+03 3.23219e-02 1.91809e-01
131   335 -1.12962e+03 3.22340e-02 1.91856e-01
132   343 -1.13865e+03 3.21513e-02 1.91750e-01
133   351 -1.12043e+03 3.22241e-02 1.91739e-01
134   360 -1.11332e+03 3.22772e-02 1.91922e-01
135   368 -1.10532e+03 3.23025e-02 1.92074e-01
136   377 -1.13008e+03 3.23530e-02 1.92054e-01
137   385 -1.11423e+03 3.23682e-02 1.92002e-01
138   394 -1.13066e+03 3.23156e-02 1.91953e-01
139   404 -1.14390e+03 3.23474e-02 1.91884e-01
140   413 -1.11959e+03 3.23243e-02 1.91955e-01
141   423 -1.12982e+03 3.24449e-02 1.92300e-01
142   433 -1.13849e+03 3.22504e-02 1.91677e-01
143   443 -1.13395e+03 3.20430e-02 1.91686e-01
144   453 -1.14976e+03 3.22274e-02 1.92044e-01
145   464 -1.12753e+03 3.22374e-02 1.92175e-01
146   474 -1.11876e+03 3.23016e-02 1.92144e-01
147   486 -1.12448e+03 3.24519e-02 1.91957e-01
148   497 -1.11978e+03 3.23806e-02 1.91959e-01
149   509 -1.13552e+03 3.22320e-02 1.91628e-01
150   520 -1.14902e+03 3.21371e-02 1.91386e-01
151   533 -1.15076e+03 3.21369e-02 1.91762e-01
152   545 -1.11244e+03 3.22203e-02 1.91676e-01
153   558 -1.11449e+03 3.23017e-02 1.91974e-01
154   571 -1.12504e+03 3.22876e-02 1.92015e-01
155   584 -1.11897e+03 3.21775e-02 1.91694e-01
156   598 -1.13410e+03 3.23734e-02 1.91750e-01
157   612 -1.11573e+03 3.24242e-02 1.91942e-01
158   626 -1.11409e+03 3.21673e-02 1.91772e-01
159   641 -1.13598e+03 3.21715e-02 1.91889e-01
160   656 -1.13037e+03 3.22873e-02 1.91880e-01
161   671 -1.13275e+03 3.22506e-02 1.91753e-01
162   687 -1.13497e+03 3.21662e-02 1.91663e-01
163   703 -1.11657e+03 3.21875e-02 1.91541e-01
164   719 -1.14657e+03 3.21683e-02 1.91762e-01
165   736 -1.13623e+03 3.22744e-02 1.91861e-01
166   753 -1.12692e+03 3.23986e-02 1.91814e-01
167   771 -1.12385e+03 3.23378e-02 1.91883e-01
168   789 -1.14991e+03 3.23202e-02 1.92129e-01
169   807 -1.11789e+03 3.25009e-02 1.91890e-01
170   826 -1.13508e+03 3.22925e-02 1.92064e-01
171   845 -1.10483e+03 3.22753e-02 1.92187e-01
172   865 -1.12628e+03 3.23115e-02 1.91851e-01
173   885 -1.13702e+03 3.23208e-02 1.91879e-01
174   906 -1.11772e+03 3.22720e-02 1.91901e-01
175   927 -1.13869e+03 3.22228e-02 1.91786e-01
176   949 -1.12993e+03 3.22306e-02 1.91938e-01
177   971 -1.11505e+03 3.21763e-02 1.91974e-01
178   994 -1.14253e+03 3.22314e-02 1.92001e-01
179  1017 -1.12080e+03 3.24137e-02 1.92053e-01
180  1041 -1.12312e+03 3.23482e-02 1.91882e-01
181  1065 -1.12975e+03 3.22796e-02 1.92115e-01
182  1090 -1.12970e+03 3.22651e-02 1.92044e-01
183  1115 -1.11632e+03 3.22760e-02 1.92019e-01
184  1141 -1.13712e+03 3.23093e-02 1.91906e-01
185  1168 -1.13694e+03 3.22826e-02 1.92057e-01
186  1195 -1.12137e+03 3.23093e-02 1.91954e-01
187  1223 -1.11294e+03 3.24365e-02 1.92075e-01
188  1252 -1.12892e+03 3.22946e-02 1.92013e-01
189  1281 -1.14103e+03 3.23290e-02 1.92034e-01
190  1311 -1.14160e+03 3.23876e-02 1.92107e-01
191  1342 -1.12044e+03 3.24214e-02 1.92149e-01
192  1373 -1.13851e+03 3.23683e-02 1.92053e-01
193  1405 -1.12902e+03 3.22889e-02 1.91983e-01
194  1438 -1.12856e+03 3.23879e-02 1.91989e-01
195  1472 -1.12456e+03 3.23769e-02 1.91918e-01
196  1506 -1.13559e+03 3.23717e-02 1.91983e-01
197  1541 -1.13262e+03 3.23509e-02 1.91919e-01
198  1577 -1.15232e+03 3.23273e-02 1.91882e-01
199  1614 -1.14317e+03 3.22141e-02 1.91749e-01
200  1652 -1.12361e+03 3.22188e-02 1.91748e-01
201  1690 -1.12263e+03 3.22645e-02 1.91858e-01
202  1730 -1.11234e+03 3.22643e-02 1.91847e-01
203  1770 -1.13329e+03 3.22571e-02 1.91830e-01
204  1811 -1.11739e+03 3.22657e-02 1.91847e-01
205  1854 -1.11657e+03 3.22979e-02 1.91907e-01
206  1897 -1.12439e+03 3.22815e-02 1.91904e-01
207  1941 -1.15113e+03 3.22955e-02 1.91918e-01
208  1987 -1.13592e+03 3.23110e-02 1.91956e-01
209  2033 -1.13090e+03 3.22828e-02 1.91942e-01
210  2081 -1.11485e+03 3.22792e-02 1.91937e-01
211  2129 -1.13355e+03 3.22970e-02 1.91921e-01
212  2179 -1.12076e+03 3.23071e-02 1.91919e-01
213  2230 -1.12570e+03 3.22917e-02 1.91901e-01
214  2282 -1.15673e+03 3.22878e-02 1.91903e-01
215  2335 -1.11626e+03 3.22802e-02 1.91912e-01
216  2390 -1.12527e+03 3.22782e-02 1.91911e-01
217  2446 -1.13115e+03 3.22777e-02 1.91903e-01
218  2503 -1.11904e+03 3.22736e-02 1.91920e-01
219  2561 -1.12016e+03 3.22732e-02 1.91917e-01
220  2621 -1.12670e+03 3.22695e-02 1.91920e-01
221  2682 -1.13534e+03 3.22689e-02 1.91916e-01
222  2745 -1.13408e+03 3.22720e-02 1.91915e-01
223  2809 -1.13553e+03 3.22764e-02 1.91915e-01
224  2875 -1.12075e+03 3.22794e-02 1.91925e-01
225  2942 -1.13345e+03 3.22817e-02 1.91926e-01
226  3010 -1.12328e+03 3.22840e-02 1.91929e-01
227  3081 -1.13324e+03 3.22830e-02 1.91928e-01
228  3153 -1.10895e+03 3.22843e-02 1.91927e-01
229  3226 -1.12709e+03 3.22851e-02 1.91928e-01
230  3302 -1.14577e+03 3.22855e-02 1.91928e-01
231  3379 -1.13224e+03 3.22862e-02 1.91927e-01
232  3458 -1.12830e+03 3.22864e-02 1.91929e-01
233  3538 -1.13839e+03 3.22862e-02 1.91929e-01
234  3621 -1.11520e+03 3.22855e-02 1.91928e-01
235  3706 -1.13565e+03 3.22853e-02 1.91928e-01
236  3792 -1.13057e+03 3.22850e-02 1.91928e-01
237  3881 -1.13362e+03 3.22850e-02 1.91928e-01
238  3971 -1.11671e+03 3.22848e-02 1.91928e-01
239  4064 -1.11637e+03 3.22850e-02 1.91928e-01
240  4159 -1.12462e+03 3.22852e-02 1.91928e-01
241  4256 -1.12837e+03 3.22848e-02 1.91928e-01
242  4356 -1.11742e+03 3.22849e-02 1.91928e-01
243  4457 -1.13090e+03 3.22846e-02 1.91928e-01
244  4561 -1.11015e+03 3.22849e-02 1.91928e-01
245  4668 -1.13046e+03 3.22849e-02 1.91927e-01
246  4777 -1.12184e+03 3.22848e-02 1.91927e-01
247  4889 -1.10461e+03 3.22844e-02 1.91927e-01
248  5003 -1.14190e+03 3.22843e-02 1.91926e-01
249  5120 -1.12612e+03 3.22841e-02 1.91927e-01
250  5239 -1.12184e+03 3.22835e-02 1.91927e-01
251  5361 -1.14339e+03 3.22838e-02 1.91926e-01
252  5487 -1.12465e+03 3.22832e-02 1.91926e-01
253  5615 -1.11307e+03 3.22833e-02 1.91925e-01
254  5746 -1.12617e+03 3.22833e-02 1.91925e-01
255  5880 -1.13212e+03 3.22827e-02 1.91925e-01
256  6017 -1.11293e+03 3.22829e-02 1.91925e-01
257  6158 -1.13006e+03 3.22833e-02 1.91926e-01
258  6302 -1.11026e+03 3.22836e-02 1.91926e-01
259  6449 -1.12222e+03 3.22825e-02 1.91927e-01
260  6600 -1.11832e+03 3.22817e-02 1.91927e-01
261  6754 -1.12505e+03 3.22824e-02 1.91927e-01
262  6911 -1.13403e+03 3.22819e-02 1.91926e-01
263  7073 -1.12163e+03 3.22814e-02 1.91926e-01
264  7238 -1.11725e+03 3.22816e-02 1.91926e-01
265  7407 -1.11582e+03 3.22815e-02 1.91926e-01
266  7580 -1.13444e+03 3.22808e-02 1.91925e-01
267  7757 -1.12310e+03 3.22811e-02 1.91924e-01
268  7938 -1.12261e+03 3.22828e-02 1.91926e-01
269  8124 -1.14028e+03 3.22833e-02 1.91927e-01
270  8313 -1.13256e+03 3.22833e-02 1.91927e-01
271  8507 -1.13078e+03 3.22827e-02 1.91928e-01
272  8706 -1.12011e+03 3.22840e-02 1.91929e-01
273  8909 -1.13933e+03 3.22868e-02 1.91931e-01
274  9118 -1.13013e+03 3.22863e-02 1.91931e-01
275  9330 -1.11855e+03 3.22886e-02 1.91933e-01
276  9548 -1.11862e+03 3.22860e-02 1.91931e-01
277  9771 -1.12899e+03 3.22852e-02 1.91929e-01
278 10000 -1.13175e+03 3.22842e-02 1.91929e-01
