i, epoch, loss, l2_err, h1_err
  0     1 -8.32722e+01 9.87954e-01 1.15374e+00
  1     2 -1.50321e+02 9.84957e-01 1.18280e+00
  2     3 -2.19168e+02 9.81602e-01 1.22405e+00
  3     4 -2.80956e+02 9.77332e-01 1.26978e+00
  4     5 -3.37356e+02 9.71888e-01 1.31480e+00
  5     6 -4.00157e+02 9.65472e-01 1.35872e+00
  6     7 -4.49595e+02 9.58059e-01 1.39879e+00
  7     8 -5.05918e+02 9.49659e-01 1.43405e+00
  8     9 -5.60194e+02 9.40181e-01 1.46377e+00
  9    10 -6.03886e+02 9.29676e-01 1.48939e+00
 10    11 -6.50009e+02 9.17977e-01 1.50994e+00
 11    12 -6.83425e+02 9.05192e-01 1.52671e+00
 12    13 -7.26546e+02 8.91247e-01 1.53959e+00
 13    14 -7.63341e+02 8.76189e-01 1.54850e+00
 14    15 -7.89971e+02 8.60040e-01 1.55351e+00
 15    16 -8.26190e+02 8.42800e-01 1.55456e+00
 16    17 -8.48494e+02 8.24550e-01 1.55215e+00
 17    18 -8.78539e+02 8.05303e-01 1.54614e+00
 18    19 -9.08336e+02 7.85261e-01 1.53659e+00
 19    20 -9.11202e+02 7.64472e-01 1.52331e+00
 20    21 -9.62731e+02 7.42981e-01 1.50617e+00
 21    22 -9.61691e+02 7.20818e-01 1.48524e+00
 22    23 -9.92339e+02 6.98212e-01 1.46131e+00
 23    24 -1.01072e+03 6.75297e-01 1.43461e+00
 24    25 -1.02421e+03 6.52168e-01 1.40552e+00
 25    26 -1.03538e+03 6.28822e-01 1.37423e+00
 26    27 -1.04088e+03 6.05249e-01 1.34077e+00
 27    28 -1.05768e+03 5.81675e-01 1.30576e+00
 28    29 -1.06549e+03 5.58080e-01 1.26913e+00
 29    30 -1.06863e+03 5.34602e-01 1.23135e+00
 30    31 -1.07699e+03 5.11214e-01 1.19265e+00
 31    32 -1.07574e+03 4.87908e-01 1.15309e+00
 32    33 -1.08553e+03 4.64843e-01 1.11274e+00
 33    34 -1.09185e+03 4.42078e-01 1.07212e+00
 34    35 -1.10528e+03 4.19523e-01 1.03122e+00
 35    36 -1.10492e+03 3.97287e-01 9.90144e-01
 36    37 -1.09542e+03 3.75339e-01 9.49162e-01
 37    38 -1.12322e+03 3.53774e-01 9.08643e-01
 38    39 -1.11907e+03 3.32618e-01 8.68445e-01
 39    40 -1.11086e+03 3.11933e-01 8.28795e-01
 40    41 -1.09935e+03 2.91730e-01 7.89702e-01
 41    42 -1.11909e+03 2.71993e-01 7.51250e-01
 42    43 -1.12401e+03 2.52796e-01 7.13626e-01
 43    44 -1.13108e+03 2.34174e-01 6.76967e-01
 44    45 -1.11383e+03 2.16203e-01 6.41094e-01
 45    46 -1.12899e+03 1.98837e-01 6.06137e-01
 46    47 -1.10983e+03 1.82074e-01 5.72185e-01
 47    48 -1.11688e+03 1.65919e-01 5.39192e-01
 48    49 -1.13488e+03 1.50444e-01 5.07391e-01
 49    50 -1.13179e+03 1.35662e-01 4.76832e-01
 50    51 -1.13405e+03 1.21570e-01 4.47703e-01
 51    53 -1.12546e+03 9.54878e-02 3.93968e-01
 52    54 -1.12235e+03 8.35471e-02 3.69839e-01
 53    55 -1.13841e+03 7.24049e-02 3.47610e-01
 54    56 -1.11346e+03 6.20493e-02 3.27284e-01
 55    58 -1.11428e+03 4.39178e-02 2.92153e-01
 56    59 -1.11138e+03 3.63031e-02 2.77582e-01
 57    60 -1.13269e+03 2.98565e-02 2.65055e-01
 58    62 -1.13337e+03 2.12868e-02 2.45674e-01
 59    63 -1.13121e+03 1.95312e-02 2.38460e-01
 60    65 -1.15097e+03 2.05339e-02 2.27320e-01
 61    66 -1.13962e+03 2.23000e-02 2.23005e-01
 62    68 -1.13683e+03 2.62853e-02 2.15356e-01
 63    69 -1.11552e+03 2.80298e-02 2.11583e-01
 64    71 -1.13331e+03 3.06453e-02 2.03833e-01
 65    73 -1.11696e+03 3.18523e-02 1.95712e-01
 66    74 -1.13206e+03 3.19811e-02 1.91072e-01
 67    76 -1.12919e+03 3.12827e-02 1.80668e-01
 68    78 -1.14586e+03 2.95420e-02 1.69758e-01
 69    80 -1.12404e+03 2.70832e-02 1.59467e-01
 70    82 -1.11626e+03 2.42132e-02 1.49460e-01
 71    84 -1.14024e+03 2.12183e-02 1.40671e-01
 72    86 -1.13402e+03 1.83172e-02 1.32516e-01
 73    88 -1.14948e+03 1.55734e-02 1.26806e-01
 74    90 -1.14671e+03 1.31403e-02 1.24052e-01
 75    92 -1.13007e+03 1.10899e-02 1.21806e-01
 76    94 -1.12672e+03 9.37756e-03 1.19738e-01
 77    96 -1.11925e+03 8.09238e-03 1.18390e-01
 78    98 -1.15515e+03 7.16166e-03 1.17373e-01
 79   101 -1.11712e+03 6.32249e-03 1.17270e-01
 80   103 -1.13880e+03 6.00543e-03 1.16929e-01
 81   105 -1.13767e+03 5.80984e-03 1.16575e-01
 82   108 -1.12832e+03 5.47807e-03 1.14763e-01
 83   110 -1.11144e+03 5.33784e-03 1.14034e-01
 84   113 -1.12000e+03 5.12737e-03 1.12885e-01
 85   116 -1.13489e+03 5.00094e-03 1.11404e-01
 86   118 -1.13142e+03 4.95816e-03 1.11113e-01
 87   121 -1.13253e+03 5.01440e-03 1.11597e-01
 88   124 -1.13513e+03 5.03649e-03 1.12607e-01
 89   127 -1.13072e+03 5.28057e-03 1.13852e-01
 90   130 -1.12777e+03 5.49776e-03 1.14547e-01
 91   133 -1.14309e+03 5.36224e-03 1.14821e-01
 92   136 -1.14264e+03 5.40947e-03 1.14847e-01
 93   139 -1.13576e+03 5.47611e-03 1.14084e-01
 94   143 -1.12466e+03 5.44347e-03 1.12706e-01
 95   146 -1.13144e+03 5.44115e-03 1.12281e-01
 96   149 -1.13257e+03 5.36724e-03 1.12202e-01
 97   153 -1.14028e+03 5.26529e-03 1.12331e-01
 98   156 -1.12617e+03 5.23608e-03 1.12269e-01
 99   160 -1.12828e+03 5.09269e-03 1.10855e-01
100   164 -1.12788e+03 4.87233e-03 1.10172e-01
101   168 -1.16577e+03 4.67996e-03 1.09843e-01
102   172 -1.12289e+03 4.73330e-03 1.10499e-01
103   176 -1.11992e+03 4.89249e-03 1.10882e-01
104   180 -1.12088e+03 5.05686e-03 1.11773e-01
105   184 -1.12937e+03 5.08699e-03 1.13368e-01
106   188 -1.13389e+03 5.66687e-03 1.13872e-01
107   193 -1.13429e+03 5.24475e-03 1.12480e-01
108   197 -1.12391e+03 4.98639e-03 1.11739e-01
109   202 -1.13730e+03 5.24789e-03 1.11320e-01
110   206 -1.12337e+03 5.30343e-03 1.11487e-01
111   211 -1.11852e+03 5.27481e-03 1.14974e-01
112   216 -1.13668e+03 5.47646e-03 1.14685e-01
113   221 -1.13325e+03 5.74242e-03 1.14356e-01
114   226 -1.13838e+03 5.24283e-03 1.14237e-01
115   232 -1.13279e+03 5.31005e-03 1.14113e-01
116   237 -1.13471e+03 5.24142e-03 1.12108e-01
117   243 -1.12422e+03 4.96085e-03 1.10247e-01
118   248 -1.10979e+03 5.02851e-03 1.09056e-01
119   254 -1.12924e+03 4.92043e-03 1.10554e-01
120   260 -1.13928e+03 5.28520e-03 1.13349e-01
121   266 -1.11473e+03 5.12557e-03 1.12666e-01
122   272 -1.13375e+03 5.02990e-03 1.13550e-01
123   279 -1.12297e+03 5.27025e-03 1.12961e-01
124   285 -1.13136e+03 5.48812e-03 1.13907e-01
125   292 -1.12480e+03 5.58041e-03 1.17687e-01
126   299 -1.14336e+03 6.00239e-03 1.17605e-01
127   306 -1.12914e+03 5.27551e-03 1.14407e-01
128   313 -1.11067e+03 5.29825e-03 1.15290e-01
129   320 -1.14937e+03 5.19005e-03 1.13384e-01
130   328 -1.13741e+03 5.14717e-03 1.12711e-01
131   335 -1.12600e+03 5.07801e-03 1.10343e-01
132   343 -1.12184e+03 5.14461e-03 1.13740e-01
133   351 -1.14075e+03 5.37851e-03 1.14119e-01
134   360 -1.13022e+03 5.43351e-03 1.12443e-01
135   368 -1.12830e+03 4.80202e-03 1.09012e-01
136   377 -1.13562e+03 5.14429e-03 1.12452e-01
137   385 -1.14135e+03 5.73293e-03 1.17137e-01
138   394 -1.13116e+03 5.60160e-03 1.15291e-01
139   404 -1.13137e+03 5.07691e-03 1.11533e-01
140   413 -1.13546e+03 5.15385e-03 1.12175e-01
141   423 -1.14182e+03 4.88574e-03 1.11975e-01
142   433 -1.14925e+03 4.97415e-03 1.10275e-01
143   443 -1.12812e+03 4.73480e-03 1.10082e-01
144   453 -1.11989e+03 5.14013e-03 1.10776e-01
145   464 -1.14153e+03 5.28786e-03 1.09881e-01
146   474 -1.12846e+03 4.97025e-03 1.10674e-01
147   486 -1.12153e+03 4.99213e-03 1.11197e-01
148   497 -1.13286e+03 5.30641e-03 1.14133e-01
149   509 -1.15400e+03 5.25828e-03 1.12334e-01
150   520 -1.12515e+03 5.22417e-03 1.12405e-01
151   533 -1.13510e+03 5.28197e-03 1.11750e-01
152   545 -1.13576e+03 5.36691e-03 1.14759e-01
153   558 -1.13532e+03 5.69075e-03 1.15950e-01
154   571 -1.13090e+03 5.04043e-03 1.10793e-01
155   584 -1.10715e+03 4.97015e-03 1.10010e-01
156   598 -1.13298e+03 5.10166e-03 1.11438e-01
157   612 -1.12468e+03 5.35313e-03 1.14881e-01
158   626 -1.12278e+03 5.33168e-03 1.13080e-01
159   641 -1.15002e+03 4.93290e-03 1.10004e-01
160   656 -1.12314e+03 4.94180e-03 1.10123e-01
161   671 -1.13031e+03 5.04944e-03 1.11472e-01
162   687 -1.13509e+03 4.98584e-03 1.11846e-01
163   703 -1.10963e+03 5.03624e-03 1.12631e-01
164   719 -1.13635e+03 4.84532e-03 1.09106e-01
165   736 -1.12192e+03 4.64099e-03 1.09705e-01
166   753 -1.13785e+03 4.99573e-03 1.10895e-01
167   771 -1.11420e+03 4.92116e-03 1.11955e-01
168   789 -1.13193e+03 4.98371e-03 1.11684e-01
169   807 -1.12218e+03 4.93117e-03 1.11511e-01
170   826 -1.12444e+03 4.93613e-03 1.10138e-01
171   845 -1.12015e+03 5.02320e-03 1.12064e-01
172   865 -1.12913e+03 5.17567e-03 1.13371e-01
173   885 -1.13502e+03 5.17294e-03 1.12767e-01
174   906 -1.13033e+03 5.16578e-03 1.11547e-01
175   927 -1.11138e+03 5.06852e-03 1.10717e-01
176   949 -1.10853e+03 5.15206e-03 1.12972e-01
177   971 -1.14791e+03 5.11341e-03 1.12912e-01
178   994 -1.13997e+03 5.18744e-03 1.13525e-01
179  1017 -1.13591e+03 5.25525e-03 1.13691e-01
180  1041 -1.13858e+03 5.08300e-03 1.11743e-01
181  1065 -1.14026e+03 5.02085e-03 1.11279e-01
182  1090 -1.12962e+03 5.00850e-03 1.11067e-01
183  1115 -1.12817e+03 4.98606e-03 1.11125e-01
184  1141 -1.13835e+03 5.05643e-03 1.11060e-01
185  1168 -1.12378e+03 5.12222e-03 1.12285e-01
186  1195 -1.12295e+03 4.95839e-03 1.10664e-01
187  1223 -1.13803e+03 5.06356e-03 1.12310e-01
188  1252 -1.11771e+03 5.05119e-03 1.11901e-01
189  1281 -1.13144e+03 5.29426e-03 1.13760e-01
190  1311 -1.14323e+03 5.14568e-03 1.12611e-01
191  1342 -1.13203e+03 5.10321e-03 1.11823e-01
192  1373 -1.12393e+03 5.02218e-03 1.11171e-01
193  1405 -1.13962e+03 5.02619e-03 1.11101e-01
194  1438 -1.13206e+03 5.05732e-03 1.10683e-01
195  1472 -1.13422e+03 4.94570e-03 1.10574e-01
196  1506 -1.11737e+03 5.06596e-03 1.12615e-01
197  1541 -1.13725e+03 5.11635e-03 1.12324e-01
198  1577 -1.13195e+03 5.08637e-03 1.11639e-01
199  1614 -1.13151e+03 5.05228e-03 1.12126e-01
200  1652 -1.13855e+03 5.02783e-03 1.11116e-01
201  1690 -1.12407e+03 4.99327e-03 1.11026e-01
202  1730 -1.15313e+03 5.01169e-03 1.11122e-01
203  1770 -1.11791e+03 4.94723e-03 1.10734e-01
204  1811 -1.13908e+03 4.87937e-03 1.10317e-01
205  1854 -1.14940e+03 4.91586e-03 1.10542e-01
206  1897 -1.12270e+03 4.96104e-03 1.10966e-01
207  1941 -1.14156e+03 4.91651e-03 1.10689e-01
208  1987 -1.12822e+03 4.92369e-03 1.10842e-01
209  2033 -1.11858e+03 4.93949e-03 1.10787e-01
210  2081 -1.12515e+03 4.97972e-03 1.10968e-01
211  2129 -1.13316e+03 4.98567e-03 1.10953e-01
212  2179 -1.12487e+03 4.97019e-03 1.10918e-01
213  2230 -1.11787e+03 4.96474e-03 1.10933e-01
214  2282 -1.13497e+03 4.96555e-03 1.10935e-01
215  2335 -1.12721e+03 4.97941e-03 1.11037e-01
216  2390 -1.12102e+03 4.97646e-03 1.11073e-01
217  2446 -1.12395e+03 4.97530e-03 1.11043e-01
218  2503 -1.13946e+03 4.97526e-03 1.11063e-01
219  2561 -1.14118e+03 4.97255e-03 1.11035e-01
220  2621 -1.14663e+03 4.96896e-03 1.11048e-01
221  2682 -1.14010e+03 4.96943e-03 1.11016e-01
222  2745 -1.12662e+03 4.96724e-03 1.10988e-01
223  2809 -1.11895e+03 4.96930e-03 1.11019e-01
224  2875 -1.12411e+03 4.96934e-03 1.11038e-01
225  2942 -1.12474e+03 4.97087e-03 1.11062e-01
226  3010 -1.13764e+03 4.97197e-03 1.11059e-01
227  3081 -1.10693e+03 4.97117e-03 1.11052e-01
228  3153 -1.13210e+03 4.97121e-03 1.11057e-01
229  3226 -1.12604e+03 4.97110e-03 1.11056e-01
230  3302 -1.12942e+03 4.97046e-03 1.11052e-01
231  3379 -1.10829e+03 4.97018e-03 1.11046e-01
232  3458 -1.11714e+03 4.97014e-03 1.11046e-01
233  3538 -1.14859e+03 4.97042e-03 1.11047e-01
234  3621 -1.13381e+03 4.97048e-03 1.11047e-01
235  3706 -1.13346e+03 4.97049e-03 1.11047e-01
236  3792 -1.11722e+03 4.97090e-03 1.11052e-01
237  3881 -1.12782e+03 4.97120e-03 1.11054e-01
238  3971 -1.14590e+03 4.97123e-03 1.11051e-01
239  4064 -1.11941e+03 4.97132e-03 1.11053e-01
240  4159 -1.13408e+03 4.97176e-03 1.11058e-01
241  4256 -1.13718e+03 4.97205e-03 1.11060e-01
242  4356 -1.12244e+03 4.97219e-03 1.11062e-01
243  4457 -1.12584e+03 4.97202e-03 1.11060e-01
244  4561 -1.13602e+03 4.97172e-03 1.11057e-01
245  4668 -1.13488e+03 4.97215e-03 1.11062e-01
246  4777 -1.15840e+03 4.97186e-03 1.11063e-01
247  4889 -1.13562e+03 4.97201e-03 1.11064e-01
248  5003 -1.12359e+03 4.97253e-03 1.11070e-01
249  5120 -1.14231e+03 4.97291e-03 1.11075e-01
250  5239 -1.14346e+03 4.97310e-03 1.11078e-01
251  5361 -1.13093e+03 4.97342e-03 1.11079e-01
252  5487 -1.14083e+03 4.97340e-03 1.11078e-01
253  5615 -1.13414e+03 4.97304e-03 1.11075e-01
254  5746 -1.12141e+03 4.97314e-03 1.11074e-01
255  5880 -1.11859e+03 4.97335e-03 1.11076e-01
256  6017 -1.12244e+03 4.97331e-03 1.11074e-01
257  6158 -1.13703e+03 4.97337e-03 1.11077e-01
258  6302 -1.12952e+03 4.97325e-03 1.11073e-01
259  6449 -1.12032e+03 4.97324e-03 1.11072e-01
260  6600 -1.09253e+03 4.97332e-03 1.11073e-01
261  6754 -1.14707e+03 4.97319e-03 1.11072e-01
262  6911 -1.11654e+03 4.97351e-03 1.11076e-01
263  7073 -1.12502e+03 4.97342e-03 1.11073e-01
264  7238 -1.12389e+03 4.97373e-03 1.11077e-01
265  7407 -1.12462e+03 4.97289e-03 1.11071e-01
266  7580 -1.13135e+03 4.97277e-03 1.11067e-01
267  7757 -1.12051e+03 4.97285e-03 1.11066e-01
268  7938 -1.15523e+03 4.97302e-03 1.11069e-01
269  8124 -1.13134e+03 4.97329e-03 1.11075e-01
270  8313 -1.12875e+03 4.97344e-03 1.11076e-01
271  8507 -1.11242e+03 4.97396e-03 1.11080e-01
272  8706 -1.14948e+03 4.97417e-03 1.11081e-01
273  8909 -1.12180e+03 4.97388e-03 1.11079e-01
274  9118 -1.13065e+03 4.97331e-03 1.11072e-01
275  9330 -1.12154e+03 4.97423e-03 1.11080e-01
276  9548 -1.12696e+03 4.97406e-03 1.11082e-01
277  9771 -1.12464e+03 4.97463e-03 1.11082e-01
278 10000 -1.13668e+03 4.97460e-03 1.11087e-01
