i, epoch, loss, l2_err, h1_err
  0     1 -7.87510e+01 9.94091e-01 1.23764e+00
  1     2 -1.56020e+02 9.90592e-01 1.27608e+00
  2     3 -2.16582e+02 9.86470e-01 1.33510e+00
  3     4 -2.81050e+02 9.81698e-01 1.39448e+00
  4     5 -3.39366e+02 9.76379e-01 1.44792e+00
  5     6 -3.98459e+02 9.70099e-01 1.49112e+00
  6     7 -4.52196e+02 9.62981e-01 1.52858e+00
  7     8 -5.08753e+02 9.54974e-01 1.56044e+00
  8     9 -5.49828e+02 9.46245e-01 1.58824e+00
  9    10 -6.00538e+02 9.36727e-01 1.61162e+00
 10    11 -6.42530e+02 9.26531e-01 1.63084e+00
 11    12 -6.76380e+02 9.15652e-01 1.64461e+00
 12    13 -7.15500e+02 9.04178e-01 1.65459e+00
 13    14 -7.55423e+02 8.92212e-01 1.66123e+00
 14    15 -7.84981e+02 8.79771e-01 1.66573e+00
 15    16 -8.27684e+02 8.66886e-01 1.66766e+00
 16    17 -8.49173e+02 8.53449e-01 1.66658e+00
 17    18 -8.76168e+02 8.39513e-01 1.66331e+00
 18    19 -9.12462e+02 8.25092e-01 1.65761e+00
 19    20 -9.28710e+02 8.10115e-01 1.64929e+00
 20    21 -9.37354e+02 7.94549e-01 1.63827e+00
 21    22 -9.59804e+02 7.78453e-01 1.62493e+00
 22    23 -9.78991e+02 7.61733e-01 1.60926e+00
 23    24 -1.00338e+03 7.44420e-01 1.59138e+00
 24    25 -1.00193e+03 7.26604e-01 1.57191e+00
 25    26 -1.02767e+03 7.08313e-01 1.55056e+00
 26    27 -1.03758e+03 6.89619e-01 1.52715e+00
 27    28 -1.04971e+03 6.70627e-01 1.50162e+00
 28    29 -1.05036e+03 6.51344e-01 1.47430e+00
 29    30 -1.07130e+03 6.31791e-01 1.44524e+00
 30    31 -1.06520e+03 6.12023e-01 1.41456e+00
 31    32 -1.07991e+03 5.92110e-01 1.38255e+00
 32    33 -1.09558e+03 5.72090e-01 1.34912e+00
 33    34 -1.09364e+03 5.52035e-01 1.31482e+00
 34    35 -1.11298e+03 5.31951e-01 1.27959e+00
 35    36 -1.09240e+03 5.11858e-01 1.24327e+00
 36    37 -1.11342e+03 4.91890e-01 1.20593e+00
 37    38 -1.11150e+03 4.72038e-01 1.16808e+00
 38    39 -1.11525e+03 4.52401e-01 1.12990e+00
 39    40 -1.11783e+03 4.32957e-01 1.09129e+00
 40    41 -1.12109e+03 4.13722e-01 1.05270e+00
 41    42 -1.10245e+03 3.94652e-01 1.01390e+00
 42    43 -1.13159e+03 3.75831e-01 9.74870e-01
 43    44 -1.14104e+03 3.57230e-01 9.35516e-01
 44    45 -1.14570e+03 3.38888e-01 8.96206e-01
 45    46 -1.11213e+03 3.20851e-01 8.57352e-01
 46    47 -1.13575e+03 3.03174e-01 8.19053e-01
 47    48 -1.13262e+03 2.85833e-01 7.81428e-01
 48    49 -1.12339e+03 2.68916e-01 7.44485e-01
 49    50 -1.11490e+03 2.52500e-01 7.08031e-01
 50    51 -1.12476e+03 2.36592e-01 6.72148e-01
 51    53 -1.13011e+03 2.06124e-01 6.03070e-01
 52    54 -1.12859e+03 1.91616e-01 5.70482e-01
 53    55 -1.11158e+03 1.77623e-01 5.39173e-01
 54    56 -1.13471e+03 1.64143e-01 5.09133e-01
 55    58 -1.13125e+03 1.38712e-01 4.52269e-01
 56    59 -1.11380e+03 1.26805e-01 4.25328e-01
 57    60 -1.11409e+03 1.15435e-01 3.99709e-01
 58    62 -1.14963e+03 9.43519e-02 3.52985e-01
 59    63 -1.13641e+03 8.46488e-02 3.31472e-01
 60    65 -1.11473e+03 6.69583e-02 2.92297e-01
 61    66 -1.10539e+03 5.90004e-02 2.75014e-01
 62    68 -1.13424e+03 4.49618e-02 2.44265e-01
 63    69 -1.12807e+03 3.89251e-02 2.30998e-01
 64    71 -1.14139e+03 2.89912e-02 2.07943e-01
 65    73 -1.13372e+03 2.20803e-02 1.89563e-01
 66    74 -1.14512e+03 1.98607e-02 1.82032e-01
 67    76 -1.13300e+03 1.77725e-02 1.69272e-01
 68    78 -1.12046e+03 1.78802e-02 1.58393e-01
 69    80 -1.14109e+03 1.88761e-02 1.49870e-01
 70    82 -1.14866e+03 1.99187e-02 1.42457e-01
 71    84 -1.12063e+03 2.05303e-02 1.35528e-01
 72    86 -1.12975e+03 2.05969e-02 1.29804e-01
 73    88 -1.11768e+03 2.00894e-02 1.24020e-01
 74    90 -1.13997e+03 1.91789e-02 1.19561e-01
 75    92 -1.11199e+03 1.80229e-02 1.16404e-01
 76    94 -1.13412e+03 1.67319e-02 1.13334e-01
 77    96 -1.12477e+03 1.53418e-02 1.11757e-01
 78    98 -1.15467e+03 1.38434e-02 1.10243e-01
 79   101 -1.14925e+03 1.18011e-02 1.08469e-01
 80   103 -1.13262e+03 1.06993e-02 1.07475e-01
 81   105 -1.12539e+03 9.79114e-03 1.06524e-01
 82   108 -1.12245e+03 8.41723e-03 1.04729e-01
 83   110 -1.13304e+03 7.70713e-03 1.04041e-01
 84   113 -1.12544e+03 6.88314e-03 1.02944e-01
 85   116 -1.11048e+03 6.02822e-03 1.01993e-01
 86   118 -1.15102e+03 5.52068e-03 1.02502e-01
 87   121 -1.14346e+03 4.84819e-03 1.01165e-01
 88   124 -1.12569e+03 4.35748e-03 1.00911e-01
 89   127 -1.12694e+03 3.96347e-03 9.89098e-02
 90   130 -1.12479e+03 3.47723e-03 9.54874e-02
 91   133 -1.11183e+03 3.28260e-03 9.48563e-02
 92   136 -1.12967e+03 3.04307e-03 9.27676e-02
 93   139 -1.12756e+03 2.84395e-03 9.25682e-02
 94   143 -1.12973e+03 2.77418e-03 9.19139e-02
 95   146 -1.13212e+03 2.79146e-03 9.34394e-02
 96   149 -1.13376e+03 2.82210e-03 9.41686e-02
 97   153 -1.12561e+03 3.07577e-03 9.53386e-02
 98   156 -1.13359e+03 3.04069e-03 9.55617e-02
 99   160 -1.11530e+03 3.09491e-03 9.62675e-02
100   164 -1.12242e+03 3.01867e-03 9.72167e-02
101   168 -1.15721e+03 3.17522e-03 9.85716e-02
102   172 -1.12700e+03 3.11763e-03 9.82617e-02
103   176 -1.13945e+03 3.03374e-03 9.51361e-02
104   180 -1.12939e+03 2.81117e-03 9.29218e-02
105   184 -1.11624e+03 2.66769e-03 9.00481e-02
106   188 -1.13830e+03 2.63683e-03 9.14385e-02
107   193 -1.12724e+03 2.73086e-03 9.20887e-02
108   197 -1.13120e+03 2.92487e-03 9.45423e-02
109   202 -1.14215e+03 3.12192e-03 9.91648e-02
110   206 -1.11307e+03 3.33190e-03 1.00911e-01
111   211 -1.12538e+03 3.12729e-03 9.80662e-02
112   216 -1.13361e+03 3.14459e-03 9.65047e-02
113   221 -1.13445e+03 2.95114e-03 9.33121e-02
114   226 -1.12676e+03 2.59689e-03 9.08585e-02
115   232 -1.13123e+03 2.88815e-03 9.28854e-02
116   237 -1.12330e+03 2.76069e-03 9.32854e-02
117   243 -1.14300e+03 3.16090e-03 9.61077e-02
118   248 -1.13158e+03 3.28274e-03 9.84228e-02
119   254 -1.11952e+03 3.06483e-03 9.75935e-02
120   260 -1.13506e+03 3.09028e-03 9.77907e-02
121   266 -1.14418e+03 2.87857e-03 9.62001e-02
122   272 -1.14135e+03 3.01487e-03 9.72213e-02
123   279 -1.10712e+03 3.35177e-03 9.75191e-02
124   285 -1.14176e+03 3.20491e-03 9.83118e-02
125   292 -1.13918e+03 2.97539e-03 9.71194e-02
126   299 -1.10457e+03 2.91514e-03 9.32663e-02
127   306 -1.13757e+03 3.26392e-03 9.74163e-02
128   313 -1.12944e+03 3.57046e-03 9.86280e-02
129   320 -1.16142e+03 3.24488e-03 9.84871e-02
130   328 -1.11788e+03 3.36973e-03 9.82162e-02
131   335 -1.12791e+03 3.25168e-03 9.78268e-02
132   343 -1.13510e+03 3.51886e-03 9.98856e-02
133   351 -1.13417e+03 3.23476e-03 9.36808e-02
134   360 -1.13133e+03 3.10058e-03 9.75796e-02
135   368 -1.12785e+03 3.23342e-03 9.95153e-02
136   377 -1.12967e+03 3.39386e-03 1.01913e-01
137   385 -1.10478e+03 3.16467e-03 9.79847e-02
138   394 -1.14465e+03 3.02792e-03 9.64130e-02
139   404 -1.13537e+03 2.98356e-03 9.48739e-02
140   413 -1.11834e+03 3.20693e-03 9.77554e-02
141   423 -1.12921e+03 3.40723e-03 9.89634e-02
142   433 -1.14105e+03 3.48221e-03 1.00575e-01
143   443 -1.13356e+03 2.80227e-03 9.61462e-02
144   453 -1.14461e+03 3.32917e-03 9.58443e-02
145   464 -1.12039e+03 3.81177e-03 1.02210e-01
146   474 -1.12526e+03 3.32557e-03 9.90687e-02
147   486 -1.14658e+03 3.00217e-03 9.46841e-02
148   497 -1.13168e+03 3.31385e-03 1.00259e-01
149   509 -1.13687e+03 3.10766e-03 9.86299e-02
150   520 -1.15061e+03 3.38500e-03 1.01156e-01
151   533 -1.12173e+03 2.85903e-03 9.47282e-02
152   545 -1.11182e+03 2.81393e-03 9.50302e-02
153   558 -1.11673e+03 3.16498e-03 9.72341e-02
154   571 -1.11933e+03 2.88094e-03 9.54979e-02
155   584 -1.13440e+03 2.87117e-03 9.51655e-02
156   598 -1.10827e+03 2.92056e-03 9.44257e-02
157   612 -1.11439e+03 2.80319e-03 9.27083e-02
158   626 -1.12782e+03 2.71418e-03 9.34161e-02
159   641 -1.14042e+03 3.06725e-03 9.73526e-02
160   656 -1.13294e+03 2.88513e-03 9.35018e-02
161   671 -1.14160e+03 3.13214e-03 1.00460e-01
162   687 -1.14007e+03 3.12441e-03 9.86592e-02
163   703 -1.12379e+03 2.78516e-03 9.43802e-02
164   719 -1.11976e+03 3.07322e-03 9.82658e-02
165   736 -1.11400e+03 2.89630e-03 9.47592e-02
166   753 -1.14243e+03 2.87684e-03 9.49814e-02
167   771 -1.12316e+03 2.78298e-03 9.24726e-02
168   789 -1.14452e+03 2.79124e-03 9.50263e-02
169   807 -1.12643e+03 2.65383e-03 9.11428e-02
170   826 -1.11717e+03 2.76493e-03 9.37176e-02
171   845 -1.14487e+03 2.88112e-03 9.42996e-02
172   865 -1.11314e+03 2.81940e-03 9.29965e-02
173   885 -1.14799e+03 2.75578e-03 9.50795e-02
174   906 -1.13377e+03 2.73913e-03 9.47540e-02
175   927 -1.09277e+03 2.60208e-03 9.11562e-02
176   949 -1.13942e+03 2.58313e-03 9.15435e-02
177   971 -1.13371e+03 2.66291e-03 9.32401e-02
178   994 -1.11471e+03 2.80203e-03 9.50310e-02
179  1017 -1.12806e+03 2.77805e-03 9.34726e-02
180  1041 -1.11695e+03 2.86369e-03 9.42646e-02
181  1065 -1.12766e+03 2.77419e-03 9.31947e-02
182  1090 -1.11813e+03 2.70207e-03 9.35964e-02
183  1115 -1.11843e+03 2.61947e-03 9.09547e-02
184  1141 -1.14736e+03 2.82981e-03 9.52576e-02
185  1168 -1.13091e+03 2.64032e-03 9.29664e-02
186  1195 -1.12860e+03 2.57643e-03 9.08981e-02
187  1223 -1.12739e+03 2.44829e-03 8.99243e-02
188  1252 -1.11669e+03 2.48022e-03 9.06615e-02
189  1281 -1.13758e+03 2.49475e-03 9.07376e-02
190  1311 -1.11732e+03 2.47572e-03 9.02349e-02
191  1342 -1.11631e+03 2.59560e-03 9.26956e-02
192  1373 -1.11863e+03 2.61805e-03 9.27216e-02
193  1405 -1.12655e+03 2.57521e-03 9.17684e-02
194  1438 -1.13304e+03 2.53181e-03 9.14686e-02
195  1472 -1.13565e+03 2.55774e-03 9.15223e-02
196  1506 -1.11849e+03 2.53950e-03 9.16080e-02
197  1541 -1.11464e+03 2.58415e-03 9.14294e-02
198  1577 -1.14067e+03 2.55443e-03 9.11065e-02
199  1614 -1.13211e+03 2.50016e-03 9.11385e-02
200  1652 -1.13306e+03 2.47476e-03 9.09815e-02
201  1690 -1.13228e+03 2.47688e-03 9.10591e-02
202  1730 -1.13564e+03 2.51157e-03 9.14136e-02
203  1770 -1.14544e+03 2.50253e-03 9.13957e-02
204  1811 -1.14713e+03 2.51952e-03 9.12682e-02
205  1854 -1.11103e+03 2.52865e-03 9.13195e-02
206  1897 -1.12350e+03 2.46264e-03 9.07989e-02
207  1941 -1.12080e+03 2.43867e-03 9.03741e-02
208  1987 -1.12975e+03 2.44346e-03 9.05235e-02
209  2033 -1.13269e+03 2.46096e-03 9.07248e-02
210  2081 -1.11952e+03 2.46623e-03 9.06844e-02
211  2129 -1.13598e+03 2.48184e-03 9.08569e-02
212  2179 -1.15189e+03 2.46432e-03 9.07387e-02
213  2230 -1.11376e+03 2.45627e-03 9.07121e-02
214  2282 -1.16110e+03 2.47104e-03 9.08838e-02
215  2335 -1.13024e+03 2.48359e-03 9.10228e-02
216  2390 -1.12145e+03 2.48331e-03 9.10326e-02
217  2446 -1.14280e+03 2.48022e-03 9.09946e-02
218  2503 -1.12908e+03 2.48089e-03 9.09470e-02
219  2561 -1.13362e+03 2.48442e-03 9.09944e-02
220  2621 -1.12536e+03 2.48215e-03 9.09625e-02
221  2682 -1.13314e+03 2.48221e-03 9.09542e-02
222  2745 -1.12311e+03 2.48110e-03 9.09189e-02
223  2809 -1.14448e+03 2.48038e-03 9.09126e-02
224  2875 -1.13476e+03 2.48180e-03 9.09333e-02
225  2942 -1.13392e+03 2.48031e-03 9.09402e-02
226  3010 -1.12917e+03 2.48000e-03 9.09488e-02
227  3081 -1.10791e+03 2.48094e-03 9.09630e-02
228  3153 -1.12815e+03 2.48073e-03 9.09710e-02
229  3226 -1.13813e+03 2.48082e-03 9.09789e-02
230  3302 -1.11291e+03 2.48087e-03 9.09777e-02
231  3379 -1.12801e+03 2.48113e-03 9.09806e-02
232  3458 -1.14688e+03 2.48084e-03 9.09739e-02
233  3538 -1.12976e+03 2.48088e-03 9.09764e-02
234  3621 -1.14300e+03 2.48054e-03 9.09706e-02
235  3706 -1.12047e+03 2.48042e-03 9.09698e-02
236  3792 -1.11081e+03 2.48036e-03 9.09683e-02
237  3881 -1.13830e+03 2.47996e-03 9.09638e-02
238  3971 -1.11343e+03 2.48012e-03 9.09684e-02
239  4064 -1.11502e+03 2.48028e-03 9.09702e-02
240  4159 -1.12642e+03 2.48013e-03 9.09684e-02
241  4256 -1.11725e+03 2.47991e-03 9.09649e-02
242  4356 -1.12897e+03 2.48009e-03 9.09681e-02
243  4457 -1.11321e+03 2.48027e-03 9.09687e-02
244  4561 -1.10436e+03 2.48021e-03 9.09692e-02
245  4668 -1.14231e+03 2.48018e-03 9.09711e-02
246  4777 -1.11375e+03 2.48046e-03 9.09779e-02
247  4889 -1.12082e+03 2.48065e-03 9.09842e-02
248  5003 -1.11059e+03 2.48075e-03 9.09845e-02
249  5120 -1.13885e+03 2.48068e-03 9.09822e-02
250  5239 -1.14672e+03 2.48073e-03 9.09859e-02
251  5361 -1.14342e+03 2.48066e-03 9.09859e-02
252  5487 -1.13333e+03 2.48113e-03 9.09915e-02
253  5615 -1.12368e+03 2.48138e-03 9.09953e-02
254  5746 -1.12482e+03 2.48153e-03 9.09983e-02
255  5880 -1.14396e+03 2.48158e-03 9.09998e-02
256  6017 -1.12587e+03 2.48155e-03 9.10031e-02
257  6158 -1.13506e+03 2.48177e-03 9.10042e-02
258  6302 -1.13266e+03 2.48186e-03 9.10064e-02
259  6449 -1.12408e+03 2.48211e-03 9.10118e-02
260  6600 -1.11809e+03 2.48263e-03 9.10203e-02
261  6754 -1.13563e+03 2.48269e-03 9.10248e-02
262  6911 -1.12744e+03 2.48287e-03 9.10301e-02
263  7073 -1.14429e+03 2.48248e-03 9.10253e-02
264  7238 -1.12508e+03 2.48265e-03 9.10259e-02
265  7407 -1.12639e+03 2.48269e-03 9.10244e-02
266  7580 -1.14871e+03 2.48266e-03 9.10233e-02
267  7757 -1.13012e+03 2.48253e-03 9.10201e-02
268  7938 -1.12632e+03 2.48266e-03 9.10241e-02
269  8124 -1.14373e+03 2.48241e-03 9.10173e-02
270  8313 -1.11673e+03 2.48251e-03 9.10153e-02
271  8507 -1.14066e+03 2.48293e-03 9.10233e-02
272  8706 -1.13479e+03 2.48318e-03 9.10235e-02
273  8909 -1.11477e+03 2.48348e-03 9.10295e-02
274  9118 -1.14142e+03 2.48376e-03 9.10322e-02
275  9330 -1.12029e+03 2.48372e-03 9.10335e-02
276  9548 -1.13404e+03 2.48360e-03 9.10320e-02
277  9771 -1.14629e+03 2.48368e-03 9.10302e-02
278 10000 -1.11461e+03 2.48377e-03 9.10387e-02
