i, epoch, loss, l2_err, h1_err
  0     1 -6.07977e+01 9.78678e-01 1.07669e+00
  1     2 -1.46920e+02 9.68986e-01 1.09340e+00
  2     3 -2.05864e+02 9.59675e-01 1.12337e+00
  3     4 -2.65162e+02 9.50093e-01 1.15902e+00
  4     5 -3.34536e+02 9.39986e-01 1.19688e+00
  5     6 -3.83241e+02 9.29146e-01 1.23469e+00
  6     7 -4.51448e+02 9.17193e-01 1.26974e+00
  7     8 -4.95436e+02 9.03756e-01 1.29975e+00
  8     9 -5.46390e+02 8.88799e-01 1.32362e+00
  9    10 -5.92625e+02 8.72561e-01 1.34254e+00
 10    11 -6.39946e+02 8.55048e-01 1.35658e+00
 11    12 -6.80647e+02 8.36463e-01 1.36562e+00
 12    13 -7.21917e+02 8.16697e-01 1.36957e+00
 13    14 -7.47105e+02 7.96007e-01 1.36877e+00
 14    15 -7.98697e+02 7.74513e-01 1.36341e+00
 15    16 -8.29712e+02 7.52358e-01 1.35345e+00
 16    17 -8.50154e+02 7.29673e-01 1.33978e+00
 17    18 -8.87327e+02 7.06638e-01 1.32281e+00
 18    19 -9.07988e+02 6.83409e-01 1.30344e+00
 19    20 -9.49287e+02 6.59989e-01 1.28156e+00
 20    21 -9.48060e+02 6.36535e-01 1.25780e+00
 21    22 -9.79858e+02 6.13002e-01 1.23231e+00
 22    23 -9.74512e+02 5.89444e-01 1.20533e+00
 23    24 -1.01384e+03 5.65860e-01 1.17669e+00
 24    25 -1.03726e+03 5.42403e-01 1.14686e+00
 25    26 -1.04063e+03 5.19126e-01 1.11567e+00
 26    27 -1.03751e+03 4.96034e-01 1.08359e+00
 27    28 -1.05980e+03 4.73153e-01 1.05064e+00
 28    29 -1.06248e+03 4.50540e-01 1.01696e+00
 29    30 -1.06817e+03 4.28247e-01 9.82923e-01
 30    31 -1.08820e+03 4.06326e-01 9.48484e-01
 31    32 -1.07686e+03 3.84750e-01 9.13689e-01
 32    33 -1.07199e+03 3.63555e-01 8.78600e-01
 33    34 -1.09375e+03 3.42792e-01 8.43550e-01
 34    35 -1.11504e+03 3.22464e-01 8.08316e-01
 35    36 -1.11352e+03 3.02583e-01 7.73096e-01
 36    37 -1.12764e+03 2.83172e-01 7.38004e-01
 37    38 -1.08663e+03 2.64328e-01 7.03226e-01
 38    39 -1.10527e+03 2.46003e-01 6.68720e-01
 39    40 -1.11347e+03 2.28246e-01 6.34712e-01
 40    41 -1.11707e+03 2.11144e-01 6.01432e-01
 41    42 -1.12213e+03 1.94618e-01 5.68799e-01
 42    43 -1.13605e+03 1.78708e-01 5.36812e-01
 43    44 -1.11513e+03 1.63470e-01 5.06037e-01
 44    45 -1.12700e+03 1.48894e-01 4.76546e-01
 45    46 -1.13575e+03 1.34963e-01 4.48301e-01
 46    47 -1.13838e+03 1.21695e-01 4.21399e-01
 47    48 -1.15397e+03 1.09134e-01 3.96122e-01
 48    49 -1.14984e+03 9.72674e-02 3.72404e-01
 49    50 -1.11930e+03 8.61508e-02 3.50594e-01
 50    51 -1.14073e+03 7.58163e-02 3.30620e-01
 51    53 -1.12410e+03 5.76881e-02 2.96332e-01
 52    54 -1.12880e+03 5.00509e-02 2.82242e-01
 53    55 -1.12195e+03 4.34444e-02 2.70115e-01
 54    56 -1.13287e+03 3.79763e-02 2.59855e-01
 55    58 -1.11635e+03 3.06614e-02 2.43955e-01
 56    59 -1.14688e+03 2.88288e-02 2.37814e-01
 57    60 -1.13483e+03 2.80290e-02 2.32624e-01
 58    62 -1.11330e+03 2.85555e-02 2.24080e-01
 59    63 -1.12129e+03 2.94003e-02 2.20402e-01
 60    65 -1.12870e+03 3.12964e-02 2.13340e-01
 61    66 -1.12380e+03 3.21094e-02 2.09676e-01
 62    68 -1.13726e+03 3.31254e-02 2.01882e-01
 63    69 -1.12034e+03 3.31992e-02 1.97669e-01
 64    71 -1.14468e+03 3.26987e-02 1.88749e-01
 65    73 -1.12078e+03 3.14416e-02 1.79364e-01
 66    74 -1.13162e+03 3.05827e-02 1.74578e-01
 67    76 -1.13174e+03 2.85552e-02 1.65187e-01
 68    78 -1.11769e+03 2.63138e-02 1.56180e-01
 69    80 -1.12782e+03 2.40698e-02 1.48416e-01
 70    82 -1.13495e+03 2.16614e-02 1.41440e-01
 71    84 -1.12628e+03 1.92029e-02 1.35274e-01
 72    86 -1.13202e+03 1.70264e-02 1.30669e-01
 73    88 -1.12069e+03 1.53146e-02 1.27374e-01
 74    90 -1.13006e+03 1.40211e-02 1.25179e-01
 75    92 -1.13036e+03 1.30062e-02 1.24009e-01
 76    94 -1.12083e+03 1.21232e-02 1.22998e-01
 77    96 -1.12850e+03 1.14537e-02 1.22235e-01
 78    98 -1.10979e+03 1.07978e-02 1.21186e-01
 79   101 -1.13085e+03 9.78148e-03 1.18527e-01
 80   103 -1.12268e+03 9.26295e-03 1.17536e-01
 81   105 -1.13134e+03 8.76619e-03 1.17044e-01
 82   108 -1.11851e+03 8.03081e-03 1.15865e-01
 83   110 -1.14690e+03 7.63479e-03 1.14886e-01
 84   113 -1.14938e+03 7.46657e-03 1.14363e-01
 85   116 -1.11225e+03 7.55300e-03 1.14530e-01
 86   118 -1.13400e+03 7.46218e-03 1.14108e-01
 87   121 -1.13133e+03 7.23384e-03 1.13574e-01
 88   124 -1.13576e+03 6.89111e-03 1.11902e-01
 89   127 -1.14433e+03 6.76522e-03 1.10981e-01
 90   130 -1.13192e+03 6.82321e-03 1.11265e-01
 91   133 -1.13869e+03 6.94362e-03 1.12289e-01
 92   136 -1.14067e+03 7.30900e-03 1.14090e-01
 93   139 -1.12826e+03 7.67680e-03 1.15475e-01
 94   143 -1.11760e+03 7.75788e-03 1.13986e-01
 95   146 -1.12578e+03 7.75417e-03 1.13304e-01
 96   149 -1.13493e+03 7.63552e-03 1.13484e-01
 97   153 -1.14632e+03 7.58299e-03 1.13419e-01
 98   156 -1.13396e+03 7.45493e-03 1.13614e-01
 99   160 -1.13521e+03 7.38584e-03 1.13859e-01
100   164 -1.12112e+03 7.45188e-03 1.13387e-01
101   168 -1.12919e+03 7.15681e-03 1.11694e-01
102   172 -1.12998e+03 7.03630e-03 1.11616e-01
103   176 -1.12401e+03 7.24947e-03 1.12509e-01
104   180 -1.12884e+03 7.44315e-03 1.13656e-01
105   184 -1.13247e+03 7.88621e-03 1.14406e-01
106   188 -1.15011e+03 8.15922e-03 1.15574e-01
107   193 -1.13772e+03 8.53385e-03 1.16529e-01
108   197 -1.13167e+03 8.30343e-03 1.15331e-01
109   202 -1.13176e+03 7.50595e-03 1.13822e-01
110   206 -1.13973e+03 7.72071e-03 1.14774e-01
111   211 -1.12778e+03 7.75129e-03 1.14542e-01
112   216 -1.12488e+03 7.55159e-03 1.13094e-01
113   221 -1.14616e+03 7.51103e-03 1.13005e-01
114   226 -1.10580e+03 8.03674e-03 1.14624e-01
115   232 -1.10718e+03 7.75149e-03 1.13297e-01
116   237 -1.12973e+03 7.42814e-03 1.13501e-01
117   243 -1.14080e+03 7.46903e-03 1.13879e-01
118   248 -1.13575e+03 7.59553e-03 1.13181e-01
119   254 -1.13145e+03 7.38929e-03 1.12896e-01
120   260 -1.12271e+03 7.56016e-03 1.13428e-01
121   266 -1.10874e+03 7.69737e-03 1.14790e-01
122   272 -1.13740e+03 7.71690e-03 1.13587e-01
123   279 -1.13625e+03 8.00680e-03 1.14788e-01
124   285 -1.13593e+03 7.91752e-03 1.14246e-01
125   292 -1.11776e+03 6.74902e-03 1.10945e-01
126   299 -1.14239e+03 7.22280e-03 1.13224e-01
127   306 -1.13051e+03 7.68117e-03 1.13795e-01
128   313 -1.13985e+03 7.37649e-03 1.12772e-01
129   320 -1.13661e+03 7.79463e-03 1.14470e-01
130   328 -1.13430e+03 7.83044e-03 1.13850e-01
131   335 -1.11999e+03 8.56591e-03 1.16697e-01
132   343 -1.13979e+03 7.28357e-03 1.12074e-01
133   351 -1.13439e+03 7.67106e-03 1.14047e-01
134   360 -1.12111e+03 8.08448e-03 1.14333e-01
135   368 -1.12725e+03 7.51436e-03 1.13334e-01
136   377 -1.13321e+03 7.60551e-03 1.13952e-01
137   385 -1.12873e+03 7.57038e-03 1.12919e-01
138   394 -1.11805e+03 7.59010e-03 1.14085e-01
139   404 -1.12878e+03 7.47427e-03 1.13241e-01
140   413 -1.14310e+03 7.71381e-03 1.14581e-01
141   423 -1.15009e+03 7.60580e-03 1.13369e-01
142   433 -1.12962e+03 6.93161e-03 1.11181e-01
143   443 -1.11618e+03 7.67470e-03 1.14526e-01
144   453 -1.13637e+03 7.35211e-03 1.11754e-01
145   464 -1.12096e+03 7.92123e-03 1.15329e-01
146   474 -1.12731e+03 7.59840e-03 1.12358e-01
147   486 -1.14227e+03 7.31972e-03 1.13035e-01
148   497 -1.12321e+03 7.76860e-03 1.14122e-01
149   509 -1.11528e+03 6.69124e-03 1.10747e-01
150   520 -1.12045e+03 7.93232e-03 1.14932e-01
151   533 -1.12826e+03 7.27209e-03 1.11745e-01
152   545 -1.11755e+03 7.30170e-03 1.12503e-01
153   558 -1.12769e+03 7.67872e-03 1.13734e-01
154   571 -1.11894e+03 8.42797e-03 1.16364e-01
155   584 -1.13493e+03 7.32176e-03 1.12271e-01
156   598 -1.14120e+03 7.56373e-03 1.12884e-01
157   612 -1.11055e+03 7.39767e-03 1.12456e-01
158   626 -1.12217e+03 7.27838e-03 1.12730e-01
159   641 -1.13863e+03 7.23108e-03 1.12228e-01
160   656 -1.11996e+03 7.49303e-03 1.14102e-01
161   671 -1.13610e+03 7.63095e-03 1.13170e-01
162   687 -1.13286e+03 7.51586e-03 1.13142e-01
163   703 -1.12794e+03 7.78819e-03 1.13884e-01
164   719 -1.12759e+03 7.23811e-03 1.12599e-01
165   736 -1.11973e+03 7.50400e-03 1.13585e-01
166   753 -1.12379e+03 7.67133e-03 1.12749e-01
167   771 -1.13942e+03 7.27070e-03 1.12646e-01
168   789 -1.11787e+03 7.97696e-03 1.14950e-01
169   807 -1.13186e+03 7.32980e-03 1.12689e-01
170   826 -1.12399e+03 7.52351e-03 1.13379e-01
171   845 -1.13805e+03 7.75427e-03 1.14152e-01
172   865 -1.13689e+03 7.38236e-03 1.12204e-01
173   885 -1.11397e+03 7.78062e-03 1.14144e-01
174   906 -1.14187e+03 7.54686e-03 1.13359e-01
175   927 -1.13740e+03 7.61350e-03 1.13362e-01
176   949 -1.12594e+03 7.51273e-03 1.13488e-01
177   971 -1.13918e+03 7.27957e-03 1.13272e-01
178   994 -1.13337e+03 7.64572e-03 1.13628e-01
179  1017 -1.12266e+03 7.54883e-03 1.13615e-01
180  1041 -1.12769e+03 7.48791e-03 1.13460e-01
181  1065 -1.11762e+03 7.38455e-03 1.12967e-01
182  1090 -1.12893e+03 7.29076e-03 1.12459e-01
183  1115 -1.13486e+03 7.46707e-03 1.13029e-01
184  1141 -1.13194e+03 7.54452e-03 1.13102e-01
185  1168 -1.14428e+03 7.68889e-03 1.13880e-01
186  1195 -1.13102e+03 7.48868e-03 1.13282e-01
187  1223 -1.13572e+03 7.55122e-03 1.13294e-01
188  1252 -1.15026e+03 7.59302e-03 1.13725e-01
189  1281 -1.12828e+03 7.58021e-03 1.13430e-01
190  1311 -1.13141e+03 7.53302e-03 1.13285e-01
191  1342 -1.11956e+03 7.51588e-03 1.13031e-01
192  1373 -1.12535e+03 7.30723e-03 1.12763e-01
193  1405 -1.12411e+03 7.39184e-03 1.12963e-01
194  1438 -1.14367e+03 7.48186e-03 1.13079e-01
195  1472 -1.14882e+03 7.55295e-03 1.13483e-01
196  1506 -1.14103e+03 7.48426e-03 1.13239e-01
197  1541 -1.13629e+03 7.51277e-03 1.13197e-01
198  1577 -1.12487e+03 7.50988e-03 1.13340e-01
199  1614 -1.13880e+03 7.54181e-03 1.13197e-01
200  1652 -1.14239e+03 7.54467e-03 1.13253e-01
201  1690 -1.15304e+03 7.52293e-03 1.13222e-01
202  1730 -1.13170e+03 7.57014e-03 1.13291e-01
203  1770 -1.12791e+03 7.54970e-03 1.13234e-01
204  1811 -1.12196e+03 7.60292e-03 1.13458e-01
205  1854 -1.14379e+03 7.54914e-03 1.13272e-01
206  1897 -1.14607e+03 7.43853e-03 1.12758e-01
207  1941 -1.13832e+03 7.44026e-03 1.12981e-01
208  1987 -1.12829e+03 7.51032e-03 1.13248e-01
209  2033 -1.11570e+03 7.51903e-03 1.13369e-01
210  2081 -1.13211e+03 7.50107e-03 1.13273e-01
211  2129 -1.12436e+03 7.51733e-03 1.13280e-01
212  2179 -1.12450e+03 7.53012e-03 1.13361e-01
213  2230 -1.11195e+03 7.52653e-03 1.13313e-01
214  2282 -1.12474e+03 7.52938e-03 1.13288e-01
215  2335 -1.15089e+03 7.54827e-03 1.13361e-01
216  2390 -1.12209e+03 7.56052e-03 1.13388e-01
217  2446 -1.12385e+03 7.56043e-03 1.13357e-01
218  2503 -1.12746e+03 7.53653e-03 1.13248e-01
219  2561 -1.12931e+03 7.52973e-03 1.13225e-01
220  2621 -1.13127e+03 7.53277e-03 1.13234e-01
221  2682 -1.12590e+03 7.54037e-03 1.13268e-01
222  2745 -1.12391e+03 7.53763e-03 1.13267e-01
223  2809 -1.14819e+03 7.53828e-03 1.13276e-01
224  2875 -1.13005e+03 7.53635e-03 1.13258e-01
225  2942 -1.14725e+03 7.53729e-03 1.13265e-01
226  3010 -1.14267e+03 7.53568e-03 1.13260e-01
227  3081 -1.14481e+03 7.53572e-03 1.13263e-01
228  3153 -1.12293e+03 7.53352e-03 1.13254e-01
229  3226 -1.12152e+03 7.53242e-03 1.13254e-01
230  3302 -1.12617e+03 7.53225e-03 1.13255e-01
231  3379 -1.15718e+03 7.53182e-03 1.13257e-01
232  3458 -1.12077e+03 7.53096e-03 1.13257e-01
233  3538 -1.13648e+03 7.52992e-03 1.13253e-01
234  3621 -1.14730e+03 7.52964e-03 1.13253e-01
235  3706 -1.11085e+03 7.52834e-03 1.13247e-01
236  3792 -1.13391e+03 7.52839e-03 1.13247e-01
237  3881 -1.11728e+03 7.52863e-03 1.13247e-01
238  3971 -1.12241e+03 7.52851e-03 1.13247e-01
239  4064 -1.11257e+03 7.52844e-03 1.13247e-01
240  4159 -1.13709e+03 7.52850e-03 1.13247e-01
241  4256 -1.13487e+03 7.52837e-03 1.13247e-01
242  4356 -1.14501e+03 7.52784e-03 1.13247e-01
243  4457 -1.12426e+03 7.52829e-03 1.13249e-01
244  4561 -1.13764e+03 7.52829e-03 1.13249e-01
245  4668 -1.13271e+03 7.52752e-03 1.13246e-01
246  4777 -1.11962e+03 7.52710e-03 1.13244e-01
247  4889 -1.14498e+03 7.52685e-03 1.13243e-01
248  5003 -1.11448e+03 7.52666e-03 1.13242e-01
249  5120 -1.14517e+03 7.52738e-03 1.13245e-01
250  5239 -1.12120e+03 7.52732e-03 1.13245e-01
251  5361 -1.13608e+03 7.52664e-03 1.13243e-01
252  5487 -1.13287e+03 7.52622e-03 1.13241e-01
253  5615 -1.13075e+03 7.52584e-03 1.13239e-01
254  5746 -1.13042e+03 7.52596e-03 1.13241e-01
255  5880 -1.13323e+03 7.52577e-03 1.13241e-01
256  6017 -1.14420e+03 7.52503e-03 1.13238e-01
257  6158 -1.13141e+03 7.52455e-03 1.13236e-01
258  6302 -1.14019e+03 7.52298e-03 1.13228e-01
259  6449 -1.13019e+03 7.52273e-03 1.13226e-01
260  6600 -1.13079e+03 7.52343e-03 1.13230e-01
261  6754 -1.12771e+03 7.52334e-03 1.13231e-01
262  6911 -1.10854e+03 7.52376e-03 1.13233e-01
263  7073 -1.14808e+03 7.52318e-03 1.13227e-01
264  7238 -1.13525e+03 7.52276e-03 1.13224e-01
265  7407 -1.12271e+03 7.52337e-03 1.13229e-01
266  7580 -1.14260e+03 7.52347e-03 1.13229e-01
267  7757 -1.12031e+03 7.52290e-03 1.13227e-01
268  7938 -1.10849e+03 7.52214e-03 1.13223e-01
269  8124 -1.13498e+03 7.52120e-03 1.13220e-01
270  8313 -1.14947e+03 7.52027e-03 1.13218e-01
271  8507 -1.14080e+03 7.51941e-03 1.13216e-01
272  8706 -1.13918e+03 7.51872e-03 1.13213e-01
273  8909 -1.14820e+03 7.51834e-03 1.13212e-01
274  9118 -1.12417e+03 7.51723e-03 1.13208e-01
275  9330 -1.12924e+03 7.51733e-03 1.13210e-01
276  9548 -1.13209e+03 7.51659e-03 1.13207e-01
277  9771 -1.10681e+03 7.51553e-03 1.13206e-01
278 10000 -1.12996e+03 7.51456e-03 1.13204e-01
