i, epoch, loss, l2_err, h1_err
  0     1 1.11103e+01 9.95868e-01 9.99411e-01
  1     2 -5.01882e+01 9.63162e-01 9.68243e-01
  2     3 -1.27441e+02 9.30591e-01 9.37281e-01
  3     4 -1.87936e+02 8.98176e-01 9.06561e-01
  4     5 -2.39475e+02 8.65962e-01 8.76129e-01
  5     6 -2.97520e+02 8.33965e-01 8.45985e-01
  6     7 -3.64737e+02 8.02176e-01 8.16112e-01
  7     8 -4.18145e+02 7.70666e-01 7.86617e-01
  8     9 -4.78972e+02 7.39442e-01 7.57482e-01
  9    10 -5.20123e+02 7.08604e-01 7.28873e-01
 10    11 -5.66948e+02 6.78174e-01 7.00789e-01
 11    12 -6.09246e+02 6.48150e-01 6.73220e-01
 12    13 -6.54764e+02 6.18575e-01 6.46224e-01
 13    14 -6.92553e+02 5.89490e-01 6.19842e-01
 14    15 -7.38813e+02 5.60894e-01 5.94074e-01
 15    16 -7.59089e+02 5.32856e-01 5.69001e-01
 16    17 -8.01110e+02 5.05370e-01 5.44596e-01
 17    18 -8.28859e+02 4.78551e-01 5.21020e-01
 18    19 -8.55956e+02 4.52432e-01 4.98303e-01
 19    20 -8.81458e+02 4.27089e-01 4.76528e-01
 20    21 -9.08086e+02 4.02509e-01 4.55677e-01
 21    22 -9.30901e+02 3.78751e-01 4.35807e-01
 22    23 -9.63339e+02 3.55868e-01 4.16985e-01
 23    24 -9.82881e+02 3.33888e-01 3.99229e-01
 24    25 -9.84545e+02 3.12797e-01 3.82491e-01
 25    26 -1.00101e+03 2.92686e-01 3.66858e-01
 26    27 -1.01088e+03 2.73493e-01 3.52232e-01
 27    28 -1.01592e+03 2.55297e-01 3.38685e-01
 28    29 -1.04582e+03 2.38101e-01 3.26165e-01
 29    30 -1.06537e+03 2.21920e-01 3.14665e-01
 30    31 -1.08102e+03 2.06724e-01 3.04111e-01
 31    32 -1.05728e+03 1.92551e-01 2.94519e-01
 32    33 -1.06591e+03 1.79402e-01 2.85837e-01
 33    34 -1.07175e+03 1.67280e-01 2.78023e-01
 34    35 -1.10358e+03 1.56188e-01 2.71044e-01
 35    36 -1.09355e+03 1.46092e-01 2.64830e-01
 36    37 -1.11090e+03 1.36983e-01 2.59343e-01
 37    38 -1.10975e+03 1.28814e-01 2.54500e-01
 38    39 -1.10549e+03 1.21556e-01 2.50252e-01
 39    40 -1.10780e+03 1.15136e-01 2.46535e-01
 40    41 -1.10429e+03 1.09517e-01 2.43313e-01
 41    42 -1.12049e+03 1.04605e-01 2.40509e-01
 42    43 -1.09752e+03 1.00348e-01 2.38105e-01
 43    44 -1.10718e+03 9.66576e-02 2.36032e-01
 44    45 -1.12712e+03 9.34518e-02 2.34237e-01
 45    46 -1.11054e+03 9.06718e-02 2.32712e-01
 46    47 -1.10971e+03 8.82340e-02 2.31390e-01
 47    48 -1.13778e+03 8.60652e-02 2.30242e-01
 48    49 -1.12468e+03 8.41222e-02 2.29267e-01
 49    50 -1.12419e+03 8.23550e-02 2.28436e-01
 50    51 -1.10821e+03 8.07300e-02 2.27741e-01
 51    53 -1.10518e+03 7.76928e-02 2.26557e-01
 52    54 -1.10861e+03 7.62474e-02 2.26074e-01
 53    55 -1.11221e+03 7.48322e-02 2.25646e-01
 54    56 -1.13715e+03 7.34475e-02 2.25271e-01
 55    58 -1.10755e+03 7.07571e-02 2.24654e-01
 56    59 -1.11170e+03 6.94114e-02 2.24367e-01
 57    60 -1.12716e+03 6.80774e-02 2.24100e-01
 58    62 -1.14624e+03 6.54204e-02 2.23579e-01
 59    63 -1.13421e+03 6.41166e-02 2.23322e-01
 60    65 -1.13001e+03 6.15477e-02 2.22778e-01
 61    66 -1.11904e+03 6.02928e-02 2.22480e-01
 62    68 -1.12683e+03 5.78802e-02 2.21863e-01
 63    69 -1.11721e+03 5.67282e-02 2.21542e-01
 64    71 -1.13895e+03 5.45323e-02 2.20864e-01
 65    73 -1.11626e+03 5.25530e-02 2.20165e-01
 66    74 -1.12160e+03 5.16578e-02 2.19825e-01
 67    76 -1.13002e+03 5.00490e-02 2.19148e-01
 68    78 -1.10844e+03 4.86210e-02 2.18427e-01
 69    80 -1.09751e+03 4.73905e-02 2.17709e-01
 70    82 -1.13968e+03 4.63946e-02 2.17025e-01
 71    84 -1.13022e+03 4.55800e-02 2.16363e-01
 72    86 -1.11556e+03 4.49420e-02 2.15746e-01
 73    88 -1.11854e+03 4.44655e-02 2.15184e-01
 74    90 -1.12972e+03 4.41380e-02 2.14677e-01
 75    92 -1.13615e+03 4.39425e-02 2.14238e-01
 76    94 -1.11761e+03 4.38687e-02 2.13852e-01
 77    96 -1.11697e+03 4.38938e-02 2.13523e-01
 78    98 -1.10479e+03 4.39735e-02 2.13243e-01
 79   101 -1.11268e+03 4.41694e-02 2.12924e-01
 80   103 -1.11276e+03 4.43175e-02 2.12755e-01
 81   105 -1.15285e+03 4.44443e-02 2.12614e-01
 82   108 -1.12768e+03 4.45815e-02 2.12452e-01
 83   110 -1.12840e+03 4.46350e-02 2.12378e-01
 84   113 -1.13151e+03 4.46440e-02 2.12290e-01
 85   116 -1.13360e+03 4.45730e-02 2.12225e-01
 86   118 -1.12758e+03 4.44874e-02 2.12205e-01
 87   121 -1.10153e+03 4.43699e-02 2.12211e-01
 88   124 -1.11369e+03 4.43231e-02 2.12251e-01
 89   127 -1.13656e+03 4.43444e-02 2.12325e-01
 90   130 -1.13070e+03 4.43998e-02 2.12413e-01
 91   133 -1.11118e+03 4.43833e-02 2.12452e-01
 92   136 -1.12309e+03 4.43721e-02 2.12483e-01
 93   139 -1.12195e+03 4.43783e-02 2.12520e-01
 94   143 -1.12292e+03 4.44145e-02 2.12591e-01
 95   146 -1.13458e+03 4.44402e-02 2.12634e-01
 96   149 -1.13041e+03 4.45077e-02 2.12712e-01
 97   153 -1.12354e+03 4.46408e-02 2.12824e-01
 98   156 -1.14520e+03 4.47803e-02 2.12931e-01
 99   160 -1.13452e+03 4.47986e-02 2.12986e-01
100   164 -1.11155e+03 4.47127e-02 2.12949e-01
101   168 -1.12992e+03 4.46156e-02 2.12890e-01
102   172 -1.11725e+03 4.45068e-02 2.12848e-01
103   176 -1.12625e+03 4.43951e-02 2.12819e-01
104   180 -1.12282e+03 4.43499e-02 2.12796e-01
105   184 -1.11228e+03 4.43257e-02 2.12768e-01
106   188 -1.11534e+03 4.43477e-02 2.12740e-01
107   193 -1.11374e+03 4.43923e-02 2.12701e-01
108   197 -1.13046e+03 4.43977e-02 2.12652e-01
109   202 -1.13547e+03 4.44374e-02 2.12641e-01
110   206 -1.10956e+03 4.44654e-02 2.12648e-01
111   211 -1.12142e+03 4.43435e-02 2.12640e-01
112   216 -1.09655e+03 4.41854e-02 2.12635e-01
113   221 -1.12543e+03 4.41035e-02 2.12606e-01
114   226 -1.11538e+03 4.41380e-02 2.12582e-01
115   232 -1.12318e+03 4.42061e-02 2.12553e-01
116   237 -1.11445e+03 4.41950e-02 2.12529e-01
117   243 -1.11598e+03 4.43286e-02 2.12562e-01
118   248 -1.10652e+03 4.44104e-02 2.12608e-01
119   254 -1.13643e+03 4.42494e-02 2.12547e-01
120   260 -1.11152e+03 4.41202e-02 2.12540e-01
121   266 -1.10407e+03 4.40758e-02 2.12599e-01
122   272 -1.12566e+03 4.41887e-02 2.12670e-01
123   279 -1.12453e+03 4.43900e-02 2.12786e-01
124   285 -1.11827e+03 4.46565e-02 2.12933e-01
125   292 -1.12212e+03 4.47268e-02 2.12921e-01
126   299 -1.12815e+03 4.46802e-02 2.12947e-01
127   306 -1.12619e+03 4.43596e-02 2.12768e-01
128   313 -1.12305e+03 4.43837e-02 2.12707e-01
129   320 -1.13969e+03 4.44453e-02 2.12673e-01
130   328 -1.11771e+03 4.44632e-02 2.12688e-01
131   335 -1.11606e+03 4.44637e-02 2.12724e-01
132   343 -1.12381e+03 4.44449e-02 2.12790e-01
133   351 -1.15866e+03 4.45026e-02 2.12883e-01
134   360 -1.12163e+03 4.44859e-02 2.12845e-01
135   368 -1.12667e+03 4.45248e-02 2.12786e-01
136   377 -1.12967e+03 4.46812e-02 2.12822e-01
137   385 -1.10571e+03 4.45826e-02 2.12824e-01
138   394 -1.10938e+03 4.44466e-02 2.12766e-01
139   404 -1.12477e+03 4.43289e-02 2.12698e-01
140   413 -1.10960e+03 4.44683e-02 2.12728e-01
141   423 -1.12624e+03 4.43547e-02 2.12675e-01
142   433 -1.12753e+03 4.44156e-02 2.12729e-01
143   443 -1.13469e+03 4.44986e-02 2.12730e-01
144   453 -1.11841e+03 4.45066e-02 2.12699e-01
145   464 -1.11127e+03 4.44764e-02 2.12740e-01
146   474 -1.11775e+03 4.43906e-02 2.12754e-01
147   486 -1.13019e+03 4.41422e-02 2.12617e-01
148   497 -1.13105e+03 4.41765e-02 2.12421e-01
149   509 -1.13412e+03 4.42829e-02 2.12480e-01
150   520 -1.10294e+03 4.43251e-02 2.12650e-01
151   533 -1.13106e+03 4.44115e-02 2.12743e-01
152   545 -1.10810e+03 4.43302e-02 2.12716e-01
153   558 -1.11857e+03 4.41881e-02 2.12591e-01
154   571 -1.10393e+03 4.42691e-02 2.12562e-01
155   584 -1.10868e+03 4.44535e-02 2.12640e-01
156   598 -1.13731e+03 4.45535e-02 2.12800e-01
157   612 -1.12698e+03 4.45847e-02 2.12852e-01
158   626 -1.11665e+03 4.44983e-02 2.12808e-01
159   641 -1.11916e+03 4.44368e-02 2.12685e-01
160   656 -1.12686e+03 4.45293e-02 2.12673e-01
161   671 -1.11626e+03 4.44017e-02 2.12692e-01
162   687 -1.13925e+03 4.45036e-02 2.12725e-01
163   703 -1.13705e+03 4.44774e-02 2.12732e-01
164   719 -1.13189e+03 4.44177e-02 2.12731e-01
165   736 -1.12463e+03 4.45213e-02 2.12826e-01
166   753 -1.11723e+03 4.44415e-02 2.12831e-01
167   771 -1.12014e+03 4.44689e-02 2.12816e-01
168   789 -1.12465e+03 4.43874e-02 2.12778e-01
169   807 -1.13201e+03 4.43354e-02 2.12737e-01
170   826 -1.14320e+03 4.44090e-02 2.12723e-01
171   845 -1.12573e+03 4.44166e-02 2.12734e-01
172   865 -1.12033e+03 4.44198e-02 2.12732e-01
173   885 -1.12731e+03 4.43428e-02 2.12710e-01
174   906 -1.11936e+03 4.44450e-02 2.12750e-01
175   927 -1.13114e+03 4.44117e-02 2.12669e-01
176   949 -1.12523e+03 4.43502e-02 2.12660e-01
177   971 -1.12527e+03 4.44044e-02 2.12693e-01
178   994 -1.13974e+03 4.43586e-02 2.12715e-01
179  1017 -1.11837e+03 4.42884e-02 2.12651e-01
180  1041 -1.12240e+03 4.44063e-02 2.12698e-01
181  1065 -1.12509e+03 4.45297e-02 2.12770e-01
182  1090 -1.11911e+03 4.45033e-02 2.12778e-01
183  1115 -1.12538e+03 4.43469e-02 2.12676e-01
184  1141 -1.12099e+03 4.43367e-02 2.12649e-01
185  1168 -1.14212e+03 4.43104e-02 2.12662e-01
186  1195 -1.12615e+03 4.43310e-02 2.12688e-01
187  1223 -1.12002e+03 4.43543e-02 2.12693e-01
188  1252 -1.11630e+03 4.43006e-02 2.12664e-01
189  1281 -1.11127e+03 4.43617e-02 2.12676e-01
190  1311 -1.13726e+03 4.43695e-02 2.12671e-01
191  1342 -1.13495e+03 4.43659e-02 2.12656e-01
192  1373 -1.10602e+03 4.44376e-02 2.12711e-01
193  1405 -1.12693e+03 4.43570e-02 2.12696e-01
194  1438 -1.12979e+03 4.43439e-02 2.12664e-01
195  1472 -1.11905e+03 4.43519e-02 2.12675e-01
196  1506 -1.11154e+03 4.43887e-02 2.12705e-01
197  1541 -1.13265e+03 4.44083e-02 2.12696e-01
198  1577 -1.12587e+03 4.44108e-02 2.12711e-01
199  1614 -1.13945e+03 4.43628e-02 2.12693e-01
200  1652 -1.12002e+03 4.43478e-02 2.12679e-01
201  1690 -1.12730e+03 4.43379e-02 2.12662e-01
202  1730 -1.13982e+03 4.43757e-02 2.12665e-01
203  1770 -1.10949e+03 4.43911e-02 2.12662e-01
204  1811 -1.11444e+03 4.43747e-02 2.12655e-01
205  1854 -1.13770e+03 4.43663e-02 2.12648e-01
206  1897 -1.13127e+03 4.43907e-02 2.12668e-01
207  1941 -1.12390e+03 4.43920e-02 2.12675e-01
208  1987 -1.11595e+03 4.43900e-02 2.12677e-01
209  2033 -1.12705e+03 4.43848e-02 2.12675e-01
210  2081 -1.13040e+03 4.44013e-02 2.12685e-01
211  2129 -1.12741e+03 4.43956e-02 2.12681e-01
212  2179 -1.13340e+03 4.43976e-02 2.12686e-01
213  2230 -1.13321e+03 4.43924e-02 2.12685e-01
214  2282 -1.11226e+03 4.43936e-02 2.12681e-01
215  2335 -1.11925e+03 4.43919e-02 2.12683e-01
216  2390 -1.13782e+03 4.43878e-02 2.12682e-01
217  2446 -1.13700e+03 4.43868e-02 2.12683e-01
218  2503 -1.10707e+03 4.43936e-02 2.12689e-01
219  2561 -1.13105e+03 4.43974e-02 2.12691e-01
220  2621 -1.12229e+03 4.43982e-02 2.12692e-01
221  2682 -1.11881e+03 4.43973e-02 2.12691e-01
222  2745 -1.13083e+03 4.43940e-02 2.12689e-01
223  2809 -1.12194e+03 4.43958e-02 2.12690e-01
224  2875 -1.11157e+03 4.43995e-02 2.12693e-01
225  2942 -1.13296e+03 4.43995e-02 2.12694e-01
226  3010 -1.12761e+03 4.43991e-02 2.12694e-01
227  3081 -1.13761e+03 4.43990e-02 2.12695e-01
228  3153 -1.13471e+03 4.43982e-02 2.12694e-01
229  3226 -1.12244e+03 4.43985e-02 2.12694e-01
230  3302 -1.13809e+03 4.43988e-02 2.12694e-01
231  3379 -1.11801e+03 4.43991e-02 2.12695e-01
232  3458 -1.14029e+03 4.43999e-02 2.12695e-01
233  3538 -1.11454e+03 4.43998e-02 2.12695e-01
234  3621 -1.12439e+03 4.43993e-02 2.12695e-01
235  3706 -1.13415e+03 4.43992e-02 2.12695e-01
236  3792 -1.13186e+03 4.43987e-02 2.12694e-01
237  3881 -1.11335e+03 4.43987e-02 2.12695e-01
238  3971 -1.11938e+03 4.43983e-02 2.12694e-01
239  4064 -1.11271e+03 4.43981e-02 2.12694e-01
240  4159 -1.12500e+03 4.43981e-02 2.12694e-01
241  4256 -1.12601e+03 4.43977e-02 2.12694e-01
242  4356 -1.11706e+03 4.43974e-02 2.12694e-01
243  4457 -1.12189e+03 4.43971e-02 2.12694e-01
244  4561 -1.14504e+03 4.43971e-02 2.12694e-01
245  4668 -1.11537e+03 4.43971e-02 2.12694e-01
246  4777 -1.13044e+03 4.43965e-02 2.12694e-01
247  4889 -1.12141e+03 4.43960e-02 2.12694e-01
248  5003 -1.11643e+03 4.43953e-02 2.12693e-01
249  5120 -1.12479e+03 4.43948e-02 2.12693e-01
250  5239 -1.11952e+03 4.43954e-02 2.12693e-01
251  5361 -1.14871e+03 4.43950e-02 2.12693e-01
252  5487 -1.12675e+03 4.43945e-02 2.12693e-01
253  5615 -1.10477e+03 4.43946e-02 2.12693e-01
254  5746 -1.12706e+03 4.43935e-02 2.12693e-01
255  5880 -1.13028e+03 4.43930e-02 2.12692e-01
256  6017 -1.11092e+03 4.43935e-02 2.12692e-01
257  6158 -1.12859e+03 4.43936e-02 2.12692e-01
258  6302 -1.10440e+03 4.43938e-02 2.12692e-01
259  6449 -1.12314e+03 4.43935e-02 2.12692e-01
260  6600 -1.13419e+03 4.43933e-02 2.12692e-01
261  6754 -1.10888e+03 4.43924e-02 2.12691e-01
262  6911 -1.11566e+03 4.43911e-02 2.12691e-01
263  7073 -1.12546e+03 4.43914e-02 2.12691e-01
264  7238 -1.12255e+03 4.43922e-02 2.12691e-01
265  7407 -1.11689e+03 4.43917e-02 2.12691e-01
266  7580 -1.13932e+03 4.43917e-02 2.12691e-01
267  7757 -1.10454e+03 4.43920e-02 2.12692e-01
268  7938 -1.12310e+03 4.43904e-02 2.12691e-01
269  8124 -1.12778e+03 4.43902e-02 2.12691e-01
270  8313 -1.12411e+03 4.43921e-02 2.12692e-01
271  8507 -1.12306e+03 4.43918e-02 2.12692e-01
272  8706 -1.13962e+03 4.43925e-02 2.12692e-01
273  8909 -1.11286e+03 4.43932e-02 2.12693e-01
274  9118 -1.14025e+03 4.43919e-02 2.12692e-01
275  9330 -1.14208e+03 4.43939e-02 2.12693e-01
276  9548 -1.11864e+03 4.43939e-02 2.12692e-01
277  9771 -1.14255e+03 4.43938e-02 2.12694e-01
278 10000 -1.11322e+03 4.43941e-02 2.12695e-01
