i, epoch, loss, l2_err, h1_err
  0     1 -6.02925e+01 9.73989e-01 1.06784e+00
  1     2 -1.34857e+02 9.65314e-01 1.08998e+00
  2     3 -2.03664e+02 9.57026e-01 1.12102e+00
  3     4 -2.72443e+02 9.48637e-01 1.15716e+00
  4     5 -3.25426e+02 9.39579e-01 1.19544e+00
  5     6 -3.84963e+02 9.29561e-01 1.23298e+00
  6     7 -4.38303e+02 9.18084e-01 1.26720e+00
  7     8 -4.94980e+02 9.04959e-01 1.29739e+00
  8     9 -5.46654e+02 8.90240e-01 1.32378e+00
  9    10 -5.87681e+02 8.73785e-01 1.34492e+00
 10    11 -6.41313e+02 8.55773e-01 1.35993e+00
 11    12 -6.78136e+02 8.36358e-01 1.36940e+00
 12    13 -7.15372e+02 8.15752e-01 1.37400e+00
 13    14 -7.60972e+02 7.94101e-01 1.37391e+00
 14    15 -7.91203e+02 7.71451e-01 1.36879e+00
 15    16 -8.15447e+02 7.48202e-01 1.35952e+00
 16    17 -8.56130e+02 7.24432e-01 1.34675e+00
 17    18 -8.82165e+02 7.00331e-01 1.33072e+00
 18    19 -9.07835e+02 6.75961e-01 1.31182e+00
 19    20 -9.43724e+02 6.51368e-01 1.28997e+00
 20    21 -9.51494e+02 6.26642e-01 1.26562e+00
 21    22 -9.65019e+02 6.01851e-01 1.23914e+00
 22    23 -9.88628e+02 5.77060e-01 1.21041e+00
 23    24 -1.00076e+03 5.52376e-01 1.17986e+00
 24    25 -1.02491e+03 5.27828e-01 1.14771e+00
 25    26 -1.05467e+03 5.03446e-01 1.11430e+00
 26    27 -1.03329e+03 4.79349e-01 1.07979e+00
 27    28 -1.03876e+03 4.55540e-01 1.04443e+00
 28    29 -1.04376e+03 4.32078e-01 1.00847e+00
 29    30 -1.07848e+03 4.09006e-01 9.72188e-01
 30    31 -1.06459e+03 3.86358e-01 9.35566e-01
 31    32 -1.08526e+03 3.64191e-01 8.99018e-01
 32    33 -1.08663e+03 3.42519e-01 8.62748e-01
 33    34 -1.09913e+03 3.21367e-01 8.26811e-01
 34    35 -1.10888e+03 3.00780e-01 7.91535e-01
 35    36 -1.10464e+03 2.80798e-01 7.57007e-01
 36    37 -1.13812e+03 2.61424e-01 7.23399e-01
 37    38 -1.10681e+03 2.42717e-01 6.90925e-01
 38    39 -1.10296e+03 2.24703e-01 6.59626e-01
 39    40 -1.09964e+03 2.07397e-01 6.29684e-01
 40    41 -1.11438e+03 1.90798e-01 6.01002e-01
 41    42 -1.11366e+03 1.74939e-01 5.73668e-01
 42    43 -1.11912e+03 1.59842e-01 5.47639e-01
 43    44 -1.12805e+03 1.45535e-01 5.22872e-01
 44    45 -1.12967e+03 1.32029e-01 4.99371e-01
 45    46 -1.11906e+03 1.19329e-01 4.77001e-01
 46    47 -1.11622e+03 1.07459e-01 4.55809e-01
 47    48 -1.12076e+03 9.64289e-02 4.35711e-01
 48    49 -1.12420e+03 8.62550e-02 4.16625e-01
 49    50 -1.14448e+03 7.69632e-02 3.98540e-01
 50    51 -1.14701e+03 6.85547e-02 3.81324e-01
 51    53 -1.12699e+03 5.44491e-02 3.49547e-01
 52    54 -1.11939e+03 4.88656e-02 3.35082e-01
 53    55 -1.12964e+03 4.42966e-02 3.21502e-01
 54    56 -1.11844e+03 4.07199e-02 3.08744e-01
 55    58 -1.13877e+03 3.64230e-02 2.85718e-01
 56    59 -1.10289e+03 3.55049e-02 2.75385e-01
 57    60 -1.14063e+03 3.52234e-02 2.65901e-01
 58    62 -1.11079e+03 3.58503e-02 2.49145e-01
 59    63 -1.14467e+03 3.65047e-02 2.41928e-01
 60    65 -1.10050e+03 3.79434e-02 2.29597e-01
 61    66 -1.12642e+03 3.85614e-02 2.24190e-01
 62    68 -1.12671e+03 3.94516e-02 2.14870e-01
 63    69 -1.13994e+03 3.96999e-02 2.10949e-01
 64    71 -1.13940e+03 3.97260e-02 2.04303e-01
 65    73 -1.12577e+03 3.91720e-02 1.98544e-01
 66    74 -1.13102e+03 3.86889e-02 1.95865e-01
 67    76 -1.11751e+03 3.73271e-02 1.90525e-01
 68    78 -1.13474e+03 3.54788e-02 1.85173e-01
 69    80 -1.13105e+03 3.33130e-02 1.79942e-01
 70    82 -1.11706e+03 3.09776e-02 1.74983e-01
 71    84 -1.13763e+03 2.85966e-02 1.70662e-01
 72    86 -1.12105e+03 2.62430e-02 1.67445e-01
 73    88 -1.11991e+03 2.39795e-02 1.64947e-01
 74    90 -1.10844e+03 2.18790e-02 1.63025e-01
 75    92 -1.15127e+03 1.99933e-02 1.61680e-01
 76    94 -1.13407e+03 1.84234e-02 1.60858e-01
 77    96 -1.10764e+03 1.71268e-02 1.60445e-01
 78    98 -1.12379e+03 1.61482e-02 1.60397e-01
 79   101 -1.12830e+03 1.53938e-02 1.61475e-01
 80   103 -1.11742e+03 1.51469e-02 1.61934e-01
 81   105 -1.13930e+03 1.50743e-02 1.62721e-01
 82   108 -1.11477e+03 1.51411e-02 1.64162e-01
 83   110 -1.14525e+03 1.52483e-02 1.64935e-01
 84   113 -1.14334e+03 1.54725e-02 1.65793e-01
 85   116 -1.12310e+03 1.57932e-02 1.66806e-01
 86   118 -1.12415e+03 1.59789e-02 1.66980e-01
 87   121 -1.12752e+03 1.62189e-02 1.66790e-01
 88   124 -1.13537e+03 1.62794e-02 1.66160e-01
 89   127 -1.13806e+03 1.63571e-02 1.65619e-01
 90   130 -1.14679e+03 1.63871e-02 1.64672e-01
 91   133 -1.12317e+03 1.61756e-02 1.62688e-01
 92   136 -1.11680e+03 1.58180e-02 1.60569e-01
 93   139 -1.13758e+03 1.53877e-02 1.58217e-01
 94   143 -1.15211e+03 1.48406e-02 1.55364e-01
 95   146 -1.13286e+03 1.47058e-02 1.54741e-01
 96   149 -1.13168e+03 1.46883e-02 1.54707e-01
 97   153 -1.13928e+03 1.47420e-02 1.55244e-01
 98   156 -1.12842e+03 1.48568e-02 1.56740e-01
 99   160 -1.13182e+03 1.51250e-02 1.58812e-01
100   164 -1.11341e+03 1.52312e-02 1.59287e-01
101   168 -1.12807e+03 1.53418e-02 1.60442e-01
102   172 -1.10652e+03 1.54125e-02 1.60980e-01
103   176 -1.11828e+03 1.52566e-02 1.59798e-01
104   180 -1.10901e+03 1.49841e-02 1.57941e-01
105   184 -1.13353e+03 1.47976e-02 1.56976e-01
106   188 -1.12089e+03 1.50509e-02 1.58010e-01
107   193 -1.12172e+03 1.53099e-02 1.59716e-01
108   197 -1.12725e+03 1.52300e-02 1.59332e-01
109   202 -1.13127e+03 1.49341e-02 1.57353e-01
110   206 -1.11507e+03 1.48768e-02 1.56901e-01
111   211 -1.11711e+03 1.48555e-02 1.57000e-01
112   216 -1.12276e+03 1.48953e-02 1.57016e-01
113   221 -1.13376e+03 1.48886e-02 1.57167e-01
114   226 -1.12177e+03 1.53152e-02 1.59480e-01
115   232 -1.14384e+03 1.53091e-02 1.59060e-01
116   237 -1.14594e+03 1.52293e-02 1.58845e-01
117   243 -1.14989e+03 1.51167e-02 1.59246e-01
118   248 -1.15795e+03 1.50429e-02 1.58439e-01
119   254 -1.13280e+03 1.50370e-02 1.58781e-01
120   260 -1.14672e+03 1.52646e-02 1.59511e-01
121   266 -1.11685e+03 1.49766e-02 1.57679e-01
122   272 -1.14601e+03 1.49373e-02 1.57495e-01
123   279 -1.14902e+03 1.51001e-02 1.59035e-01
124   285 -1.11890e+03 1.53309e-02 1.60164e-01
125   292 -1.12407e+03 1.55350e-02 1.59871e-01
126   299 -1.12086e+03 1.56075e-02 1.60374e-01
127   306 -1.11285e+03 1.59476e-02 1.63436e-01
128   313 -1.12590e+03 1.57814e-02 1.61878e-01
129   320 -1.12312e+03 1.48983e-02 1.57741e-01
130   328 -1.14004e+03 1.47456e-02 1.56632e-01
131   335 -1.14087e+03 1.47092e-02 1.55890e-01
132   343 -1.14107e+03 1.57121e-02 1.62501e-01
133   351 -1.11500e+03 1.55909e-02 1.60109e-01
134   360 -1.11731e+03 1.47852e-02 1.56256e-01
135   368 -1.11820e+03 1.39636e-02 1.52668e-01
136   377 -1.12573e+03 1.39755e-02 1.53039e-01
137   385 -1.15416e+03 1.54330e-02 1.62262e-01
138   394 -1.14383e+03 1.64946e-02 1.66081e-01
139   404 -1.13442e+03 1.57050e-02 1.59173e-01
140   413 -1.13933e+03 1.55546e-02 1.60031e-01
141   423 -1.10854e+03 1.49631e-02 1.57567e-01
142   433 -1.12043e+03 1.55863e-02 1.61224e-01
143   443 -1.14188e+03 1.61368e-02 1.62527e-01
144   453 -1.14851e+03 1.46071e-02 1.56255e-01
145   464 -1.11873e+03 1.51880e-02 1.58767e-01
146   474 -1.13973e+03 1.48043e-02 1.56163e-01
147   486 -1.14771e+03 1.47187e-02 1.57519e-01
148   497 -1.11111e+03 1.45810e-02 1.55981e-01
149   509 -1.13530e+03 1.41366e-02 1.53593e-01
150   520 -1.12851e+03 1.46424e-02 1.56619e-01
151   533 -1.13148e+03 1.50159e-02 1.57784e-01
152   545 -1.15695e+03 1.50100e-02 1.57952e-01
153   558 -1.14977e+03 1.51578e-02 1.59071e-01
154   571 -1.14581e+03 1.47408e-02 1.55738e-01
155   584 -1.12807e+03 1.47024e-02 1.56601e-01
156   598 -1.15809e+03 1.49415e-02 1.56900e-01
157   612 -1.12766e+03 1.47943e-02 1.57066e-01
158   626 -1.11741e+03 1.45159e-02 1.55495e-01
159   641 -1.13049e+03 1.53812e-02 1.61038e-01
160   656 -1.13372e+03 1.52883e-02 1.59852e-01
161   671 -1.11215e+03 1.50813e-02 1.57977e-01
162   687 -1.13231e+03 1.50891e-02 1.58546e-01
163   703 -1.12638e+03 1.49452e-02 1.57420e-01
164   719 -1.12567e+03 1.49442e-02 1.57773e-01
165   736 -1.10330e+03 1.54235e-02 1.60533e-01
166   753 -1.14054e+03 1.53019e-02 1.59615e-01
167   771 -1.12314e+03 1.56147e-02 1.61736e-01
168   789 -1.12959e+03 1.50406e-02 1.57957e-01
169   807 -1.11373e+03 1.54273e-02 1.60862e-01
170   826 -1.11803e+03 1.54468e-02 1.60033e-01
171   845 -1.12691e+03 1.50382e-02 1.56918e-01
172   865 -1.12030e+03 1.51565e-02 1.59515e-01
173   885 -1.12673e+03 1.52432e-02 1.59031e-01
174   906 -1.12405e+03 1.55597e-02 1.60424e-01
175   927 -1.13036e+03 1.50648e-02 1.58182e-01
176   949 -1.13328e+03 1.48513e-02 1.57224e-01
177   971 -1.13785e+03 1.51325e-02 1.58838e-01
178   994 -1.13318e+03 1.53406e-02 1.59881e-01
179  1017 -1.13070e+03 1.52335e-02 1.58817e-01
180  1041 -1.13576e+03 1.50692e-02 1.58418e-01
181  1065 -1.12241e+03 1.58905e-02 1.62650e-01
182  1090 -1.12427e+03 1.54969e-02 1.60125e-01
183  1115 -1.13291e+03 1.52602e-02 1.59232e-01
184  1141 -1.11919e+03 1.53639e-02 1.60045e-01
185  1168 -1.16306e+03 1.52596e-02 1.59322e-01
186  1195 -1.14909e+03 1.51564e-02 1.58773e-01
187  1223 -1.13744e+03 1.53361e-02 1.60485e-01
188  1252 -1.11990e+03 1.54864e-02 1.60536e-01
189  1281 -1.12019e+03 1.54048e-02 1.59809e-01
190  1311 -1.12470e+03 1.53054e-02 1.59560e-01
191  1342 -1.12289e+03 1.51784e-02 1.58451e-01
192  1373 -1.13971e+03 1.51213e-02 1.58291e-01
193  1405 -1.11866e+03 1.52242e-02 1.59094e-01
194  1438 -1.14549e+03 1.54570e-02 1.60541e-01
195  1472 -1.13838e+03 1.53625e-02 1.59896e-01
196  1506 -1.13353e+03 1.51947e-02 1.58653e-01
197  1541 -1.12618e+03 1.51418e-02 1.58409e-01
198  1577 -1.14676e+03 1.51692e-02 1.58603e-01
199  1614 -1.11815e+03 1.51833e-02 1.58693e-01
200  1652 -1.15155e+03 1.52546e-02 1.59249e-01
201  1690 -1.12565e+03 1.52550e-02 1.59185e-01
202  1730 -1.13362e+03 1.52439e-02 1.59192e-01
203  1770 -1.13371e+03 1.51491e-02 1.58531e-01
204  1811 -1.11978e+03 1.51623e-02 1.58606e-01
205  1854 -1.13609e+03 1.51083e-02 1.58319e-01
206  1897 -1.11999e+03 1.50931e-02 1.58320e-01
207  1941 -1.13234e+03 1.50803e-02 1.58276e-01
208  1987 -1.13142e+03 1.50949e-02 1.58353e-01
209  2033 -1.10843e+03 1.50953e-02 1.58284e-01
210  2081 -1.13364e+03 1.50718e-02 1.58208e-01
211  2129 -1.13562e+03 1.50750e-02 1.58199e-01
212  2179 -1.12521e+03 1.50717e-02 1.58190e-01
213  2230 -1.11343e+03 1.50646e-02 1.58233e-01
214  2282 -1.12461e+03 1.50849e-02 1.58395e-01
215  2335 -1.12785e+03 1.50904e-02 1.58426e-01
216  2390 -1.12721e+03 1.50862e-02 1.58419e-01
217  2446 -1.15129e+03 1.50839e-02 1.58396e-01
218  2503 -1.14415e+03 1.50827e-02 1.58408e-01
219  2561 -1.14597e+03 1.50833e-02 1.58398e-01
220  2621 -1.11336e+03 1.50758e-02 1.58372e-01
221  2682 -1.10938e+03 1.50754e-02 1.58358e-01
222  2745 -1.13763e+03 1.50761e-02 1.58366e-01
223  2809 -1.12702e+03 1.50703e-02 1.58328e-01
224  2875 -1.14732e+03 1.50739e-02 1.58345e-01
225  2942 -1.14055e+03 1.50748e-02 1.58355e-01
226  3010 -1.11210e+03 1.50755e-02 1.58357e-01
227  3081 -1.13077e+03 1.50733e-02 1.58341e-01
228  3153 -1.13269e+03 1.50752e-02 1.58352e-01
229  3226 -1.12415e+03 1.50750e-02 1.58352e-01
230  3302 -1.12474e+03 1.50752e-02 1.58355e-01
231  3379 -1.11683e+03 1.50750e-02 1.58355e-01
232  3458 -1.11971e+03 1.50749e-02 1.58353e-01
233  3538 -1.11383e+03 1.50750e-02 1.58355e-01
234  3621 -1.13784e+03 1.50749e-02 1.58355e-01
235  3706 -1.13676e+03 1.50751e-02 1.58357e-01
236  3792 -1.13699e+03 1.50748e-02 1.58358e-01
237  3881 -1.14355e+03 1.50747e-02 1.58358e-01
238  3971 -1.14493e+03 1.50748e-02 1.58358e-01
239  4064 -1.13879e+03 1.50748e-02 1.58356e-01
240  4159 -1.13613e+03 1.50752e-02 1.58360e-01
241  4256 -1.13706e+03 1.50753e-02 1.58358e-01
242  4356 -1.13487e+03 1.50753e-02 1.58359e-01
243  4457 -1.11850e+03 1.50753e-02 1.58359e-01
244  4561 -1.14201e+03 1.50758e-02 1.58363e-01
245  4668 -1.12119e+03 1.50763e-02 1.58367e-01
246  4777 -1.14100e+03 1.50760e-02 1.58364e-01
247  4889 -1.12122e+03 1.50758e-02 1.58363e-01
248  5003 -1.12642e+03 1.50753e-02 1.58364e-01
249  5120 -1.11460e+03 1.50751e-02 1.58362e-01
250  5239 -1.13152e+03 1.50755e-02 1.58366e-01
251  5361 -1.13240e+03 1.50743e-02 1.58361e-01
252  5487 -1.12543e+03 1.50740e-02 1.58362e-01
253  5615 -1.13336e+03 1.50740e-02 1.58361e-01
254  5746 -1.14500e+03 1.50744e-02 1.58363e-01
255  5880 -1.12189e+03 1.50736e-02 1.58357e-01
256  6017 -1.15106e+03 1.50745e-02 1.58362e-01
257  6158 -1.13015e+03 1.50741e-02 1.58360e-01
258  6302 -1.11947e+03 1.50739e-02 1.58360e-01
259  6449 -1.12389e+03 1.50738e-02 1.58357e-01
260  6600 -1.13621e+03 1.50737e-02 1.58356e-01
261  6754 -1.13140e+03 1.50746e-02 1.58361e-01
262  6911 -1.13142e+03 1.50755e-02 1.58368e-01
263  7073 -1.12127e+03 1.50744e-02 1.58362e-01
264  7238 -1.13701e+03 1.50727e-02 1.58356e-01
265  7407 -1.11258e+03 1.50729e-02 1.58357e-01
266  7580 -1.13704e+03 1.50730e-02 1.58356e-01
267  7757 -1.13390e+03 1.50737e-02 1.58355e-01
268  7938 -1.14187e+03 1.50742e-02 1.58359e-01
269  8124 -1.14629e+03 1.50730e-02 1.58355e-01
270  8313 -1.12991e+03 1.50737e-02 1.58362e-01
271  8507 -1.12932e+03 1.50727e-02 1.58359e-01
272  8706 -1.12654e+03 1.50728e-02 1.58357e-01
273  8909 -1.13737e+03 1.50720e-02 1.58353e-01
274  9118 -1.11729e+03 1.50712e-02 1.58345e-01
275  9330 -1.11300e+03 1.50728e-02 1.58360e-01
276  9548 -1.10672e+03 1.50729e-02 1.58361e-01
277  9771 -1.12921e+03 1.50725e-02 1.58362e-01
278 10000 -1.12844e+03 1.50722e-02 1.58363e-01
