i, epoch, loss, l2_err, h1_err
  0     1 -7.56540e+01 9.84167e-01 1.12190e+00
  1     2 -1.43022e+02 9.77477e-01 1.14615e+00
  2     3 -2.15817e+02 9.70546e-01 1.17943e+00
  3     4 -2.77602e+02 9.62991e-01 1.21643e+00
  4     5 -3.34494e+02 9.54507e-01 1.25312e+00
  5     6 -3.92879e+02 9.44677e-01 1.28759e+00
  6     7 -4.48602e+02 9.33327e-01 1.31768e+00
  7     8 -5.01657e+02 9.20660e-01 1.34335e+00
  8     9 -5.54290e+02 9.06705e-01 1.36481e+00
  9    10 -5.98790e+02 8.91562e-01 1.38209e+00
 10    11 -6.49626e+02 8.74992e-01 1.39433e+00
 11    12 -6.79430e+02 8.57318e-01 1.40164e+00
 12    13 -7.25139e+02 8.38486e-01 1.40447e+00
 13    14 -7.52870e+02 8.18760e-01 1.40316e+00
 14    15 -8.04559e+02 7.98088e-01 1.39766e+00
 15    16 -8.30301e+02 7.76695e-01 1.38870e+00
 16    17 -8.57524e+02 7.54777e-01 1.37663e+00
 17    18 -8.87883e+02 7.32314e-01 1.36133e+00
 18    19 -9.05210e+02 7.09328e-01 1.34308e+00
 19    20 -9.23918e+02 6.85952e-01 1.32237e+00
 20    21 -9.56222e+02 6.62331e-01 1.29956e+00
 21    22 -9.70970e+02 6.38496e-01 1.27435e+00
 22    23 -9.90437e+02 6.14463e-01 1.24718e+00
 23    24 -1.00527e+03 5.90363e-01 1.21809e+00
 24    25 -1.02153e+03 5.66254e-01 1.18725e+00
 25    26 -1.01831e+03 5.42201e-01 1.15481e+00
 26    27 -1.03101e+03 5.18198e-01 1.12054e+00
 27    28 -1.04968e+03 4.94364e-01 1.08532e+00
 28    29 -1.06097e+03 4.70727e-01 1.04920e+00
 29    30 -1.07675e+03 4.47352e-01 1.01233e+00
 30    31 -1.08417e+03 4.24330e-01 9.75150e-01
 31    32 -1.07044e+03 4.01624e-01 9.37431e-01
 32    33 -1.08946e+03 3.79241e-01 8.99151e-01
 33    34 -1.08983e+03 3.57243e-01 8.60940e-01
 34    35 -1.10034e+03 3.35752e-01 8.23034e-01
 35    36 -1.08684e+03 3.14770e-01 7.85470e-01
 36    37 -1.10785e+03 2.94314e-01 7.48289e-01
 37    38 -1.11918e+03 2.74450e-01 7.11631e-01
 38    39 -1.11742e+03 2.55352e-01 6.75842e-01
 39    40 -1.13675e+03 2.36973e-01 6.41038e-01
 40    41 -1.11384e+03 2.19314e-01 6.07410e-01
 41    42 -1.12400e+03 2.02313e-01 5.75027e-01
 42    43 -1.11499e+03 1.85911e-01 5.43791e-01
 43    44 -1.13059e+03 1.70161e-01 5.13827e-01
 44    45 -1.13587e+03 1.55145e-01 4.85345e-01
 45    46 -1.10729e+03 1.40849e-01 4.58321e-01
 46    47 -1.12238e+03 1.27342e-01 4.32861e-01
 47    48 -1.12199e+03 1.14642e-01 4.09061e-01
 48    49 -1.11020e+03 1.02767e-01 3.86901e-01
 49    50 -1.12019e+03 9.17557e-02 3.66482e-01
 50    51 -1.12662e+03 8.16455e-02 3.47737e-01
 51    53 -1.13189e+03 6.41936e-02 3.15180e-01
 52    54 -1.11165e+03 5.68898e-02 3.01164e-01
 53    55 -1.12882e+03 5.05443e-02 2.88432e-01
 54    56 -1.12222e+03 4.51896e-02 2.76724e-01
 55    58 -1.13097e+03 3.74267e-02 2.56616e-01
 56    59 -1.13321e+03 3.49535e-02 2.48029e-01
 57    60 -1.12770e+03 3.32705e-02 2.40119e-01
 58    62 -1.13565e+03 3.16011e-02 2.25578e-01
 59    63 -1.13121e+03 3.12697e-02 2.18928e-01
 60    65 -1.10074e+03 3.10080e-02 2.06457e-01
 61    66 -1.14177e+03 3.08751e-02 2.00563e-01
 62    68 -1.12524e+03 3.03454e-02 1.89112e-01
 63    69 -1.14837e+03 2.99338e-02 1.83573e-01
 64    71 -1.13310e+03 2.87527e-02 1.73040e-01
 65    73 -1.10982e+03 2.72051e-02 1.63565e-01
 66    74 -1.11801e+03 2.63218e-02 1.59073e-01
 67    76 -1.13258e+03 2.44872e-02 1.50605e-01
 68    78 -1.13764e+03 2.26157e-02 1.42996e-01
 69    80 -1.14068e+03 2.07726e-02 1.36361e-01
 70    82 -1.13820e+03 1.90640e-02 1.30476e-01
 71    84 -1.11955e+03 1.74747e-02 1.25520e-01
 72    86 -1.14140e+03 1.59757e-02 1.21399e-01
 73    88 -1.16090e+03 1.46039e-02 1.18612e-01
 74    90 -1.15126e+03 1.33733e-02 1.16166e-01
 75    92 -1.14993e+03 1.21893e-02 1.13926e-01
 76    94 -1.12374e+03 1.12249e-02 1.12619e-01
 77    96 -1.13398e+03 1.04139e-02 1.11587e-01
 78    98 -1.13924e+03 9.69951e-03 1.10843e-01
 79   101 -1.12761e+03 8.76805e-03 1.11069e-01
 80   103 -1.10939e+03 8.22280e-03 1.11334e-01
 81   105 -1.13308e+03 7.80806e-03 1.11467e-01
 82   108 -1.14552e+03 7.24310e-03 1.09945e-01
 83   110 -1.12873e+03 7.02200e-03 1.09343e-01
 84   113 -1.13137e+03 6.53456e-03 1.07488e-01
 85   116 -1.13345e+03 6.02957e-03 1.05879e-01
 86   118 -1.14778e+03 5.78103e-03 1.05826e-01
 87   121 -1.12619e+03 5.71795e-03 1.06140e-01
 88   124 -1.11153e+03 6.12851e-03 1.07673e-01
 89   127 -1.14867e+03 6.53060e-03 1.08524e-01
 90   130 -1.13784e+03 6.46473e-03 1.08189e-01
 91   133 -1.10732e+03 6.28671e-03 1.07650e-01
 92   136 -1.13120e+03 6.37024e-03 1.07668e-01
 93   139 -1.13096e+03 6.10288e-03 1.06771e-01
 94   143 -1.12985e+03 5.90823e-03 1.06739e-01
 95   146 -1.13770e+03 6.10658e-03 1.07234e-01
 96   149 -1.12399e+03 6.11112e-03 1.06387e-01
 97   153 -1.13727e+03 6.50081e-03 1.07279e-01
 98   156 -1.13569e+03 6.47007e-03 1.06587e-01
 99   160 -1.14875e+03 5.72161e-03 1.04379e-01
100   164 -1.14201e+03 5.31493e-03 1.04039e-01
101   168 -1.14768e+03 6.21785e-03 1.08230e-01
102   172 -1.12128e+03 6.69915e-03 1.10004e-01
103   176 -1.14726e+03 6.08143e-03 1.05906e-01
104   180 -1.11360e+03 5.98017e-03 1.05473e-01
105   184 -1.13470e+03 6.26527e-03 1.09299e-01
106   188 -1.13683e+03 6.49467e-03 1.07671e-01
107   193 -1.12762e+03 6.33505e-03 1.06387e-01
108   197 -1.13831e+03 6.06936e-03 1.06099e-01
109   202 -1.10927e+03 5.80492e-03 1.05944e-01
110   206 -1.14077e+03 5.58277e-03 1.04300e-01
111   211 -1.13140e+03 5.66188e-03 1.05134e-01
112   216 -1.12610e+03 5.38464e-03 1.04231e-01
113   221 -1.14231e+03 5.53177e-03 1.05184e-01
114   226 -1.12606e+03 6.21848e-03 1.07402e-01
115   232 -1.13347e+03 6.73697e-03 1.08894e-01
116   237 -1.13289e+03 6.73092e-03 1.09816e-01
117   243 -1.13775e+03 5.75201e-03 1.04769e-01
118   248 -1.12575e+03 5.58912e-03 1.04618e-01
119   254 -1.11585e+03 6.33978e-03 1.08138e-01
120   260 -1.12754e+03 5.66930e-03 1.05207e-01
121   266 -1.11880e+03 6.40853e-03 1.08198e-01
122   272 -1.13468e+03 6.21392e-03 1.06454e-01
123   279 -1.15848e+03 5.87180e-03 1.05215e-01
124   285 -1.12826e+03 5.88254e-03 1.05485e-01
125   292 -1.13079e+03 5.66534e-03 1.05376e-01
126   299 -1.14134e+03 6.24944e-03 1.07083e-01
127   306 -1.13967e+03 5.79157e-03 1.04342e-01
128   313 -1.11812e+03 6.10670e-03 1.05823e-01
129   320 -1.14702e+03 5.62092e-03 1.05992e-01
130   328 -1.12621e+03 6.32540e-03 1.06829e-01
131   335 -1.12346e+03 5.73517e-03 1.05326e-01
132   343 -1.12408e+03 6.37112e-03 1.07750e-01
133   351 -1.13227e+03 6.19307e-03 1.08710e-01
134   360 -1.12205e+03 5.70772e-03 1.04203e-01
135   368 -1.13342e+03 6.06400e-03 1.06888e-01
136   377 -1.13675e+03 6.14771e-03 1.06166e-01
137   385 -1.12466e+03 5.72962e-03 1.04341e-01
138   394 -1.12228e+03 6.27525e-03 1.06642e-01
139   404 -1.14423e+03 5.67165e-03 1.04955e-01
140   413 -1.12131e+03 5.74708e-03 1.05432e-01
141   423 -1.12007e+03 6.72142e-03 1.08752e-01
142   433 -1.14498e+03 5.59715e-03 1.04677e-01
143   443 -1.14927e+03 6.27558e-03 1.06884e-01
144   453 -1.12134e+03 5.99317e-03 1.05601e-01
145   464 -1.14590e+03 5.65771e-03 1.04852e-01
146   474 -1.13466e+03 5.90497e-03 1.05966e-01
147   486 -1.12043e+03 6.36270e-03 1.08952e-01
148   497 -1.11653e+03 5.68348e-03 1.04560e-01
149   509 -1.14386e+03 6.05861e-03 1.05485e-01
150   520 -1.14971e+03 6.20354e-03 1.06485e-01
151   533 -1.14221e+03 6.04281e-03 1.04873e-01
152   545 -1.11431e+03 6.05298e-03 1.06107e-01
153   558 -1.11725e+03 6.39649e-03 1.08295e-01
154   571 -1.13449e+03 6.34036e-03 1.06770e-01
155   584 -1.14167e+03 6.23923e-03 1.06495e-01
156   598 -1.12556e+03 5.17946e-03 1.02833e-01
157   612 -1.13568e+03 6.33220e-03 1.07358e-01
158   626 -1.14891e+03 5.55571e-03 1.03332e-01
159   641 -1.12713e+03 5.71655e-03 1.04994e-01
160   656 -1.12416e+03 6.19231e-03 1.06888e-01
161   671 -1.14142e+03 5.89458e-03 1.05735e-01
162   687 -1.15656e+03 6.24736e-03 1.06288e-01
163   703 -1.10164e+03 5.66862e-03 1.05489e-01
164   719 -1.12832e+03 5.63865e-03 1.04713e-01
165   736 -1.14153e+03 6.07418e-03 1.06239e-01
166   753 -1.12758e+03 5.53754e-03 1.04473e-01
167   771 -1.12447e+03 6.07369e-03 1.05898e-01
168   789 -1.13408e+03 6.19129e-03 1.07110e-01
169   807 -1.11715e+03 6.11068e-03 1.05748e-01
170   826 -1.14958e+03 6.52657e-03 1.07070e-01
171   845 -1.12167e+03 5.90871e-03 1.05147e-01
172   865 -1.12807e+03 5.69758e-03 1.05139e-01
173   885 -1.13244e+03 6.11529e-03 1.05694e-01
174   906 -1.13411e+03 6.09079e-03 1.06565e-01
175   927 -1.13919e+03 5.87795e-03 1.05206e-01
176   949 -1.14562e+03 6.11599e-03 1.06243e-01
177   971 -1.11468e+03 5.94206e-03 1.05112e-01
178   994 -1.11727e+03 5.83419e-03 1.05424e-01
179  1017 -1.14339e+03 6.03721e-03 1.06021e-01
180  1041 -1.13316e+03 5.46330e-03 1.03963e-01
181  1065 -1.13576e+03 5.96235e-03 1.05938e-01
182  1090 -1.14161e+03 5.66454e-03 1.04042e-01
183  1115 -1.13754e+03 5.86060e-03 1.05259e-01
184  1141 -1.15033e+03 5.82384e-03 1.05205e-01
185  1168 -1.12733e+03 6.15063e-03 1.05636e-01
186  1195 -1.14668e+03 6.08389e-03 1.06667e-01
187  1223 -1.12591e+03 5.74816e-03 1.05371e-01
188  1252 -1.12592e+03 5.69612e-03 1.04642e-01
189  1281 -1.11978e+03 5.99507e-03 1.06016e-01
190  1311 -1.11818e+03 5.84106e-03 1.05255e-01
191  1342 -1.12998e+03 5.98382e-03 1.05522e-01
192  1373 -1.12945e+03 5.95821e-03 1.05047e-01
193  1405 -1.11935e+03 5.86267e-03 1.05628e-01
194  1438 -1.12808e+03 5.85352e-03 1.05555e-01
195  1472 -1.13172e+03 5.94640e-03 1.05888e-01
196  1506 -1.10849e+03 5.80434e-03 1.05097e-01
197  1541 -1.14359e+03 6.05299e-03 1.06022e-01
198  1577 -1.13033e+03 6.08446e-03 1.06012e-01
199  1614 -1.13194e+03 5.99915e-03 1.05446e-01
200  1652 -1.13275e+03 5.83353e-03 1.05347e-01
201  1690 -1.12298e+03 5.99659e-03 1.05883e-01
202  1730 -1.15355e+03 5.87643e-03 1.05534e-01
203  1770 -1.14996e+03 5.72829e-03 1.04722e-01
204  1811 -1.12360e+03 5.82312e-03 1.05368e-01
205  1854 -1.11732e+03 5.78357e-03 1.05064e-01
206  1897 -1.13243e+03 5.85035e-03 1.05429e-01
207  1941 -1.12481e+03 5.81784e-03 1.05223e-01
208  1987 -1.11286e+03 5.77968e-03 1.05167e-01
209  2033 -1.14195e+03 5.82913e-03 1.05232e-01
210  2081 -1.13670e+03 5.85447e-03 1.05324e-01
211  2129 -1.12423e+03 5.91739e-03 1.05589e-01
212  2179 -1.13793e+03 5.88295e-03 1.05441e-01
213  2230 -1.11649e+03 5.88614e-03 1.05408e-01
214  2282 -1.12291e+03 5.86185e-03 1.05235e-01
215  2335 -1.13208e+03 5.87666e-03 1.05279e-01
216  2390 -1.13858e+03 5.85822e-03 1.05233e-01
217  2446 -1.14632e+03 5.84693e-03 1.05215e-01
218  2503 -1.14588e+03 5.86361e-03 1.05304e-01
219  2561 -1.14781e+03 5.86024e-03 1.05288e-01
220  2621 -1.12714e+03 5.85601e-03 1.05268e-01
221  2682 -1.13739e+03 5.85395e-03 1.05230e-01
222  2745 -1.10340e+03 5.85799e-03 1.05251e-01
223  2809 -1.11379e+03 5.85401e-03 1.05239e-01
224  2875 -1.11716e+03 5.85144e-03 1.05223e-01
225  2942 -1.12225e+03 5.84857e-03 1.05205e-01
226  3010 -1.14268e+03 5.84437e-03 1.05177e-01
227  3081 -1.12948e+03 5.84279e-03 1.05173e-01
228  3153 -1.14191e+03 5.84279e-03 1.05180e-01
229  3226 -1.12781e+03 5.84146e-03 1.05173e-01
230  3302 -1.12858e+03 5.83843e-03 1.05160e-01
231  3379 -1.13988e+03 5.83697e-03 1.05156e-01
232  3458 -1.12687e+03 5.83655e-03 1.05158e-01
233  3538 -1.13067e+03 5.83698e-03 1.05161e-01
234  3621 -1.13427e+03 5.83738e-03 1.05163e-01
235  3706 -1.12888e+03 5.83800e-03 1.05168e-01
236  3792 -1.13628e+03 5.83800e-03 1.05168e-01
237  3881 -1.12240e+03 5.83767e-03 1.05167e-01
238  3971 -1.12283e+03 5.83744e-03 1.05168e-01
239  4064 -1.12973e+03 5.83747e-03 1.05167e-01
240  4159 -1.10442e+03 5.83686e-03 1.05165e-01
241  4256 -1.12280e+03 5.83703e-03 1.05166e-01
242  4356 -1.11901e+03 5.83707e-03 1.05167e-01
243  4457 -1.11135e+03 5.83738e-03 1.05168e-01
244  4561 -1.13495e+03 5.83691e-03 1.05166e-01
245  4668 -1.13228e+03 5.83641e-03 1.05166e-01
246  4777 -1.12150e+03 5.83613e-03 1.05165e-01
247  4889 -1.11240e+03 5.83640e-03 1.05168e-01
248  5003 -1.12252e+03 5.83672e-03 1.05170e-01
249  5120 -1.11693e+03 5.83679e-03 1.05171e-01
250  5239 -1.12916e+03 5.83654e-03 1.05172e-01
251  5361 -1.11947e+03 5.83696e-03 1.05175e-01
252  5487 -1.11167e+03 5.83668e-03 1.05175e-01
253  5615 -1.13095e+03 5.83667e-03 1.05175e-01
254  5746 -1.11808e+03 5.83653e-03 1.05176e-01
255  5880 -1.09909e+03 5.83669e-03 1.05177e-01
256  6017 -1.12744e+03 5.83630e-03 1.05176e-01
257  6158 -1.13616e+03 5.83660e-03 1.05179e-01
258  6302 -1.11310e+03 5.83640e-03 1.05180e-01
259  6449 -1.14375e+03 5.83661e-03 1.05181e-01
260  6600 -1.12011e+03 5.83739e-03 1.05185e-01
261  6754 -1.12811e+03 5.83669e-03 1.05182e-01
262  6911 -1.13159e+03 5.83672e-03 1.05182e-01
263  7073 -1.12717e+03 5.83752e-03 1.05187e-01
264  7238 -1.13266e+03 5.83772e-03 1.05189e-01
265  7407 -1.13584e+03 5.83793e-03 1.05192e-01
266  7580 -1.12327e+03 5.83821e-03 1.05195e-01
267  7757 -1.12995e+03 5.83872e-03 1.05200e-01
268  7938 -1.14115e+03 5.83838e-03 1.05198e-01
269  8124 -1.14345e+03 5.83801e-03 1.05196e-01
270  8313 -1.13795e+03 5.83789e-03 1.05196e-01
271  8507 -1.11900e+03 5.83843e-03 1.05203e-01
272  8706 -1.13137e+03 5.83951e-03 1.05208e-01
273  8909 -1.13849e+03 5.83920e-03 1.05205e-01
274  9118 -1.13021e+03 5.83980e-03 1.05208e-01
275  9330 -1.14788e+03 5.83967e-03 1.05209e-01
276  9548 -1.14407e+03 5.84007e-03 1.05208e-01
277  9771 -1.13589e+03 5.83994e-03 1.05208e-01
278 10000 -1.13074e+03 5.83972e-03 1.05204e-01
