i, epoch, loss, l2_err, h1_err
  0     1 -6.34076e+01 9.85030e-01 1.23137e+00
  1     2 -1.29777e+02 9.76957e-01 1.28987e+00
  2     3 -1.99963e+02 9.69458e-01 1.36550e+00
  3     4 -2.57448e+02 9.62164e-01 1.43997e+00
  4     5 -3.20733e+02 9.54841e-01 1.50828e+00
  5     6 -3.73394e+02 9.46871e-01 1.56629e+00
  6     7 -4.27481e+02 9.38467e-01 1.61736e+00
  7     8 -4.92428e+02 9.29901e-01 1.66303e+00
  8     9 -5.42968e+02 9.20915e-01 1.70041e+00
  9    10 -5.81743e+02 9.11523e-01 1.72928e+00
 10    11 -6.30521e+02 9.01793e-01 1.74998e+00
 11    12 -6.72770e+02 8.91851e-01 1.76406e+00
 12    13 -7.05140e+02 8.81625e-01 1.77163e+00
 13    14 -7.55707e+02 8.71034e-01 1.77300e+00
 14    15 -7.68137e+02 8.60062e-01 1.77071e+00
 15    16 -8.03690e+02 8.48491e-01 1.76465e+00
 16    17 -8.41011e+02 8.36339e-01 1.75604e+00
 17    18 -8.64494e+02 8.23537e-01 1.74570e+00
 18    19 -8.97994e+02 8.09758e-01 1.73318e+00
 19    20 -9.24728e+02 7.95097e-01 1.71844e+00
 20    21 -9.35745e+02 7.79584e-01 1.70158e+00
 21    22 -9.50568e+02 7.63261e-01 1.68208e+00
 22    23 -9.90059e+02 7.46142e-01 1.65955e+00
 23    24 -9.90036e+02 7.28350e-01 1.63445e+00
 24    25 -9.90715e+02 7.09960e-01 1.60691e+00
 25    26 -1.03133e+03 6.91186e-01 1.57741e+00
 26    27 -1.03960e+03 6.71967e-01 1.54570e+00
 27    28 -1.05965e+03 6.52461e-01 1.51241e+00
 28    29 -1.06061e+03 6.32773e-01 1.47786e+00
 29    30 -1.05579e+03 6.12894e-01 1.44201e+00
 30    31 -1.07451e+03 5.92893e-01 1.40532e+00
 31    32 -1.06312e+03 5.72867e-01 1.36815e+00
 32    33 -1.08661e+03 5.52851e-01 1.33103e+00
 33    34 -1.07700e+03 5.32823e-01 1.29356e+00
 34    35 -1.08944e+03 5.12913e-01 1.25607e+00
 35    36 -1.11246e+03 4.93201e-01 1.21894e+00
 36    37 -1.09623e+03 4.73758e-01 1.18213e+00
 37    38 -1.10316e+03 4.54590e-01 1.14582e+00
 38    39 -1.12306e+03 4.35689e-01 1.10982e+00
 39    40 -1.13392e+03 4.17121e-01 1.07412e+00
 40    41 -1.11173e+03 3.98888e-01 1.03879e+00
 41    42 -1.10213e+03 3.80995e-01 1.00402e+00
 42    43 -1.11832e+03 3.63511e-01 9.69942e-01
 43    44 -1.11344e+03 3.46433e-01 9.36283e-01
 44    45 -1.11775e+03 3.29800e-01 9.03304e-01
 45    46 -1.12779e+03 3.13631e-01 8.70850e-01
 46    47 -1.12267e+03 2.97912e-01 8.38955e-01
 47    48 -1.12174e+03 2.82666e-01 8.07568e-01
 48    49 -1.12694e+03 2.67944e-01 7.76789e-01
 49    50 -1.10559e+03 2.53739e-01 7.46829e-01
 50    51 -1.15567e+03 2.40014e-01 7.17798e-01
 51    53 -1.11349e+03 2.14006e-01 6.62154e-01
 52    54 -1.12417e+03 2.01733e-01 6.35500e-01
 53    55 -1.12621e+03 1.89923e-01 6.09720e-01
 54    56 -1.11216e+03 1.78547e-01 5.84667e-01
 55    58 -1.11083e+03 1.57136e-01 5.37079e-01
 56    59 -1.13938e+03 1.47074e-01 5.14497e-01
 57    60 -1.12280e+03 1.37472e-01 4.92699e-01
 58    62 -1.11660e+03 1.19612e-01 4.51346e-01
 59    63 -1.12246e+03 1.11305e-01 4.31539e-01
 60    65 -1.11943e+03 9.59296e-02 3.92931e-01
 61    66 -1.11802e+03 8.88391e-02 3.74082e-01
 62    68 -1.12795e+03 7.57982e-02 3.37798e-01
 63    69 -1.11778e+03 6.98149e-02 3.20320e-01
 64    71 -1.12740e+03 5.88606e-02 2.87314e-01
 65    73 -1.13397e+03 4.91259e-02 2.57194e-01
 66    74 -1.13641e+03 4.47043e-02 2.43439e-01
 67    76 -1.13280e+03 3.67285e-02 2.18622e-01
 68    78 -1.13709e+03 2.98326e-02 1.96808e-01
 69    80 -1.13297e+03 2.39368e-02 1.77525e-01
 70    82 -1.14065e+03 1.90021e-02 1.60685e-01
 71    84 -1.12654e+03 1.49925e-02 1.46658e-01
 72    86 -1.13789e+03 1.18093e-02 1.34545e-01
 73    88 -1.13417e+03 9.58079e-03 1.25690e-01
 74    90 -1.12397e+03 8.33251e-03 1.20541e-01
 75    92 -1.12997e+03 7.92052e-03 1.18736e-01
 76    94 -1.13056e+03 8.08792e-03 1.18898e-01
 77    96 -1.11714e+03 8.42327e-03 1.18762e-01
 78    98 -1.11054e+03 8.79509e-03 1.17205e-01
 79   101 -1.12075e+03 9.21008e-03 1.14521e-01
 80   103 -1.12574e+03 9.22580e-03 1.12002e-01
 81   105 -1.13107e+03 9.12332e-03 1.10758e-01
 82   108 -1.12546e+03 8.94227e-03 1.11240e-01
 83   110 -1.14278e+03 8.81909e-03 1.11697e-01
 84   113 -1.11910e+03 8.57224e-03 1.12346e-01
 85   116 -1.13013e+03 8.07096e-03 1.11105e-01
 86   118 -1.12904e+03 7.66009e-03 1.09296e-01
 87   121 -1.12003e+03 7.07203e-03 1.07859e-01
 88   124 -1.13733e+03 6.52439e-03 1.07451e-01
 89   127 -1.13181e+03 5.94749e-03 1.06094e-01
 90   130 -1.13782e+03 5.86001e-03 1.08414e-01
 91   133 -1.12417e+03 5.75554e-03 1.07829e-01
 92   136 -1.14326e+03 5.65427e-03 1.06876e-01
 93   139 -1.12925e+03 5.62470e-03 1.06132e-01
 94   143 -1.12607e+03 5.77803e-03 1.07663e-01
 95   146 -1.13440e+03 5.56342e-03 1.07688e-01
 96   149 -1.12068e+03 5.62757e-03 1.09792e-01
 97   153 -1.12546e+03 5.30582e-03 1.06295e-01
 98   156 -1.13016e+03 4.89817e-03 1.02818e-01
 99   160 -1.12400e+03 4.87504e-03 1.05418e-01
100   164 -1.13173e+03 5.50529e-03 1.12483e-01
101   168 -1.12285e+03 5.40763e-03 1.07112e-01
102   172 -1.13627e+03 5.32613e-03 1.04798e-01
103   176 -1.13045e+03 5.57867e-03 1.07685e-01
104   180 -1.10616e+03 5.82489e-03 1.08422e-01
105   184 -1.12438e+03 5.45371e-03 1.02117e-01
106   188 -1.15440e+03 5.72210e-03 1.06291e-01
107   193 -1.12888e+03 5.77082e-03 1.08474e-01
108   197 -1.12637e+03 5.21788e-03 1.01647e-01
109   202 -1.13633e+03 5.59506e-03 1.10791e-01
110   206 -1.12838e+03 5.45750e-03 1.09061e-01
111   211 -1.16135e+03 5.30464e-03 1.04248e-01
112   216 -1.12500e+03 5.38769e-03 1.08182e-01
113   221 -1.13314e+03 5.01007e-03 1.03598e-01
114   226 -1.13158e+03 5.18187e-03 1.07772e-01
115   232 -1.13253e+03 4.87820e-03 1.01654e-01
116   237 -1.13059e+03 5.30550e-03 1.08341e-01
117   243 -1.11484e+03 5.39488e-03 1.03239e-01
118   248 -1.13519e+03 5.77078e-03 1.10055e-01
119   254 -1.13651e+03 5.49585e-03 1.05509e-01
120   260 -1.15581e+03 5.54284e-03 1.07161e-01
121   266 -1.12857e+03 4.96869e-03 1.05593e-01
122   272 -1.13866e+03 5.50463e-03 1.12067e-01
123   279 -1.13962e+03 5.27139e-03 1.05989e-01
124   285 -1.11848e+03 5.43392e-03 1.06458e-01
125   292 -1.13087e+03 5.57425e-03 1.06580e-01
126   299 -1.13493e+03 5.50663e-03 1.07706e-01
127   306 -1.11961e+03 5.30330e-03 1.06285e-01
128   313 -1.12170e+03 4.77843e-03 1.04377e-01
129   320 -1.13180e+03 5.24217e-03 1.07753e-01
130   328 -1.15345e+03 5.14943e-03 1.04731e-01
131   335 -1.13712e+03 5.80802e-03 1.10496e-01
132   343 -1.12450e+03 6.04588e-03 1.11445e-01
133   351 -1.13601e+03 5.48732e-03 1.03019e-01
134   360 -1.14194e+03 5.75884e-03 1.08041e-01
135   368 -1.12302e+03 5.51548e-03 1.08375e-01
136   377 -1.14097e+03 5.93727e-03 1.11479e-01
137   385 -1.11953e+03 5.37393e-03 1.07092e-01
138   394 -1.12865e+03 5.27472e-03 1.05996e-01
139   404 -1.14099e+03 5.31422e-03 1.04981e-01
140   413 -1.11584e+03 5.06161e-03 1.04770e-01
141   423 -1.13238e+03 5.18767e-03 1.06792e-01
142   433 -1.14104e+03 5.00266e-03 1.03191e-01
143   443 -1.14548e+03 5.87589e-03 1.09721e-01
144   453 -1.12261e+03 5.16919e-03 1.04550e-01
145   464 -1.13095e+03 5.47130e-03 1.08355e-01
146   474 -1.12262e+03 5.36091e-03 1.05418e-01
147   486 -1.13419e+03 5.25916e-03 1.05713e-01
148   497 -1.11899e+03 4.98971e-03 1.05374e-01
149   509 -1.12348e+03 5.45517e-03 1.07938e-01
150   520 -1.14057e+03 5.17933e-03 1.05803e-01
151   533 -1.14461e+03 5.44129e-03 1.06694e-01
152   545 -1.13459e+03 5.30935e-03 1.04604e-01
153   558 -1.14591e+03 5.82440e-03 1.07568e-01
154   571 -1.11570e+03 5.71852e-03 1.06032e-01
155   584 -1.12545e+03 5.57805e-03 1.03483e-01
156   598 -1.12890e+03 5.23067e-03 1.05784e-01
157   612 -1.10857e+03 5.43873e-03 1.04289e-01
158   626 -1.12454e+03 5.59550e-03 1.07686e-01
159   641 -1.13480e+03 5.40194e-03 1.06751e-01
160   656 -1.10533e+03 5.16516e-03 1.04266e-01
161   671 -1.13401e+03 5.39469e-03 1.06215e-01
162   687 -1.12125e+03 5.30367e-03 1.07162e-01
163   703 -1.12033e+03 5.19933e-03 1.05457e-01
164   719 -1.15379e+03 5.17002e-03 1.06012e-01
165   736 -1.13641e+03 5.29096e-03 1.06009e-01
166   753 -1.14255e+03 5.32934e-03 1.06043e-01
167   771 -1.13388e+03 5.31095e-03 1.07997e-01
168   789 -1.13446e+03 5.35545e-03 1.06919e-01
169   807 -1.12912e+03 5.18192e-03 1.05446e-01
170   826 -1.13351e+03 5.10528e-03 1.02863e-01
171   845 -1.13792e+03 5.15364e-03 1.04468e-01
172   865 -1.11201e+03 5.04438e-03 1.04580e-01
173   885 -1.13055e+03 5.01634e-03 1.03858e-01
174   906 -1.10240e+03 5.27594e-03 1.06630e-01
175   927 -1.16262e+03 5.25453e-03 1.05550e-01
176   949 -1.12056e+03 5.26620e-03 1.05874e-01
177   971 -1.12226e+03 5.13151e-03 1.05147e-01
178   994 -1.14105e+03 5.20984e-03 1.04481e-01
179  1017 -1.12329e+03 5.50396e-03 1.05804e-01
180  1041 -1.12100e+03 5.21117e-03 1.04848e-01
181  1065 -1.12700e+03 5.20219e-03 1.03934e-01
182  1090 -1.12539e+03 5.31546e-03 1.05977e-01
183  1115 -1.12392e+03 5.36205e-03 1.09059e-01
184  1141 -1.13398e+03 5.22229e-03 1.04986e-01
185  1168 -1.14073e+03 5.36124e-03 1.06687e-01
186  1195 -1.13821e+03 5.36689e-03 1.06803e-01
187  1223 -1.11775e+03 5.15522e-03 1.05895e-01
188  1252 -1.13201e+03 5.30244e-03 1.05961e-01
189  1281 -1.13476e+03 5.37641e-03 1.04970e-01
190  1311 -1.10742e+03 5.32526e-03 1.04998e-01
191  1342 -1.13293e+03 5.27730e-03 1.05234e-01
192  1373 -1.12048e+03 5.23271e-03 1.05273e-01
193  1405 -1.12965e+03 5.16699e-03 1.04531e-01
194  1438 -1.12199e+03 5.28811e-03 1.05916e-01
195  1472 -1.13928e+03 5.41210e-03 1.06724e-01
196  1506 -1.13293e+03 5.37681e-03 1.05968e-01
197  1541 -1.14693e+03 5.39073e-03 1.06279e-01
198  1577 -1.13772e+03 5.33159e-03 1.05155e-01
199  1614 -1.12943e+03 5.39234e-03 1.06147e-01
200  1652 -1.11807e+03 5.40097e-03 1.05939e-01
201  1690 -1.12942e+03 5.37028e-03 1.05738e-01
202  1730 -1.13264e+03 5.38948e-03 1.06850e-01
203  1770 -1.13332e+03 5.36256e-03 1.06636e-01
204  1811 -1.14674e+03 5.31153e-03 1.05462e-01
205  1854 -1.14427e+03 5.32012e-03 1.05953e-01
206  1897 -1.13271e+03 5.30371e-03 1.06259e-01
207  1941 -1.13792e+03 5.30807e-03 1.06340e-01
208  1987 -1.12326e+03 5.28358e-03 1.05762e-01
209  2033 -1.13070e+03 5.28209e-03 1.05741e-01
210  2081 -1.14714e+03 5.33910e-03 1.06613e-01
211  2129 -1.12751e+03 5.32273e-03 1.06442e-01
212  2179 -1.12813e+03 5.25880e-03 1.05487e-01
213  2230 -1.14229e+03 5.23971e-03 1.05524e-01
214  2282 -1.13222e+03 5.26831e-03 1.05958e-01
215  2335 -1.12894e+03 5.24551e-03 1.05602e-01
216  2390 -1.11583e+03 5.22536e-03 1.05447e-01
217  2446 -1.13748e+03 5.24407e-03 1.05828e-01
218  2503 -1.14004e+03 5.24227e-03 1.05755e-01
219  2561 -1.14969e+03 5.24808e-03 1.05860e-01
220  2621 -1.12626e+03 5.25970e-03 1.05989e-01
221  2682 -1.11422e+03 5.25772e-03 1.05962e-01
222  2745 -1.13437e+03 5.24372e-03 1.05811e-01
223  2809 -1.12108e+03 5.22700e-03 1.05701e-01
224  2875 -1.12915e+03 5.22441e-03 1.05717e-01
225  2942 -1.14203e+03 5.22233e-03 1.05688e-01
226  3010 -1.14462e+03 5.22170e-03 1.05670e-01
227  3081 -1.13988e+03 5.21898e-03 1.05635e-01
228  3153 -1.13169e+03 5.21868e-03 1.05635e-01
229  3226 -1.14112e+03 5.21785e-03 1.05632e-01
230  3302 -1.13911e+03 5.21734e-03 1.05624e-01
231  3379 -1.12930e+03 5.21769e-03 1.05625e-01
232  3458 -1.13132e+03 5.21797e-03 1.05622e-01
233  3538 -1.12867e+03 5.21796e-03 1.05626e-01
234  3621 -1.13468e+03 5.21751e-03 1.05625e-01
235  3706 -1.11787e+03 5.21754e-03 1.05627e-01
236  3792 -1.13009e+03 5.21838e-03 1.05639e-01
237  3881 -1.13763e+03 5.21829e-03 1.05638e-01
238  3971 -1.14152e+03 5.21821e-03 1.05640e-01
239  4064 -1.12316e+03 5.21921e-03 1.05652e-01
240  4159 -1.11241e+03 5.21838e-03 1.05644e-01
241  4256 -1.15043e+03 5.21799e-03 1.05639e-01
242  4356 -1.12813e+03 5.21817e-03 1.05646e-01
243  4457 -1.15076e+03 5.21829e-03 1.05650e-01
244  4561 -1.14582e+03 5.21827e-03 1.05650e-01
245  4668 -1.13305e+03 5.21854e-03 1.05654e-01
246  4777 -1.13985e+03 5.21869e-03 1.05655e-01
247  4889 -1.13530e+03 5.21881e-03 1.05657e-01
248  5003 -1.12629e+03 5.21799e-03 1.05652e-01
249  5120 -1.13994e+03 5.21834e-03 1.05654e-01
250  5239 -1.13024e+03 5.21922e-03 1.05666e-01
251  5361 -1.13317e+03 5.21991e-03 1.05680e-01
252  5487 -1.12314e+03 5.22028e-03 1.05686e-01
253  5615 -1.12202e+03 5.22015e-03 1.05685e-01
254  5746 -1.15218e+03 5.22060e-03 1.05697e-01
255  5880 -1.13196e+03 5.22136e-03 1.05706e-01
256  6017 -1.14373e+03 5.22182e-03 1.05711e-01
257  6158 -1.12618e+03 5.22169e-03 1.05709e-01
258  6302 -1.13018e+03 5.22246e-03 1.05716e-01
259  6449 -1.14104e+03 5.22218e-03 1.05710e-01
260  6600 -1.13245e+03 5.22173e-03 1.05707e-01
261  6754 -1.11894e+03 5.22095e-03 1.05705e-01
262  6911 -1.13050e+03 5.22094e-03 1.05705e-01
263  7073 -1.10957e+03 5.22032e-03 1.05699e-01
264  7238 -1.10772e+03 5.21915e-03 1.05682e-01
265  7407 -1.13486e+03 5.21896e-03 1.05687e-01
266  7580 -1.12144e+03 5.21972e-03 1.05695e-01
267  7757 -1.12070e+03 5.21859e-03 1.05683e-01
268  7938 -1.14691e+03 5.21875e-03 1.05686e-01
269  8124 -1.12665e+03 5.21894e-03 1.05688e-01
270  8313 -1.11054e+03 5.21837e-03 1.05681e-01
271  8507 -1.13607e+03 5.21847e-03 1.05682e-01
272  8706 -1.13835e+03 5.21906e-03 1.05693e-01
273  8909 -1.12458e+03 5.21932e-03 1.05693e-01
274  9118 -1.12284e+03 5.21910e-03 1.05683e-01
275  9330 -1.12082e+03 5.21986e-03 1.05694e-01
276  9548 -1.12982e+03 5.21909e-03 1.05691e-01
277  9771 -1.12472e+03 5.21898e-03 1.05688e-01
278 10000 -1.13551e+03 5.21820e-03 1.05681e-01
