i, epoch, loss, l2_err, h1_err
  0     1 -8.87488e+01 9.40231e-01 9.71404e-01
  1     2 -1.71085e+02 9.13949e-01 9.54123e-01
  2     3 -2.25555e+02 8.86973e-01 9.37605e-01
  3     4 -2.84622e+02 8.59345e-01 9.20984e-01
  4     5 -3.59155e+02 8.31374e-01 9.04676e-01
  5     6 -4.09261e+02 8.02589e-01 8.87212e-01
  6     7 -4.62922e+02 7.72856e-01 8.67345e-01
  7     8 -5.23526e+02 7.43070e-01 8.47206e-01
  8     9 -5.68522e+02 7.13067e-01 8.25535e-01
  9    10 -6.17773e+02 6.82840e-01 8.02790e-01
 10    11 -6.59591e+02 6.52547e-01 7.79441e-01
 11    12 -7.02020e+02 6.22433e-01 7.56172e-01
 12    13 -7.45090e+02 5.92491e-01 7.32516e-01
 13    14 -7.80830e+02 5.62835e-01 7.08704e-01
 14    15 -8.11298e+02 5.33428e-01 6.84723e-01
 15    16 -8.40645e+02 5.04430e-01 6.60446e-01
 16    17 -8.73823e+02 4.75898e-01 6.36319e-01
 17    18 -9.12291e+02 4.47763e-01 6.12307e-01
 18    19 -9.39932e+02 4.20151e-01 5.88439e-01
 19    20 -9.49026e+02 3.93158e-01 5.64765e-01
 20    21 -9.70171e+02 3.66752e-01 5.41382e-01
 21    22 -9.82733e+02 3.41057e-01 5.18214e-01
 22    23 -1.00383e+03 3.16061e-01 4.95147e-01
 23    24 -1.00524e+03 2.91840e-01 4.72361e-01
 24    25 -1.02814e+03 2.68364e-01 4.49764e-01
 25    26 -1.04216e+03 2.45650e-01 4.27483e-01
 26    27 -1.06220e+03 2.23849e-01 4.06144e-01
 27    28 -1.07065e+03 2.02942e-01 3.85497e-01
 28    29 -1.08385e+03 1.82994e-01 3.65864e-01
 29    30 -1.08381e+03 1.64083e-01 3.47251e-01
 30    31 -1.10245e+03 1.46325e-01 3.29949e-01
 31    32 -1.10077e+03 1.29822e-01 3.14132e-01
 32    33 -1.08880e+03 1.14532e-01 2.99743e-01
 33    34 -1.12972e+03 1.00624e-01 2.86794e-01
 34    35 -1.09734e+03 8.82304e-02 2.75494e-01
 35    36 -1.10720e+03 7.75108e-02 2.65898e-01
 36    37 -1.11441e+03 6.86635e-02 2.57957e-01
 37    38 -1.12031e+03 6.17509e-02 2.51357e-01
 38    39 -1.11185e+03 5.68612e-02 2.46164e-01
 39    40 -1.11410e+03 5.39106e-02 2.42164e-01
 40    41 -1.11347e+03 5.26320e-02 2.39069e-01
 41    42 -1.11924e+03 5.26440e-02 2.36736e-01
 42    43 -1.11939e+03 5.36008e-02 2.35134e-01
 43    44 -1.12792e+03 5.50650e-02 2.33845e-01
 44    45 -1.13209e+03 5.68051e-02 2.32982e-01
 45    46 -1.12653e+03 5.85211e-02 2.32130e-01
 46    47 -1.11200e+03 6.00854e-02 2.31265e-01
 47    48 -1.12913e+03 6.13875e-02 2.30197e-01
 48    49 -1.12144e+03 6.23754e-02 2.28878e-01
 49    50 -1.12551e+03 6.31137e-02 2.27643e-01
 50    51 -1.10937e+03 6.35475e-02 2.26335e-01
 51    53 -1.12739e+03 6.38706e-02 2.24123e-01
 52    54 -1.11890e+03 6.37345e-02 2.23080e-01
 53    55 -1.14985e+03 6.34071e-02 2.21989e-01
 54    56 -1.11910e+03 6.29493e-02 2.20980e-01
 55    58 -1.14036e+03 6.15831e-02 2.18940e-01
 56    59 -1.14819e+03 6.06340e-02 2.17783e-01
 57    60 -1.11684e+03 5.96059e-02 2.16650e-01
 58    62 -1.12654e+03 5.73719e-02 2.14448e-01
 59    63 -1.12333e+03 5.62628e-02 2.13502e-01
 60    65 -1.14229e+03 5.42108e-02 2.12049e-01
 61    66 -1.10841e+03 5.32588e-02 2.11472e-01
 62    68 -1.13225e+03 5.13080e-02 2.10224e-01
 63    69 -1.13416e+03 5.03428e-02 2.09598e-01
 64    71 -1.11741e+03 4.82795e-02 2.08029e-01
 65    73 -1.12485e+03 4.63098e-02 2.06472e-01
 66    74 -1.11933e+03 4.53819e-02 2.05762e-01
 67    76 -1.11844e+03 4.34809e-02 2.04153e-01
 68    78 -1.11877e+03 4.15214e-02 2.02223e-01
 69    80 -1.14505e+03 3.96452e-02 2.00268e-01
 70    82 -1.11276e+03 3.80310e-02 1.98618e-01
 71    84 -1.15404e+03 3.67161e-02 1.97370e-01
 72    86 -1.11139e+03 3.55549e-02 1.96174e-01
 73    88 -1.13239e+03 3.45849e-02 1.95117e-01
 74    90 -1.13506e+03 3.38840e-02 1.94398e-01
 75    92 -1.12260e+03 3.34790e-02 1.94097e-01
 76    94 -1.12332e+03 3.33206e-02 1.94195e-01
 77    96 -1.13705e+03 3.33979e-02 1.94720e-01
 78    98 -1.11727e+03 3.35105e-02 1.95325e-01
 79   101 -1.13852e+03 3.37335e-02 1.96094e-01
 80   103 -1.12573e+03 3.38361e-02 1.96396e-01
 81   105 -1.13434e+03 3.37385e-02 1.96228e-01
 82   108 -1.12750e+03 3.33492e-02 1.95253e-01
 83   110 -1.14984e+03 3.31456e-02 1.94676e-01
 84   113 -1.11947e+03 3.30672e-02 1.94371e-01
 85   116 -1.12816e+03 3.32549e-02 1.94682e-01
 86   118 -1.15259e+03 3.34559e-02 1.95102e-01
 87   121 -1.13560e+03 3.39755e-02 1.96120e-01
 88   124 -1.13152e+03 3.42638e-02 1.96626e-01
 89   127 -1.14952e+03 3.40627e-02 1.95995e-01
 90   130 -1.12177e+03 3.36223e-02 1.94901e-01
 91   133 -1.12363e+03 3.30772e-02 1.93709e-01
 92   136 -1.11652e+03 3.29015e-02 1.93387e-01
 93   139 -1.11925e+03 3.30200e-02 1.93813e-01
 94   143 -1.11423e+03 3.31070e-02 1.94263e-01
 95   146 -1.12759e+03 3.30944e-02 1.94539e-01
 96   149 -1.12012e+03 3.28783e-02 1.94331e-01
 97   153 -1.13386e+03 3.27750e-02 1.94188e-01
 98   156 -1.12030e+03 3.28949e-02 1.94242e-01
 99   160 -1.12697e+03 3.33638e-02 1.94929e-01
100   164 -1.11471e+03 3.37932e-02 1.95784e-01
101   168 -1.12876e+03 3.37729e-02 1.95767e-01
102   172 -1.10656e+03 3.31107e-02 1.94244e-01
103   176 -1.12718e+03 3.25461e-02 1.92996e-01
104   180 -1.13180e+03 3.27026e-02 1.93472e-01
105   184 -1.11564e+03 3.33976e-02 1.95322e-01
106   188 -1.12898e+03 3.35255e-02 1.95837e-01
107   193 -1.13252e+03 3.41588e-02 1.96712e-01
108   197 -1.14166e+03 3.45423e-02 1.96786e-01
109   202 -1.11905e+03 3.41789e-02 1.95150e-01
110   206 -1.13434e+03 3.37590e-02 1.94192e-01
111   211 -1.13391e+03 3.38138e-02 1.94829e-01
112   216 -1.10077e+03 3.30693e-02 1.93899e-01
113   221 -1.11246e+03 3.29386e-02 1.94323e-01
114   226 -1.12059e+03 3.41150e-02 1.96807e-01
115   232 -1.12769e+03 3.47465e-02 1.97121e-01
116   237 -1.12721e+03 3.39517e-02 1.94852e-01
117   243 -1.11428e+03 3.41302e-02 1.95791e-01
118   248 -1.15548e+03 3.43393e-02 1.96434e-01
119   254 -1.12954e+03 3.36969e-02 1.95061e-01
120   260 -1.11470e+03 3.37620e-02 1.95564e-01
121   266 -1.12149e+03 3.34088e-02 1.94695e-01
122   272 -1.12530e+03 3.35224e-02 1.94204e-01
123   279 -1.14151e+03 3.41628e-02 1.96386e-01
124   285 -1.13573e+03 3.40523e-02 1.96503e-01
125   292 -1.10858e+03 3.34616e-02 1.94572e-01
126   299 -1.12247e+03 3.39924e-02 1.96007e-01
127   306 -1.12984e+03 3.38217e-02 1.95078e-01
128   313 -1.13487e+03 3.54724e-02 1.97363e-01
129   320 -1.13217e+03 3.42918e-02 1.95265e-01
130   328 -1.13945e+03 3.26784e-02 1.94012e-01
131   335 -1.13690e+03 3.21591e-02 1.93075e-01
132   343 -1.11216e+03 3.27615e-02 1.94047e-01
133   351 -1.12440e+03 3.33794e-02 1.94303e-01
134   360 -1.12827e+03 3.40146e-02 1.95088e-01
135   368 -1.13615e+03 3.56943e-02 1.98118e-01
136   377 -1.10563e+03 3.45007e-02 1.96635e-01
137   385 -1.11158e+03 3.31321e-02 1.94549e-01
138   394 -1.14857e+03 3.48210e-02 1.98335e-01
139   404 -1.12752e+03 3.36949e-02 1.93537e-01
140   413 -1.12149e+03 3.35883e-02 1.95619e-01
141   423 -1.12731e+03 3.28761e-02 1.94405e-01
142   433 -1.11603e+03 3.40658e-02 1.95190e-01
143   443 -1.12817e+03 3.51788e-02 1.97008e-01
144   453 -1.12599e+03 3.41530e-02 1.95429e-01
145   464 -1.10475e+03 3.22544e-02 1.93350e-01
146   474 -1.13433e+03 3.44543e-02 1.96872e-01
147   486 -1.12401e+03 3.49845e-02 1.97233e-01
148   497 -1.12774e+03 3.38335e-02 1.95776e-01
149   509 -1.14972e+03 3.37377e-02 1.94726e-01
150   520 -1.12812e+03 3.44147e-02 1.96642e-01
151   533 -1.14794e+03 3.43250e-02 1.96335e-01
152   545 -1.12033e+03 3.34078e-02 1.94554e-01
153   558 -1.13597e+03 3.39372e-02 1.96216e-01
154   571 -1.10964e+03 3.28721e-02 1.93783e-01
155   584 -1.15095e+03 3.40671e-02 1.96143e-01
156   598 -1.12045e+03 3.33680e-02 1.94448e-01
157   612 -1.14086e+03 3.39454e-02 1.94774e-01
158   626 -1.13539e+03 3.45091e-02 1.96469e-01
159   641 -1.11487e+03 3.36830e-02 1.95113e-01
160   656 -1.14492e+03 3.17151e-02 1.92498e-01
161   671 -1.11291e+03 3.37678e-02 1.94802e-01
162   687 -1.13529e+03 3.39405e-02 1.95294e-01
163   703 -1.14370e+03 3.38297e-02 1.95245e-01
164   719 -1.15542e+03 3.36247e-02 1.94824e-01
165   736 -1.13715e+03 3.36794e-02 1.95382e-01
166   753 -1.10290e+03 3.34876e-02 1.94702e-01
167   771 -1.12718e+03 3.40979e-02 1.95571e-01
168   789 -1.12728e+03 3.38955e-02 1.95379e-01
169   807 -1.13700e+03 3.36599e-02 1.94900e-01
170   826 -1.12295e+03 3.33870e-02 1.94001e-01
171   845 -1.12619e+03 3.36890e-02 1.95316e-01
172   865 -1.12743e+03 3.35730e-02 1.95497e-01
173   885 -1.13297e+03 3.35795e-02 1.94399e-01
174   906 -1.12337e+03 3.33908e-02 1.94284e-01
175   927 -1.14125e+03 3.33671e-02 1.94791e-01
176   949 -1.12037e+03 3.38133e-02 1.95465e-01
177   971 -1.12706e+03 3.42064e-02 1.96225e-01
178   994 -1.13186e+03 3.39060e-02 1.95426e-01
179  1017 -1.14811e+03 3.33580e-02 1.94415e-01
180  1041 -1.12825e+03 3.47332e-02 1.96557e-01
181  1065 -1.13412e+03 3.44181e-02 1.96308e-01
182  1090 -1.13141e+03 3.35100e-02 1.95156e-01
183  1115 -1.12430e+03 3.33192e-02 1.94668e-01
184  1141 -1.11534e+03 3.38958e-02 1.95640e-01
185  1168 -1.12508e+03 3.35785e-02 1.94887e-01
186  1195 -1.11674e+03 3.39116e-02 1.95779e-01
187  1223 -1.10560e+03 3.35325e-02 1.94706e-01
188  1252 -1.14365e+03 3.33722e-02 1.94745e-01
189  1281 -1.12343e+03 3.38478e-02 1.95453e-01
190  1311 -1.11655e+03 3.40054e-02 1.95467e-01
191  1342 -1.12998e+03 3.43222e-02 1.96173e-01
192  1373 -1.11613e+03 3.37627e-02 1.95127e-01
193  1405 -1.10508e+03 3.36036e-02 1.94936e-01
194  1438 -1.13535e+03 3.36463e-02 1.95172e-01
195  1472 -1.12297e+03 3.31818e-02 1.94272e-01
196  1506 -1.12310e+03 3.35104e-02 1.94933e-01
197  1541 -1.11776e+03 3.36057e-02 1.95032e-01
198  1577 -1.13079e+03 3.35228e-02 1.94880e-01
199  1614 -1.13829e+03 3.34439e-02 1.94774e-01
200  1652 -1.12973e+03 3.35136e-02 1.94874e-01
201  1690 -1.12050e+03 3.35897e-02 1.94980e-01
202  1730 -1.11662e+03 3.37494e-02 1.95378e-01
203  1770 -1.13556e+03 3.36621e-02 1.95210e-01
204  1811 -1.12259e+03 3.37243e-02 1.95337e-01
205  1854 -1.14501e+03 3.35959e-02 1.95032e-01
206  1897 -1.12970e+03 3.35765e-02 1.95050e-01
207  1941 -1.12121e+03 3.35061e-02 1.94891e-01
208  1987 -1.14639e+03 3.34545e-02 1.94761e-01
209  2033 -1.12957e+03 3.34176e-02 1.94677e-01
210  2081 -1.11850e+03 3.33889e-02 1.94634e-01
211  2129 -1.11868e+03 3.34110e-02 1.94666e-01
212  2179 -1.10598e+03 3.34584e-02 1.94749e-01
213  2230 -1.13966e+03 3.34800e-02 1.94770e-01
214  2282 -1.13614e+03 3.35262e-02 1.94884e-01
215  2335 -1.13902e+03 3.35735e-02 1.94980e-01
216  2390 -1.13737e+03 3.35796e-02 1.94987e-01
217  2446 -1.12835e+03 3.35865e-02 1.94990e-01
218  2503 -1.13317e+03 3.36027e-02 1.95022e-01
219  2561 -1.12007e+03 3.35905e-02 1.94986e-01
220  2621 -1.12932e+03 3.35992e-02 1.95007e-01
221  2682 -1.12904e+03 3.35998e-02 1.95012e-01
222  2745 -1.13009e+03 3.35844e-02 1.94982e-01
223  2809 -1.11242e+03 3.35778e-02 1.94967e-01
224  2875 -1.11847e+03 3.35824e-02 1.94970e-01
225  2942 -1.13486e+03 3.35892e-02 1.94985e-01
226  3010 -1.14175e+03 3.35941e-02 1.94998e-01
227  3081 -1.12610e+03 3.35964e-02 1.95001e-01
228  3153 -1.11358e+03 3.35956e-02 1.95003e-01
229  3226 -1.13367e+03 3.35996e-02 1.95010e-01
230  3302 -1.13866e+03 3.35971e-02 1.95004e-01
231  3379 -1.13696e+03 3.35987e-02 1.95007e-01
232  3458 -1.12640e+03 3.35998e-02 1.95009e-01
233  3538 -1.12808e+03 3.35989e-02 1.95007e-01
234  3621 -1.13617e+03 3.36001e-02 1.95009e-01
235  3706 -1.13780e+03 3.35982e-02 1.95005e-01
236  3792 -1.13049e+03 3.35969e-02 1.95003e-01
237  3881 -1.14695e+03 3.35966e-02 1.95003e-01
238  3971 -1.10549e+03 3.35961e-02 1.95002e-01
239  4064 -1.12917e+03 3.35977e-02 1.95005e-01
240  4159 -1.13490e+03 3.35981e-02 1.95006e-01
241  4256 -1.13802e+03 3.35988e-02 1.95008e-01
242  4356 -1.11893e+03 3.35992e-02 1.95008e-01
243  4457 -1.13592e+03 3.36012e-02 1.95013e-01
244  4561 -1.12939e+03 3.36023e-02 1.95015e-01
245  4668 -1.13162e+03 3.36023e-02 1.95015e-01
246  4777 -1.13373e+03 3.36002e-02 1.95011e-01
247  4889 -1.13152e+03 3.35998e-02 1.95010e-01
248  5003 -1.12408e+03 3.35998e-02 1.95010e-01
249  5120 -1.12155e+03 3.35994e-02 1.95009e-01
250  5239 -1.11083e+03 3.36004e-02 1.95010e-01
251  5361 -1.13844e+03 3.36014e-02 1.95013e-01
252  5487 -1.12359e+03 3.36007e-02 1.95011e-01
253  5615 -1.11748e+03 3.36011e-02 1.95013e-01
254  5746 -1.13027e+03 3.36018e-02 1.95014e-01
255  5880 -1.11511e+03 3.35991e-02 1.95008e-01
256  6017 -1.14498e+03 3.36003e-02 1.95010e-01
257  6158 -1.13694e+03 3.35964e-02 1.95002e-01
258  6302 -1.12004e+03 3.35947e-02 1.95000e-01
259  6449 -1.12127e+03 3.35964e-02 1.95004e-01
260  6600 -1.13242e+03 3.35966e-02 1.95004e-01
261  6754 -1.12842e+03 3.35981e-02 1.95008e-01
262  6911 -1.12753e+03 3.35943e-02 1.95000e-01
263  7073 -1.13700e+03 3.35929e-02 1.94998e-01
264  7238 -1.14244e+03 3.35951e-02 1.95002e-01
265  7407 -1.12767e+03 3.35953e-02 1.95004e-01
266  7580 -1.11088e+03 3.35952e-02 1.95003e-01
267  7757 -1.12561e+03 3.35967e-02 1.95007e-01
268  7938 -1.13309e+03 3.35976e-02 1.95010e-01
269  8124 -1.12752e+03 3.36009e-02 1.95017e-01
270  8313 -1.11407e+03 3.35974e-02 1.95010e-01
271  8507 -1.12805e+03 3.35973e-02 1.95011e-01
272  8706 -1.13227e+03 3.35989e-02 1.95015e-01
273  8909 -1.12265e+03 3.36019e-02 1.95023e-01
274  9118 -1.11478e+03 3.35977e-02 1.95013e-01
275  9330 -1.12211e+03 3.35995e-02 1.95017e-01
276  9548 -1.13013e+03 3.36025e-02 1.95023e-01
277  9771 -1.13265e+03 3.36061e-02 1.95029e-01
278 10000 -1.14059e+03 3.36097e-02 1.95037e-01
