i, epoch, loss, l2_err, h1_err
  0     1 -7.66532e+01 9.29370e-01 9.47001e-01
  1     2 -1.37563e+02 8.94691e-01 9.14540e-01
  2     3 -2.03200e+02 8.60167e-01 8.82346e-01
  3     4 -2.76414e+02 8.25838e-01 8.50496e-01
  4     5 -3.29310e+02 7.91768e-01 8.19025e-01
  5     6 -4.01098e+02 7.57872e-01 7.87901e-01
  6     7 -4.47727e+02 7.24311e-01 7.57287e-01
  7     8 -4.98650e+02 6.91079e-01 7.27117e-01
  8     9 -5.62693e+02 6.58154e-01 6.97451e-01
  9    10 -6.09153e+02 6.25664e-01 6.68441e-01
 10    11 -6.47172e+02 5.93599e-01 6.40097e-01
 11    12 -6.94980e+02 5.62065e-01 6.12471e-01
 12    13 -7.41402e+02 5.31113e-01 5.85600e-01
 13    14 -7.68730e+02 5.00774e-01 5.59497e-01
 14    15 -8.06898e+02 4.71079e-01 5.34289e-01
 15    16 -8.22729e+02 4.42132e-01 5.09980e-01
 16    17 -8.62760e+02 4.13995e-01 4.86659e-01
 17    18 -8.93603e+02 3.86516e-01 4.64285e-01
 18    19 -9.33915e+02 3.59879e-01 4.43008e-01
 19    20 -9.43654e+02 3.34179e-01 4.22822e-01
 20    21 -9.61134e+02 3.09352e-01 4.03812e-01
 21    22 -9.68330e+02 2.85506e-01 3.86023e-01
 22    23 -9.97085e+02 2.62656e-01 3.69495e-01
 23    24 -1.01764e+03 2.40831e-01 3.54145e-01
 24    25 -1.02519e+03 2.20151e-01 3.40057e-01
 25    26 -1.04215e+03 2.00646e-01 3.27208e-01
 26    27 -1.05869e+03 1.82371e-01 3.15656e-01
 27    28 -1.06672e+03 1.65417e-01 3.05416e-01
 28    29 -1.08426e+03 1.49842e-01 2.96335e-01
 29    30 -1.09521e+03 1.35686e-01 2.88428e-01
 30    31 -1.08097e+03 1.23073e-01 2.81638e-01
 31    32 -1.08719e+03 1.12077e-01 2.75846e-01
 32    33 -1.11478e+03 1.02756e-01 2.71070e-01
 33    34 -1.09802e+03 9.52050e-02 2.67271e-01
 34    35 -1.11578e+03 8.94026e-02 2.64330e-01
 35    36 -1.10373e+03 8.53080e-02 2.62197e-01
 36    37 -1.11290e+03 8.27870e-02 2.60749e-01
 37    38 -1.11500e+03 8.15795e-02 2.59808e-01
 38    39 -1.11092e+03 8.14578e-02 2.59344e-01
 39    40 -1.11318e+03 8.21747e-02 2.59289e-01
 40    41 -1.13582e+03 8.34831e-02 2.59556e-01
 41    42 -1.11975e+03 8.51754e-02 2.60106e-01
 42    43 -1.11073e+03 8.70519e-02 2.60850e-01
 43    44 -1.12754e+03 8.89532e-02 2.61699e-01
 44    45 -1.12318e+03 9.07436e-02 2.62580e-01
 45    46 -1.12069e+03 9.24265e-02 2.63538e-01
 46    47 -1.13267e+03 9.39386e-02 2.64497e-01
 47    48 -1.14299e+03 9.52572e-02 2.65418e-01
 48    49 -1.11960e+03 9.63376e-02 2.66288e-01
 49    50 -1.11308e+03 9.71653e-02 2.67052e-01
 50    51 -1.13323e+03 9.77128e-02 2.67694e-01
 51    53 -1.12011e+03 9.80655e-02 2.68593e-01
 52    54 -1.12522e+03 9.79305e-02 2.68851e-01
 53    55 -1.13970e+03 9.76182e-02 2.68944e-01
 54    56 -1.14237e+03 9.71136e-02 2.68885e-01
 55    58 -1.11036e+03 9.55340e-02 2.68312e-01
 56    59 -1.12034e+03 9.44945e-02 2.67838e-01
 57    60 -1.13449e+03 9.33230e-02 2.67212e-01
 58    62 -1.10222e+03 9.06934e-02 2.65687e-01
 59    63 -1.12910e+03 8.92077e-02 2.64744e-01
 60    65 -1.12285e+03 8.60749e-02 2.62711e-01
 61    66 -1.10494e+03 8.44390e-02 2.61643e-01
 62    68 -1.10883e+03 8.11803e-02 2.59427e-01
 63    69 -1.11485e+03 7.95419e-02 2.58310e-01
 64    71 -1.12936e+03 7.63399e-02 2.56156e-01
 65    73 -1.13007e+03 7.32643e-02 2.54076e-01
 66    74 -1.11240e+03 7.17999e-02 2.53090e-01
 67    76 -1.12265e+03 6.89237e-02 2.51136e-01
 68    78 -1.11769e+03 6.62224e-02 2.49367e-01
 69    80 -1.13258e+03 6.37994e-02 2.47738e-01
 70    82 -1.14603e+03 6.16235e-02 2.46268e-01
 71    84 -1.12815e+03 5.97578e-02 2.44930e-01
 72    86 -1.12448e+03 5.81769e-02 2.43756e-01
 73    88 -1.12126e+03 5.68425e-02 2.42784e-01
 74    90 -1.12545e+03 5.57607e-02 2.42058e-01
 75    92 -1.14472e+03 5.49351e-02 2.41486e-01
 76    94 -1.13522e+03 5.43844e-02 2.41080e-01
 77    96 -1.11004e+03 5.40407e-02 2.40839e-01
 78    98 -1.14182e+03 5.38660e-02 2.40742e-01
 79   101 -1.13851e+03 5.37975e-02 2.40777e-01
 80   103 -1.12941e+03 5.38068e-02 2.40869e-01
 81   105 -1.12460e+03 5.39127e-02 2.41006e-01
 82   108 -1.11611e+03 5.41988e-02 2.41285e-01
 83   110 -1.11570e+03 5.43988e-02 2.41458e-01
 84   113 -1.12135e+03 5.46340e-02 2.41603e-01
 85   116 -1.13062e+03 5.49369e-02 2.41779e-01
 86   118 -1.12013e+03 5.52034e-02 2.41888e-01
 87   121 -1.12925e+03 5.56171e-02 2.42021e-01
 88   124 -1.14736e+03 5.59865e-02 2.42074e-01
 89   127 -1.12949e+03 5.63087e-02 2.42054e-01
 90   130 -1.11787e+03 5.65996e-02 2.42065e-01
 91   133 -1.11698e+03 5.67408e-02 2.42070e-01
 92   136 -1.14720e+03 5.67854e-02 2.42050e-01
 93   139 -1.13593e+03 5.68259e-02 2.42146e-01
 94   143 -1.13789e+03 5.68929e-02 2.42166e-01
 95   146 -1.13654e+03 5.70383e-02 2.42133e-01
 96   149 -1.14186e+03 5.71985e-02 2.42102e-01
 97   153 -1.11939e+03 5.72850e-02 2.41932e-01
 98   156 -1.12750e+03 5.72312e-02 2.41891e-01
 99   160 -1.11540e+03 5.69721e-02 2.41830e-01
100   164 -1.14638e+03 5.64925e-02 2.41898e-01
101   168 -1.11060e+03 5.61400e-02 2.41923e-01
102   172 -1.11542e+03 5.60959e-02 2.41954e-01
103   176 -1.12907e+03 5.61648e-02 2.41991e-01
104   180 -1.11441e+03 5.62776e-02 2.42019e-01
105   184 -1.14248e+03 5.61136e-02 2.41892e-01
106   188 -1.12382e+03 5.58914e-02 2.41821e-01
107   193 -1.12864e+03 5.58580e-02 2.41736e-01
108   197 -1.14357e+03 5.60064e-02 2.41708e-01
109   202 -1.12029e+03 5.62296e-02 2.41811e-01
110   206 -1.13170e+03 5.63329e-02 2.41887e-01
111   211 -1.13147e+03 5.60868e-02 2.41713e-01
112   216 -1.12485e+03 5.58066e-02 2.41612e-01
113   221 -1.10397e+03 5.58688e-02 2.41579e-01
114   226 -1.11546e+03 5.64038e-02 2.41723e-01
115   232 -1.11715e+03 5.71869e-02 2.41934e-01
116   237 -1.12193e+03 5.75012e-02 2.41984e-01
117   243 -1.11166e+03 5.72621e-02 2.41851e-01
118   248 -1.14432e+03 5.69928e-02 2.41655e-01
119   254 -1.11460e+03 5.61442e-02 2.41531e-01
120   260 -1.14000e+03 5.55545e-02 2.41670e-01
121   266 -1.12969e+03 5.56719e-02 2.41816e-01
122   272 -1.14453e+03 5.62275e-02 2.41859e-01
123   279 -1.12028e+03 5.67791e-02 2.41854e-01
124   285 -1.13919e+03 5.70128e-02 2.41847e-01
125   292 -1.13582e+03 5.65891e-02 2.41633e-01
126   299 -1.12771e+03 5.58396e-02 2.41522e-01
127   306 -1.13682e+03 5.57886e-02 2.41333e-01
128   313 -1.13111e+03 5.59670e-02 2.41598e-01
129   320 -1.12761e+03 5.62957e-02 2.41764e-01
130   328 -1.12446e+03 5.69937e-02 2.41738e-01
131   335 -1.12438e+03 5.71338e-02 2.41518e-01
132   343 -1.12154e+03 5.70929e-02 2.41905e-01
133   351 -1.12326e+03 5.64340e-02 2.41684e-01
134   360 -1.13720e+03 5.60727e-02 2.41057e-01
135   368 -1.13945e+03 5.61111e-02 2.41179e-01
136   377 -1.12548e+03 5.61759e-02 2.41457e-01
137   385 -1.13554e+03 5.62296e-02 2.41451e-01
138   394 -1.10494e+03 5.61885e-02 2.41414e-01
139   404 -1.13631e+03 5.64525e-02 2.41472e-01
140   413 -1.12568e+03 5.66254e-02 2.41868e-01
141   423 -1.12660e+03 5.62291e-02 2.41959e-01
142   433 -1.11910e+03 5.62550e-02 2.41441e-01
143   443 -1.12447e+03 5.65302e-02 2.41353e-01
144   453 -1.13694e+03 5.69799e-02 2.41296e-01
145   464 -1.12021e+03 5.68873e-02 2.41640e-01
146   474 -1.12220e+03 5.64096e-02 2.41784e-01
147   486 -1.14667e+03 5.62624e-02 2.41503e-01
148   497 -1.14539e+03 5.68500e-02 2.41482e-01
149   509 -1.12774e+03 5.73422e-02 2.41836e-01
150   520 -1.14840e+03 5.67736e-02 2.41736e-01
151   533 -1.12216e+03 5.61935e-02 2.41229e-01
152   545 -1.12793e+03 5.62139e-02 2.40807e-01
153   558 -1.13484e+03 5.62159e-02 2.41128e-01
154   571 -1.13256e+03 5.67024e-02 2.41612e-01
155   584 -1.12848e+03 5.63120e-02 2.41646e-01
156   598 -1.13880e+03 5.58631e-02 2.41715e-01
157   612 -1.12222e+03 5.58355e-02 2.41624e-01
158   626 -1.12465e+03 5.56965e-02 2.42030e-01
159   641 -1.13672e+03 5.61160e-02 2.41717e-01
160   656 -1.13784e+03 5.64533e-02 2.41351e-01
161   671 -1.14988e+03 5.66609e-02 2.41596e-01
162   687 -1.15153e+03 5.61811e-02 2.41757e-01
163   703 -1.11985e+03 5.66026e-02 2.42233e-01
164   719 -1.12855e+03 5.65775e-02 2.42096e-01
165   736 -1.10839e+03 5.62690e-02 2.41704e-01
166   753 -1.12665e+03 5.62934e-02 2.41477e-01
167   771 -1.12721e+03 5.61692e-02 2.41445e-01
168   789 -1.13727e+03 5.60142e-02 2.41493e-01
169   807 -1.12374e+03 5.60192e-02 2.41458e-01
170   826 -1.13032e+03 5.63611e-02 2.41498e-01
171   845 -1.13796e+03 5.64587e-02 2.41924e-01
172   865 -1.11304e+03 5.62594e-02 2.42246e-01
173   885 -1.11736e+03 5.60154e-02 2.41618e-01
174   906 -1.13420e+03 5.60169e-02 2.41334e-01
175   927 -1.11777e+03 5.65101e-02 2.41590e-01
176   949 -1.13207e+03 5.64918e-02 2.41842e-01
177   971 -1.13783e+03 5.61571e-02 2.41840e-01
178   994 -1.12475e+03 5.62185e-02 2.41876e-01
179  1017 -1.13058e+03 5.62563e-02 2.41784e-01
180  1041 -1.13260e+03 5.64356e-02 2.41896e-01
181  1065 -1.12411e+03 5.65158e-02 2.41991e-01
182  1090 -1.10727e+03 5.65578e-02 2.41962e-01
183  1115 -1.13786e+03 5.65245e-02 2.41694e-01
184  1141 -1.12700e+03 5.62939e-02 2.41782e-01
185  1168 -1.12242e+03 5.62282e-02 2.41846e-01
186  1195 -1.12497e+03 5.61870e-02 2.41787e-01
187  1223 -1.11878e+03 5.61662e-02 2.41804e-01
188  1252 -1.11904e+03 5.60024e-02 2.41818e-01
189  1281 -1.13042e+03 5.60054e-02 2.41630e-01
190  1311 -1.13509e+03 5.61611e-02 2.41695e-01
191  1342 -1.12059e+03 5.63452e-02 2.41737e-01
192  1373 -1.13266e+03 5.61764e-02 2.41686e-01
193  1405 -1.12863e+03 5.61632e-02 2.41850e-01
194  1438 -1.13059e+03 5.61441e-02 2.41835e-01
195  1472 -1.13765e+03 5.61528e-02 2.41776e-01
196  1506 -1.11723e+03 5.61230e-02 2.41789e-01
197  1541 -1.11363e+03 5.61623e-02 2.41767e-01
198  1577 -1.13930e+03 5.62169e-02 2.41720e-01
199  1614 -1.11872e+03 5.61549e-02 2.41575e-01
200  1652 -1.11861e+03 5.61020e-02 2.41603e-01
201  1690 -1.12277e+03 5.60506e-02 2.41577e-01
202  1730 -1.13649e+03 5.61326e-02 2.41537e-01
203  1770 -1.13222e+03 5.61586e-02 2.41571e-01
204  1811 -1.13709e+03 5.61521e-02 2.41582e-01
205  1854 -1.13419e+03 5.61973e-02 2.41572e-01
206  1897 -1.11815e+03 5.62701e-02 2.41585e-01
207  1941 -1.11651e+03 5.62328e-02 2.41560e-01
208  1987 -1.13238e+03 5.62749e-02 2.41592e-01
209  2033 -1.12475e+03 5.62679e-02 2.41632e-01
210  2081 -1.12467e+03 5.62624e-02 2.41657e-01
211  2129 -1.14587e+03 5.62732e-02 2.41655e-01
212  2179 -1.12256e+03 5.62485e-02 2.41643e-01
213  2230 -1.13866e+03 5.62709e-02 2.41631e-01
214  2282 -1.11719e+03 5.62984e-02 2.41632e-01
215  2335 -1.11266e+03 5.63302e-02 2.41636e-01
216  2390 -1.11447e+03 5.63330e-02 2.41615e-01
217  2446 -1.12623e+03 5.63299e-02 2.41616e-01
218  2503 -1.13532e+03 5.63286e-02 2.41604e-01
219  2561 -1.12295e+03 5.63268e-02 2.41608e-01
220  2621 -1.14110e+03 5.63317e-02 2.41608e-01
221  2682 -1.13760e+03 5.63383e-02 2.41617e-01
222  2745 -1.13048e+03 5.63423e-02 2.41627e-01
223  2809 -1.12831e+03 5.63336e-02 2.41626e-01
224  2875 -1.12239e+03 5.63286e-02 2.41622e-01
225  2942 -1.11829e+03 5.63265e-02 2.41621e-01
226  3010 -1.12185e+03 5.63261e-02 2.41620e-01
227  3081 -1.12272e+03 5.63264e-02 2.41623e-01
228  3153 -1.12483e+03 5.63258e-02 2.41624e-01
229  3226 -1.12949e+03 5.63239e-02 2.41625e-01
230  3302 -1.12814e+03 5.63223e-02 2.41626e-01
231  3379 -1.13072e+03 5.63220e-02 2.41629e-01
232  3458 -1.13948e+03 5.63216e-02 2.41628e-01
233  3538 -1.12907e+03 5.63228e-02 2.41628e-01
234  3621 -1.13229e+03 5.63231e-02 2.41629e-01
235  3706 -1.13485e+03 5.63225e-02 2.41629e-01
236  3792 -1.12998e+03 5.63240e-02 2.41629e-01
237  3881 -1.12926e+03 5.63242e-02 2.41629e-01
238  3971 -1.13593e+03 5.63243e-02 2.41628e-01
239  4064 -1.11515e+03 5.63246e-02 2.41630e-01
240  4159 -1.11652e+03 5.63236e-02 2.41629e-01
241  4256 -1.12872e+03 5.63237e-02 2.41629e-01
242  4356 -1.11459e+03 5.63230e-02 2.41630e-01
243  4457 -1.13444e+03 5.63226e-02 2.41631e-01
244  4561 -1.14471e+03 5.63230e-02 2.41632e-01
245  4668 -1.10994e+03 5.63231e-02 2.41633e-01
246  4777 -1.11345e+03 5.63227e-02 2.41634e-01
247  4889 -1.14575e+03 5.63224e-02 2.41633e-01
248  5003 -1.13046e+03 5.63239e-02 2.41635e-01
249  5120 -1.11358e+03 5.63231e-02 2.41634e-01
250  5239 -1.10455e+03 5.63232e-02 2.41636e-01
251  5361 -1.14022e+03 5.63246e-02 2.41638e-01
252  5487 -1.10343e+03 5.63231e-02 2.41639e-01
253  5615 -1.12839e+03 5.63230e-02 2.41640e-01
254  5746 -1.13675e+03 5.63231e-02 2.41639e-01
255  5880 -1.14089e+03 5.63232e-02 2.41641e-01
256  6017 -1.13944e+03 5.63238e-02 2.41643e-01
257  6158 -1.13703e+03 5.63232e-02 2.41642e-01
258  6302 -1.14575e+03 5.63239e-02 2.41642e-01
259  6449 -1.11577e+03 5.63244e-02 2.41644e-01
260  6600 -1.13332e+03 5.63238e-02 2.41647e-01
261  6754 -1.13326e+03 5.63243e-02 2.41647e-01
262  6911 -1.12389e+03 5.63231e-02 2.41647e-01
263  7073 -1.15110e+03 5.63219e-02 2.41647e-01
264  7238 -1.11813e+03 5.63205e-02 2.41649e-01
265  7407 -1.13429e+03 5.63204e-02 2.41652e-01
266  7580 -1.11725e+03 5.63213e-02 2.41652e-01
267  7757 -1.13398e+03 5.63219e-02 2.41654e-01
268  7938 -1.14191e+03 5.63210e-02 2.41657e-01
269  8124 -1.10935e+03 5.63214e-02 2.41661e-01
270  8313 -1.12435e+03 5.63220e-02 2.41665e-01
271  8507 -1.14809e+03 5.63209e-02 2.41665e-01
272  8706 -1.13237e+03 5.63218e-02 2.41668e-01
273  8909 -1.12390e+03 5.63197e-02 2.41665e-01
274  9118 -1.12101e+03 5.63170e-02 2.41663e-01
275  9330 -1.11821e+03 5.63158e-02 2.41661e-01
276  9548 -1.14358e+03 5.63143e-02 2.41658e-01
277  9771 -1.13195e+03 5.63130e-02 2.41655e-01
278 10000 -1.12210e+03 5.63121e-02 2.41658e-01
