i, epoch, loss, l2_err, h1_err
  0     1 -6.33449e+01 9.97192e-01 1.34195e+00
  1     2 -1.26988e+02 9.93303e-01 1.42340e+00
  2     3 -1.91658e+02 9.89899e-01 1.51882e+00
  3     4 -2.70624e+02 9.86468e-01 1.61748e+00
  4     5 -3.23239e+02 9.82723e-01 1.70724e+00
  5     6 -3.77126e+02 9.78497e-01 1.78403e+00
  6     7 -4.31931e+02 9.73712e-01 1.84800e+00
  7     8 -4.91745e+02 9.68220e-01 1.90008e+00
  8     9 -5.35288e+02 9.62074e-01 1.94306e+00
  9    10 -5.74552e+02 9.55261e-01 1.97737e+00
 10    11 -6.28392e+02 9.47609e-01 2.00492e+00
 11    12 -6.65971e+02 9.39233e-01 2.02639e+00
 12    13 -6.99805e+02 9.30272e-01 2.04095e+00
 13    14 -7.40191e+02 9.20729e-01 2.04938e+00
 14    15 -7.84876e+02 9.10592e-01 2.05153e+00
 15    16 -7.91200e+02 9.00001e-01 2.04867e+00
 16    17 -8.33425e+02 8.89020e-01 2.04180e+00
 17    18 -8.54697e+02 8.77842e-01 2.03122e+00
 18    19 -8.87968e+02 8.66261e-01 2.01657e+00
 19    20 -9.08003e+02 8.54350e-01 1.99827e+00
 20    21 -9.37706e+02 8.41984e-01 1.97675e+00
 21    22 -9.46398e+02 8.29225e-01 1.95270e+00
 22    23 -9.69608e+02 8.15957e-01 1.92654e+00
 23    24 -9.93062e+02 8.02152e-01 1.89864e+00
 24    25 -9.96614e+02 7.87805e-01 1.86923e+00
 25    26 -1.02353e+03 7.72877e-01 1.83852e+00
 26    27 -1.03227e+03 7.57380e-01 1.80600e+00
 27    28 -1.04197e+03 7.41339e-01 1.77245e+00
 28    29 -1.04772e+03 7.24745e-01 1.73784e+00
 29    30 -1.06391e+03 7.07602e-01 1.70239e+00
 30    31 -1.06511e+03 6.90090e-01 1.66629e+00
 31    32 -1.08043e+03 6.72254e-01 1.62976e+00
 32    33 -1.07587e+03 6.54062e-01 1.59244e+00
 33    34 -1.07986e+03 6.35673e-01 1.55478e+00
 34    35 -1.11250e+03 6.17140e-01 1.51704e+00
 35    36 -1.08912e+03 5.98501e-01 1.47900e+00
 36    37 -1.10132e+03 5.79735e-01 1.44090e+00
 37    38 -1.10065e+03 5.60865e-01 1.40268e+00
 38    39 -1.10926e+03 5.41912e-01 1.36445e+00
 39    40 -1.10723e+03 5.22983e-01 1.32639e+00
 40    41 -1.11460e+03 5.04102e-01 1.28839e+00
 41    42 -1.11894e+03 4.85249e-01 1.25027e+00
 42    43 -1.10325e+03 4.66522e-01 1.21239e+00
 43    44 -1.12809e+03 4.47950e-01 1.17480e+00
 44    45 -1.10671e+03 4.29543e-01 1.13739e+00
 45    46 -1.12367e+03 4.11449e-01 1.10034e+00
 46    47 -1.12114e+03 3.93608e-01 1.06353e+00
 47    48 -1.12529e+03 3.76045e-01 1.02724e+00
 48    49 -1.11550e+03 3.58794e-01 9.91518e-01
 49    50 -1.11228e+03 3.41849e-01 9.56442e-01
 50    51 -1.11734e+03 3.25371e-01 9.21901e-01
 51    53 -1.11877e+03 2.93767e-01 8.54389e-01
 52    54 -1.10453e+03 2.78654e-01 8.21673e-01
 53    55 -1.12628e+03 2.63938e-01 7.89599e-01
 54    56 -1.12852e+03 2.49679e-01 7.58246e-01
 55    58 -1.14256e+03 2.22575e-01 6.97799e-01
 56    59 -1.13326e+03 2.09771e-01 6.68865e-01
 57    60 -1.11808e+03 1.97501e-01 6.40758e-01
 58    62 -1.13768e+03 1.74612e-01 5.86311e-01
 59    63 -1.12576e+03 1.63971e-01 5.59987e-01
 60    65 -1.13195e+03 1.44169e-01 5.09361e-01
 61    66 -1.12964e+03 1.34980e-01 4.85035e-01
 62    68 -1.12161e+03 1.17991e-01 4.38416e-01
 63    69 -1.15156e+03 1.10147e-01 4.16188e-01
 64    71 -1.13299e+03 9.56659e-02 3.73723e-01
 65    73 -1.12740e+03 8.27109e-02 3.34470e-01
 66    74 -1.13142e+03 7.67891e-02 3.15760e-01
 67    76 -1.13173e+03 6.59508e-02 2.80737e-01
 68    78 -1.13069e+03 5.63936e-02 2.49248e-01
 69    80 -1.13690e+03 4.79856e-02 2.20774e-01
 70    82 -1.11822e+03 4.06303e-02 1.95734e-01
 71    84 -1.13474e+03 3.41706e-02 1.74279e-01
 72    86 -1.13705e+03 2.84579e-02 1.55583e-01
 73    88 -1.13028e+03 2.35261e-02 1.40081e-01
 74    90 -1.12888e+03 1.92872e-02 1.27902e-01
 75    92 -1.12079e+03 1.56161e-02 1.18310e-01
 76    94 -1.12539e+03 1.24057e-02 1.11966e-01
 77    96 -1.11824e+03 9.77996e-03 1.08374e-01
 78    98 -1.12173e+03 7.72838e-03 1.06292e-01
 79   101 -1.12889e+03 5.78165e-03 1.04370e-01
 80   103 -1.14520e+03 5.22086e-03 1.04483e-01
 81   105 -1.14151e+03 5.18589e-03 1.06297e-01
 82   108 -1.12994e+03 5.62458e-03 1.08486e-01
 83   110 -1.11444e+03 6.09903e-03 1.10482e-01
 84   113 -1.11751e+03 6.84327e-03 1.12144e-01
 85   116 -1.14367e+03 7.30385e-03 1.11939e-01
 86   118 -1.12207e+03 7.46450e-03 1.11618e-01
 87   121 -1.12703e+03 7.53956e-03 1.10353e-01
 88   124 -1.13771e+03 7.23491e-03 1.07118e-01
 89   127 -1.14189e+03 6.91597e-03 1.05027e-01
 90   130 -1.13068e+03 6.37185e-03 1.02871e-01
 91   133 -1.12457e+03 5.89568e-03 1.02253e-01
 92   136 -1.12201e+03 5.49659e-03 1.03764e-01
 93   139 -1.14694e+03 5.11674e-03 1.04978e-01
 94   143 -1.10466e+03 4.77818e-03 1.04689e-01
 95   146 -1.15331e+03 4.61518e-03 1.04142e-01
 96   149 -1.12007e+03 4.37881e-03 1.04109e-01
 97   153 -1.11636e+03 4.41636e-03 1.06499e-01
 98   156 -1.12616e+03 4.65079e-03 1.09365e-01
 99   160 -1.12626e+03 4.68402e-03 1.09026e-01
100   164 -1.14158e+03 4.65638e-03 1.07598e-01
101   168 -1.13440e+03 4.39047e-03 1.03712e-01
102   172 -1.11776e+03 4.34125e-03 1.03202e-01
103   176 -1.13773e+03 4.39074e-03 1.04534e-01
104   180 -1.12416e+03 4.72586e-03 1.09791e-01
105   184 -1.12099e+03 5.45797e-03 1.15982e-01
106   188 -1.14283e+03 5.52223e-03 1.14521e-01
107   193 -1.11461e+03 5.02018e-03 1.06710e-01
108   197 -1.13594e+03 4.42808e-03 1.01820e-01
109   202 -1.13305e+03 4.49839e-03 1.05195e-01
110   206 -1.11473e+03 5.18745e-03 1.14603e-01
111   211 -1.13301e+03 5.51524e-03 1.15927e-01
112   216 -1.12554e+03 4.84988e-03 1.07334e-01
113   221 -1.12356e+03 4.49452e-03 1.05671e-01
114   226 -1.15133e+03 4.76436e-03 1.09877e-01
115   232 -1.11578e+03 5.08155e-03 1.10360e-01
116   237 -1.10511e+03 4.83609e-03 1.10252e-01
117   243 -1.13805e+03 4.60294e-03 1.06266e-01
118   248 -1.12267e+03 4.11397e-03 1.00971e-01
119   254 -1.11860e+03 4.46649e-03 1.06312e-01
120   260 -1.12162e+03 4.60450e-03 1.08039e-01
121   266 -1.14257e+03 4.75317e-03 1.09156e-01
122   272 -1.13916e+03 4.66613e-03 1.06751e-01
123   279 -1.13218e+03 4.33434e-03 1.02386e-01
124   285 -1.14034e+03 4.34883e-03 1.06390e-01
125   292 -1.09457e+03 4.75199e-03 1.10715e-01
126   299 -1.14708e+03 4.77814e-03 1.06291e-01
127   306 -1.14193e+03 4.14131e-03 9.95611e-02
128   313 -1.12253e+03 4.09183e-03 1.02360e-01
129   320 -1.13793e+03 5.13875e-03 1.13267e-01
130   328 -1.12768e+03 4.23266e-03 1.00413e-01
131   335 -1.10842e+03 4.55845e-03 1.06641e-01
132   343 -1.14361e+03 4.91297e-03 1.09473e-01
133   351 -1.11066e+03 4.98402e-03 1.13812e-01
134   360 -1.12550e+03 4.95302e-03 1.05999e-01
135   368 -1.12533e+03 4.83885e-03 1.12443e-01
136   377 -1.12951e+03 4.63378e-03 1.02140e-01
137   385 -1.14155e+03 4.65719e-03 1.06418e-01
138   394 -1.12866e+03 5.29669e-03 1.11640e-01
139   404 -1.13176e+03 4.17816e-03 1.03560e-01
140   413 -1.12760e+03 4.68971e-03 1.09455e-01
141   423 -1.10720e+03 4.30184e-03 1.04719e-01
142   433 -1.13335e+03 4.69206e-03 1.07249e-01
143   443 -1.13082e+03 5.38732e-03 1.13640e-01
144   453 -1.13554e+03 4.99598e-03 1.10256e-01
145   464 -1.12554e+03 4.77280e-03 1.09227e-01
146   474 -1.13018e+03 4.60214e-03 1.08014e-01
147   486 -1.14912e+03 4.65748e-03 1.06234e-01
148   497 -1.13446e+03 4.65642e-03 1.08956e-01
149   509 -1.13318e+03 4.26908e-03 1.04026e-01
150   520 -1.12080e+03 4.74831e-03 1.08304e-01
151   533 -1.12222e+03 4.49397e-03 1.05664e-01
152   545 -1.13870e+03 4.58925e-03 1.06058e-01
153   558 -1.10856e+03 4.37081e-03 1.04230e-01
154   571 -1.12753e+03 4.90426e-03 1.10969e-01
155   584 -1.11968e+03 4.22057e-03 1.05409e-01
156   598 -1.14273e+03 4.49733e-03 1.08397e-01
157   612 -1.12609e+03 4.99885e-03 1.11155e-01
158   626 -1.12511e+03 4.30595e-03 1.03293e-01
159   641 -1.12796e+03 4.46736e-03 1.06579e-01
160   656 -1.12441e+03 4.30567e-03 1.06934e-01
161   671 -1.12926e+03 4.63408e-03 1.05996e-01
162   687 -1.13600e+03 4.53889e-03 1.07771e-01
163   703 -1.13044e+03 3.85356e-03 1.01338e-01
164   719 -1.12910e+03 4.35278e-03 1.05158e-01
165   736 -1.13575e+03 5.13021e-03 1.13506e-01
166   753 -1.13933e+03 4.13052e-03 1.03855e-01
167   771 -1.14342e+03 4.06101e-03 9.96345e-02
168   789 -1.11647e+03 4.54662e-03 1.04822e-01
169   807 -1.14048e+03 4.38076e-03 1.05986e-01
170   826 -1.13003e+03 4.82626e-03 1.09506e-01
171   845 -1.13780e+03 4.06202e-03 1.02754e-01
172   865 -1.13647e+03 4.93483e-03 1.12722e-01
173   885 -1.14390e+03 4.31316e-03 1.03541e-01
174   906 -1.13834e+03 4.36686e-03 1.05822e-01
175   927 -1.13926e+03 4.33374e-03 1.04875e-01
176   949 -1.13250e+03 4.46481e-03 1.05724e-01
177   971 -1.12767e+03 4.22841e-03 1.04060e-01
178   994 -1.12931e+03 4.47039e-03 1.04493e-01
179  1017 -1.13797e+03 4.56161e-03 1.06906e-01
180  1041 -1.13705e+03 4.53471e-03 1.06255e-01
181  1065 -1.14421e+03 4.71119e-03 1.08855e-01
182  1090 -1.13597e+03 4.20520e-03 1.03410e-01
183  1115 -1.13085e+03 4.44811e-03 1.07133e-01
184  1141 -1.12502e+03 4.41965e-03 1.05983e-01
185  1168 -1.13458e+03 4.31841e-03 1.05976e-01
186  1195 -1.14063e+03 4.19271e-03 1.04744e-01
187  1223 -1.12329e+03 4.48877e-03 1.06560e-01
188  1252 -1.11834e+03 3.98784e-03 1.01748e-01
189  1281 -1.12396e+03 4.12595e-03 1.04270e-01
190  1311 -1.12032e+03 4.35618e-03 1.05050e-01
191  1342 -1.13346e+03 4.34154e-03 1.05311e-01
192  1373 -1.13964e+03 4.21379e-03 1.04843e-01
193  1405 -1.14607e+03 4.48499e-03 1.05128e-01
194  1438 -1.13673e+03 4.40902e-03 1.05740e-01
195  1472 -1.13005e+03 4.22358e-03 1.03858e-01
196  1506 -1.14080e+03 4.15240e-03 1.03772e-01
197  1541 -1.12929e+03 4.17054e-03 1.04566e-01
198  1577 -1.14218e+03 4.37416e-03 1.06713e-01
199  1614 -1.13471e+03 4.19485e-03 1.03294e-01
200  1652 -1.12689e+03 4.37173e-03 1.05522e-01
201  1690 -1.12493e+03 4.43618e-03 1.06512e-01
202  1730 -1.15125e+03 4.20732e-03 1.03939e-01
203  1770 -1.12876e+03 4.38306e-03 1.05612e-01
204  1811 -1.13393e+03 4.35572e-03 1.05616e-01
205  1854 -1.13286e+03 4.28311e-03 1.04782e-01
206  1897 -1.14389e+03 4.35557e-03 1.05387e-01
207  1941 -1.09966e+03 4.28516e-03 1.04784e-01
208  1987 -1.15104e+03 4.29808e-03 1.05037e-01
209  2033 -1.11109e+03 4.28829e-03 1.04803e-01
210  2081 -1.12874e+03 4.30567e-03 1.05379e-01
211  2129 -1.13582e+03 4.23272e-03 1.03781e-01
212  2179 -1.12910e+03 4.19428e-03 1.03847e-01
213  2230 -1.13755e+03 4.20400e-03 1.04194e-01
214  2282 -1.14168e+03 4.23552e-03 1.04379e-01
215  2335 -1.13523e+03 4.25237e-03 1.04432e-01
216  2390 -1.12805e+03 4.25609e-03 1.04693e-01
217  2446 -1.14500e+03 4.28892e-03 1.04836e-01
218  2503 -1.11643e+03 4.28906e-03 1.04929e-01
219  2561 -1.13047e+03 4.27808e-03 1.04738e-01
220  2621 -1.13339e+03 4.32334e-03 1.05387e-01
221  2682 -1.14434e+03 4.31548e-03 1.05168e-01
222  2745 -1.12161e+03 4.31184e-03 1.05171e-01
223  2809 -1.13681e+03 4.32230e-03 1.05279e-01
224  2875 -1.14369e+03 4.33061e-03 1.05364e-01
225  2942 -1.12791e+03 4.32279e-03 1.05281e-01
226  3010 -1.15579e+03 4.32660e-03 1.05344e-01
227  3081 -1.13867e+03 4.32437e-03 1.05321e-01
228  3153 -1.12769e+03 4.32319e-03 1.05314e-01
229  3226 -1.14465e+03 4.32630e-03 1.05361e-01
230  3302 -1.12880e+03 4.32386e-03 1.05312e-01
231  3379 -1.15020e+03 4.31978e-03 1.05256e-01
232  3458 -1.11961e+03 4.31940e-03 1.05254e-01
233  3538 -1.14889e+03 4.31917e-03 1.05252e-01
234  3621 -1.14426e+03 4.31843e-03 1.05244e-01
235  3706 -1.14183e+03 4.31803e-03 1.05236e-01
236  3792 -1.13777e+03 4.31770e-03 1.05233e-01
237  3881 -1.13112e+03 4.31782e-03 1.05235e-01
238  3971 -1.13436e+03 4.31785e-03 1.05233e-01
239  4064 -1.11465e+03 4.31805e-03 1.05236e-01
240  4159 -1.13412e+03 4.31780e-03 1.05236e-01
241  4256 -1.14704e+03 4.31800e-03 1.05238e-01
242  4356 -1.13029e+03 4.31769e-03 1.05236e-01
243  4457 -1.12617e+03 4.31771e-03 1.05236e-01
244  4561 -1.11808e+03 4.31771e-03 1.05234e-01
245  4668 -1.12344e+03 4.31704e-03 1.05223e-01
246  4777 -1.13702e+03 4.31616e-03 1.05209e-01
247  4889 -1.13067e+03 4.31644e-03 1.05212e-01
248  5003 -1.13493e+03 4.31646e-03 1.05215e-01
249  5120 -1.13283e+03 4.31582e-03 1.05205e-01
250  5239 -1.12194e+03 4.31544e-03 1.05199e-01
251  5361 -1.12167e+03 4.31457e-03 1.05186e-01
252  5487 -1.12590e+03 4.31376e-03 1.05173e-01
253  5615 -1.12100e+03 4.31391e-03 1.05173e-01
254  5746 -1.12416e+03 4.31351e-03 1.05169e-01
255  5880 -1.15246e+03 4.31319e-03 1.05166e-01
256  6017 -1.13004e+03 4.31249e-03 1.05155e-01
257  6158 -1.13065e+03 4.31219e-03 1.05151e-01
258  6302 -1.13025e+03 4.31244e-03 1.05154e-01
259  6449 -1.12314e+03 4.31253e-03 1.05154e-01
260  6600 -1.13741e+03 4.31266e-03 1.05160e-01
261  6754 -1.13698e+03 4.31266e-03 1.05158e-01
262  6911 -1.12451e+03 4.31239e-03 1.05158e-01
263  7073 -1.12410e+03 4.31200e-03 1.05152e-01
264  7238 -1.14616e+03 4.31198e-03 1.05151e-01
265  7407 -1.11115e+03 4.31171e-03 1.05150e-01
266  7580 -1.14651e+03 4.31189e-03 1.05151e-01
267  7757 -1.13179e+03 4.31078e-03 1.05126e-01
268  7938 -1.13671e+03 4.31081e-03 1.05126e-01
269  8124 -1.11532e+03 4.31014e-03 1.05120e-01
270  8313 -1.13543e+03 4.30954e-03 1.05111e-01
271  8507 -1.12641e+03 4.30911e-03 1.05102e-01
272  8706 -1.12994e+03 4.30799e-03 1.05087e-01
273  8909 -1.12371e+03 4.30768e-03 1.05087e-01
274  9118 -1.13799e+03 4.30698e-03 1.05077e-01
275  9330 -1.12867e+03 4.30711e-03 1.05079e-01
276  9548 -1.12249e+03 4.30688e-03 1.05076e-01
277  9771 -1.12847e+03 4.30640e-03 1.05065e-01
278 10000 -1.12519e+03 4.30618e-03 1.05062e-01
