i, epoch, loss, l2_err, h1_err
  0     1 -6.80200e+01 9.93695e-01 1.30309e+00
  1     2 -1.36524e+02 9.88410e-01 1.38802e+00
  2     3 -2.00372e+02 9.83408e-01 1.48922e+00
  3     4 -2.65786e+02 9.78532e-01 1.58818e+00
  4     5 -3.25884e+02 9.73719e-01 1.67688e+00
  5     6 -3.85335e+02 9.68492e-01 1.74939e+00
  6     7 -4.34461e+02 9.62842e-01 1.81043e+00
  7     8 -4.83708e+02 9.56798e-01 1.85843e+00
  8     9 -5.38781e+02 9.50343e-01 1.89794e+00
  9    10 -5.71276e+02 9.43574e-01 1.92911e+00
 10    11 -6.22506e+02 9.36473e-01 1.95289e+00
 11    12 -6.60502e+02 9.28902e-01 1.97180e+00
 12    13 -7.06334e+02 9.20914e-01 1.98604e+00
 13    14 -7.33469e+02 9.12483e-01 1.99532e+00
 14    15 -7.78763e+02 9.03604e-01 2.00079e+00
 15    16 -8.04045e+02 8.94270e-01 2.00185e+00
 16    17 -8.35357e+02 8.84474e-01 1.99905e+00
 17    18 -8.68137e+02 8.74168e-01 1.99274e+00
 18    19 -8.70097e+02 8.63366e-01 1.98247e+00
 19    20 -9.23967e+02 8.52072e-01 1.96907e+00
 20    21 -9.32459e+02 8.40361e-01 1.95271e+00
 21    22 -9.56454e+02 8.28223e-01 1.93367e+00
 22    23 -9.70083e+02 8.15604e-01 1.91269e+00
 23    24 -9.91452e+02 8.02497e-01 1.88957e+00
 24    25 -1.00622e+03 7.88777e-01 1.86424e+00
 25    26 -1.01741e+03 7.74573e-01 1.83735e+00
 26    27 -1.03223e+03 7.59947e-01 1.80937e+00
 27    28 -1.04042e+03 7.44836e-01 1.77994e+00
 28    29 -1.05054e+03 7.29361e-01 1.74946e+00
 29    30 -1.05224e+03 7.13452e-01 1.71765e+00
 30    31 -1.06426e+03 6.97196e-01 1.68515e+00
 31    32 -1.07226e+03 6.80622e-01 1.65256e+00
 32    33 -1.07457e+03 6.63672e-01 1.61904e+00
 33    34 -1.08698e+03 6.46471e-01 1.58486e+00
 34    35 -1.08313e+03 6.29131e-01 1.54990e+00
 35    36 -1.09473e+03 6.11617e-01 1.51459e+00
 36    37 -1.08335e+03 5.93872e-01 1.47866e+00
 37    38 -1.10937e+03 5.75959e-01 1.44216e+00
 38    39 -1.10846e+03 5.57888e-01 1.40545e+00
 39    40 -1.09247e+03 5.39752e-01 1.36863e+00
 40    41 -1.11307e+03 5.21591e-01 1.33141e+00
 41    42 -1.12045e+03 5.03445e-01 1.29388e+00
 42    43 -1.11209e+03 4.85368e-01 1.25624e+00
 43    44 -1.11123e+03 4.67428e-01 1.21854e+00
 44    45 -1.10885e+03 4.49655e-01 1.18101e+00
 45    46 -1.13994e+03 4.32038e-01 1.14335e+00
 46    47 -1.12606e+03 4.14611e-01 1.10590e+00
 47    48 -1.11966e+03 3.97482e-01 1.06855e+00
 48    49 -1.12309e+03 3.80599e-01 1.03161e+00
 49    50 -1.12270e+03 3.64074e-01 9.95259e-01
 50    51 -1.13231e+03 3.47902e-01 9.59632e-01
 51    53 -1.12283e+03 3.16601e-01 8.90281e-01
 52    54 -1.11634e+03 3.01499e-01 8.56840e-01
 53    55 -1.14209e+03 2.86754e-01 8.23972e-01
 54    56 -1.11535e+03 2.72437e-01 7.91773e-01
 55    58 -1.11721e+03 2.45168e-01 7.29409e-01
 56    59 -1.11233e+03 2.32205e-01 6.99335e-01
 57    60 -1.10058e+03 2.19687e-01 6.70016e-01
 58    62 -1.12473e+03 1.96022e-01 6.13823e-01
 59    63 -1.13258e+03 1.84886e-01 5.87113e-01
 60    65 -1.13413e+03 1.63959e-01 5.35724e-01
 61    66 -1.10958e+03 1.54162e-01 5.11060e-01
 62    68 -1.12787e+03 1.35844e-01 4.63998e-01
 63    69 -1.12790e+03 1.27290e-01 4.41408e-01
 64    71 -1.10678e+03 1.11332e-01 3.98051e-01
 65    73 -1.13378e+03 9.68397e-02 3.57362e-01
 66    74 -1.13836e+03 9.01529e-02 3.37887e-01
 67    76 -1.14064e+03 7.79352e-02 3.01056e-01
 68    78 -1.13754e+03 6.71379e-02 2.67039e-01
 69    80 -1.10056e+03 5.76157e-02 2.36741e-01
 70    82 -1.12499e+03 4.91320e-02 2.10067e-01
 71    84 -1.13626e+03 4.15740e-02 1.86974e-01
 72    86 -1.13075e+03 3.49643e-02 1.67438e-01
 73    88 -1.13245e+03 2.92207e-02 1.51198e-01
 74    90 -1.12933e+03 2.43378e-02 1.38743e-01
 75    92 -1.12482e+03 2.00442e-02 1.26602e-01
 76    94 -1.13571e+03 1.62168e-02 1.16695e-01
 77    96 -1.13438e+03 1.29347e-02 1.09133e-01
 78    98 -1.12332e+03 1.01682e-02 1.03904e-01
 79   101 -1.12381e+03 7.09072e-03 1.01393e-01
 80   103 -1.13382e+03 5.64690e-03 1.00934e-01
 81   105 -1.12922e+03 4.75928e-03 1.02009e-01
 82   108 -1.12195e+03 4.46561e-03 1.04134e-01
 83   110 -1.11567e+03 4.69106e-03 1.04342e-01
 84   113 -1.14196e+03 5.17939e-03 1.01533e-01
 85   116 -1.15313e+03 5.51423e-03 9.75302e-02
 86   118 -1.14173e+03 5.62416e-03 9.57411e-02
 87   121 -1.12714e+03 5.88424e-03 9.88452e-02
 88   124 -1.12982e+03 6.07502e-03 1.03394e-01
 89   127 -1.11602e+03 6.52249e-03 1.10866e-01
 90   130 -1.13104e+03 6.38870e-03 1.07936e-01
 91   133 -1.11416e+03 6.03327e-03 1.04372e-01
 92   136 -1.13511e+03 5.67042e-03 1.04150e-01
 93   139 -1.12517e+03 5.30808e-03 1.04535e-01
 94   143 -1.13098e+03 4.74831e-03 1.03589e-01
 95   146 -1.12865e+03 4.42614e-03 1.00948e-01
 96   149 -1.12246e+03 4.10308e-03 9.78761e-02
 97   153 -1.12660e+03 3.62374e-03 9.57798e-02
 98   156 -1.13308e+03 3.62217e-03 9.76858e-02
 99   160 -1.12208e+03 3.78096e-03 9.98161e-02
100   164 -1.13400e+03 3.72321e-03 9.99731e-02
101   168 -1.12605e+03 3.47239e-03 9.78772e-02
102   172 -1.12379e+03 3.64169e-03 1.01161e-01
103   176 -1.15698e+03 3.79117e-03 1.03271e-01
104   180 -1.12320e+03 3.71325e-03 9.97257e-02
105   184 -1.13184e+03 3.67492e-03 9.84068e-02
106   188 -1.12875e+03 3.93026e-03 1.03487e-01
107   193 -1.11705e+03 4.01634e-03 1.04119e-01
108   197 -1.14706e+03 3.89048e-03 1.02448e-01
109   202 -1.12394e+03 3.56173e-03 9.84872e-02
110   206 -1.10380e+03 3.55742e-03 9.82444e-02
111   211 -1.11863e+03 4.09856e-03 1.04941e-01
112   216 -1.11223e+03 3.94216e-03 1.01174e-01
113   221 -1.13527e+03 4.13199e-03 1.07465e-01
114   226 -1.11874e+03 3.97888e-03 1.01761e-01
115   232 -1.11933e+03 3.76382e-03 9.88784e-02
116   237 -1.13262e+03 4.28575e-03 1.08908e-01
117   243 -1.12901e+03 3.69681e-03 9.64179e-02
118   248 -1.12643e+03 3.39106e-03 9.55316e-02
119   254 -1.13448e+03 4.66743e-03 1.11274e-01
120   260 -1.12738e+03 4.30652e-03 1.03021e-01
121   266 -1.10678e+03 4.10463e-03 1.05083e-01
122   272 -1.12536e+03 4.17893e-03 1.05303e-01
123   279 -1.12255e+03 3.97907e-03 1.02438e-01
124   285 -1.13459e+03 3.75446e-03 1.00924e-01
125   292 -1.12023e+03 4.19453e-03 1.04812e-01
126   299 -1.13495e+03 4.00007e-03 1.03045e-01
127   306 -1.12091e+03 4.03961e-03 1.04957e-01
128   313 -1.13145e+03 4.05399e-03 1.03210e-01
129   320 -1.13507e+03 3.94018e-03 1.04175e-01
130   328 -1.12370e+03 4.20036e-03 1.04579e-01
131   335 -1.13095e+03 3.39163e-03 9.41500e-02
132   343 -1.14284e+03 3.81146e-03 1.02072e-01
133   351 -1.13402e+03 3.50633e-03 9.82294e-02
134   360 -1.13287e+03 4.41556e-03 1.02703e-01
135   368 -1.14313e+03 3.68230e-03 9.94428e-02
136   377 -1.12764e+03 4.20720e-03 1.03342e-01
137   385 -1.11512e+03 3.50184e-03 9.69285e-02
138   394 -1.12264e+03 3.56413e-03 9.93673e-02
139   404 -1.12718e+03 3.45164e-03 9.75834e-02
140   413 -1.11946e+03 3.32048e-03 9.72510e-02
141   423 -1.14036e+03 3.73086e-03 1.01569e-01
142   433 -1.12829e+03 3.82880e-03 1.00530e-01
143   443 -1.11380e+03 3.47893e-03 9.74554e-02
144   453 -1.10671e+03 3.85892e-03 1.01739e-01
145   464 -1.11143e+03 3.61159e-03 1.00465e-01
146   474 -1.13156e+03 3.95055e-03 1.00877e-01
147   486 -1.13474e+03 3.53232e-03 9.78491e-02
148   497 -1.13709e+03 3.77664e-03 1.00888e-01
149   509 -1.12200e+03 3.69491e-03 9.94355e-02
150   520 -1.12804e+03 4.11578e-03 1.04952e-01
151   533 -1.12243e+03 3.55756e-03 1.00549e-01
152   545 -1.12578e+03 3.81994e-03 1.02161e-01
153   558 -1.12969e+03 3.79047e-03 9.80066e-02
154   571 -1.11714e+03 3.92837e-03 1.02098e-01
155   584 -1.11173e+03 3.58824e-03 9.96517e-02
156   598 -1.12914e+03 3.57974e-03 9.97550e-02
157   612 -1.13285e+03 3.83096e-03 1.02748e-01
158   626 -1.12603e+03 3.35028e-03 9.58453e-02
159   641 -1.13701e+03 3.78884e-03 1.01477e-01
160   656 -1.13004e+03 3.75734e-03 1.00480e-01
161   671 -1.12457e+03 3.86545e-03 1.02561e-01
162   687 -1.14390e+03 3.65111e-03 9.80226e-02
163   703 -1.12975e+03 3.83575e-03 1.01543e-01
164   719 -1.14652e+03 3.72549e-03 1.02037e-01
165   736 -1.11808e+03 3.44656e-03 9.82977e-02
166   753 -1.13958e+03 3.72821e-03 9.98984e-02
167   771 -1.12447e+03 3.54029e-03 1.00009e-01
168   789 -1.12682e+03 3.55487e-03 9.92746e-02
169   807 -1.11854e+03 3.68912e-03 1.01013e-01
170   826 -1.13902e+03 3.71245e-03 1.00517e-01
171   845 -1.14288e+03 3.58798e-03 9.92666e-02
172   865 -1.13008e+03 3.57944e-03 9.89543e-02
173   885 -1.15066e+03 3.44998e-03 9.76582e-02
174   906 -1.12217e+03 3.77373e-03 1.02543e-01
175   927 -1.12146e+03 3.56630e-03 9.91967e-02
176   949 -1.12293e+03 3.54511e-03 9.86566e-02
177   971 -1.14072e+03 3.63342e-03 1.00399e-01
178   994 -1.13124e+03 3.53493e-03 9.90583e-02
179  1017 -1.12251e+03 3.67539e-03 1.01120e-01
180  1041 -1.11149e+03 3.67908e-03 9.99365e-02
181  1065 -1.12550e+03 3.54161e-03 9.95277e-02
182  1090 -1.15092e+03 3.51296e-03 9.88841e-02
183  1115 -1.11133e+03 3.44790e-03 9.76754e-02
184  1141 -1.12412e+03 3.51782e-03 9.92181e-02
185  1168 -1.12853e+03 3.46014e-03 9.75956e-02
186  1195 -1.12671e+03 3.51702e-03 9.87042e-02
187  1223 -1.12955e+03 3.53055e-03 9.92397e-02
188  1252 -1.13198e+03 3.68473e-03 1.01477e-01
189  1281 -1.11279e+03 3.63314e-03 1.00294e-01
190  1311 -1.13286e+03 3.50849e-03 9.84788e-02
191  1342 -1.11717e+03 3.58107e-03 9.97376e-02
192  1373 -1.12358e+03 3.53998e-03 9.92117e-02
193  1405 -1.11794e+03 3.59101e-03 9.90375e-02
194  1438 -1.12147e+03 3.53484e-03 9.89073e-02
195  1472 -1.14247e+03 3.54398e-03 9.92384e-02
196  1506 -1.13784e+03 3.52364e-03 9.88601e-02
197  1541 -1.13764e+03 3.60270e-03 9.97080e-02
198  1577 -1.12209e+03 3.58915e-03 9.98947e-02
199  1614 -1.12235e+03 3.66096e-03 1.00650e-01
200  1652 -1.12668e+03 3.64162e-03 1.00373e-01
201  1690 -1.12299e+03 3.59772e-03 9.98211e-02
202  1730 -1.12422e+03 3.58876e-03 9.95505e-02
203  1770 -1.12177e+03 3.52929e-03 9.86840e-02
204  1811 -1.13125e+03 3.54484e-03 9.90832e-02
205  1854 -1.12794e+03 3.53123e-03 9.89959e-02
206  1897 -1.14125e+03 3.53948e-03 9.92780e-02
207  1941 -1.12235e+03 3.58224e-03 9.97075e-02
208  1987 -1.14326e+03 3.58640e-03 9.98035e-02
209  2033 -1.11647e+03 3.57306e-03 9.95588e-02
210  2081 -1.11930e+03 3.58182e-03 9.96361e-02
211  2129 -1.14562e+03 3.57352e-03 9.94196e-02
212  2179 -1.12924e+03 3.58172e-03 9.96816e-02
213  2230 -1.09897e+03 3.58770e-03 9.97931e-02
214  2282 -1.13863e+03 3.58674e-03 9.97933e-02
215  2335 -1.13252e+03 3.57268e-03 9.94818e-02
216  2390 -1.12287e+03 3.55552e-03 9.92836e-02
217  2446 -1.12962e+03 3.55682e-03 9.93647e-02
218  2503 -1.12671e+03 3.55822e-03 9.93793e-02
219  2561 -1.14974e+03 3.56620e-03 9.95138e-02
220  2621 -1.13758e+03 3.56227e-03 9.94561e-02
221  2682 -1.13701e+03 3.56164e-03 9.94435e-02
222  2745 -1.13389e+03 3.55841e-03 9.94093e-02
223  2809 -1.11782e+03 3.55666e-03 9.93843e-02
224  2875 -1.13510e+03 3.55675e-03 9.93854e-02
225  2942 -1.11782e+03 3.55473e-03 9.93622e-02
226  3010 -1.13973e+03 3.55578e-03 9.93696e-02
227  3081 -1.13772e+03 3.55693e-03 9.93862e-02
228  3153 -1.13938e+03 3.55655e-03 9.93838e-02
229  3226 -1.12995e+03 3.55552e-03 9.93661e-02
230  3302 -1.12569e+03 3.55492e-03 9.93579e-02
231  3379 -1.12932e+03 3.55504e-03 9.93595e-02
232  3458 -1.15254e+03 3.55515e-03 9.93592e-02
233  3538 -1.13409e+03 3.55422e-03 9.93476e-02
234  3621 -1.13627e+03 3.55437e-03 9.93499e-02
235  3706 -1.11106e+03 3.55407e-03 9.93424e-02
236  3792 -1.15195e+03 3.55366e-03 9.93347e-02
237  3881 -1.13432e+03 3.55365e-03 9.93333e-02
238  3971 -1.15280e+03 3.55298e-03 9.93232e-02
239  4064 -1.11673e+03 3.55249e-03 9.93158e-02
240  4159 -1.13867e+03 3.55258e-03 9.93184e-02
241  4256 -1.10556e+03 3.55287e-03 9.93269e-02
242  4356 -1.11455e+03 3.55266e-03 9.93256e-02
243  4457 -1.13616e+03 3.55249e-03 9.93221e-02
244  4561 -1.11884e+03 3.55239e-03 9.93210e-02
245  4668 -1.09429e+03 3.55232e-03 9.93171e-02
246  4777 -1.11524e+03 3.55200e-03 9.93109e-02
247  4889 -1.13197e+03 3.55175e-03 9.93066e-02
248  5003 -1.11408e+03 3.55187e-03 9.93123e-02
249  5120 -1.10773e+03 3.55210e-03 9.93179e-02
250  5239 -1.14754e+03 3.55145e-03 9.93066e-02
251  5361 -1.12252e+03 3.55158e-03 9.93098e-02
252  5487 -1.12583e+03 3.55123e-03 9.93046e-02
253  5615 -1.12413e+03 3.55125e-03 9.93092e-02
254  5746 -1.12908e+03 3.55123e-03 9.93082e-02
255  5880 -1.13912e+03 3.55149e-03 9.93130e-02
256  6017 -1.11730e+03 3.55148e-03 9.93142e-02
257  6158 -1.12746e+03 3.55157e-03 9.93202e-02
258  6302 -1.13850e+03 3.55113e-03 9.93126e-02
259  6449 -1.13082e+03 3.55112e-03 9.93120e-02
260  6600 -1.12368e+03 3.55094e-03 9.93096e-02
261  6754 -1.14986e+03 3.55080e-03 9.93069e-02
262  6911 -1.13022e+03 3.55079e-03 9.93057e-02
263  7073 -1.13129e+03 3.55022e-03 9.92931e-02
264  7238 -1.13773e+03 3.54971e-03 9.92824e-02
265  7407 -1.11766e+03 3.54920e-03 9.92707e-02
266  7580 -1.13345e+03 3.54923e-03 9.92687e-02
267  7757 -1.12643e+03 3.54845e-03 9.92541e-02
268  7938 -1.12877e+03 3.54814e-03 9.92510e-02
269  8124 -1.10675e+03 3.54766e-03 9.92447e-02
270  8313 -1.11699e+03 3.54713e-03 9.92344e-02
271  8507 -1.13772e+03 3.54682e-03 9.92301e-02
272  8706 -1.13648e+03 3.54680e-03 9.92339e-02
273  8909 -1.12137e+03 3.54666e-03 9.92317e-02
274  9118 -1.12622e+03 3.54637e-03 9.92318e-02
275  9330 -1.10429e+03 3.54639e-03 9.92281e-02
276  9548 -1.13482e+03 3.54629e-03 9.92330e-02
277  9771 -1.12429e+03 3.54615e-03 9.92292e-02
278 10000 -1.11902e+03 3.54593e-03 9.92264e-02
