i, epoch, loss, l2_err, h1_err
  0     1 -7.92298e+01 9.86338e-01 1.40182e+00
  1     2 -1.51359e+02 9.81501e-01 1.50808e+00
  2     3 -2.22728e+02 9.76726e-01 1.64879e+00
  3     4 -2.86945e+02 9.72103e-01 1.80028e+00
  4     5 -3.47170e+02 9.67630e-01 1.95259e+00
  5     6 -4.09486e+02 9.63382e-01 2.09391e+00
  6     7 -4.56663e+02 9.59328e-01 2.22134e+00
  7     8 -5.12259e+02 9.55319e-01 2.33327e+00
  8     9 -5.69850e+02 9.51115e-01 2.42962e+00
  9    10 -5.95806e+02 9.46743e-01 2.50933e+00
 10    11 -6.49458e+02 9.42098e-01 2.57380e+00
 11    12 -6.89662e+02 9.37208e-01 2.62319e+00
 12    13 -7.28143e+02 9.32240e-01 2.65923e+00
 13    14 -7.57064e+02 9.27082e-01 2.68494e+00
 14    15 -7.89832e+02 9.21707e-01 2.69962e+00
 15    16 -8.26027e+02 9.15991e-01 2.70443e+00
 16    17 -8.38783e+02 9.10106e-01 2.70044e+00
 17    18 -8.74807e+02 9.04155e-01 2.68902e+00
 18    19 -8.82777e+02 8.98110e-01 2.67193e+00
 19    20 -9.16016e+02 8.92072e-01 2.65106e+00
 20    21 -9.37074e+02 8.85879e-01 2.62700e+00
 21    22 -9.54162e+02 8.79414e-01 2.60041e+00
 22    23 -9.64095e+02 8.72752e-01 2.57033e+00
 23    24 -9.81049e+02 8.65911e-01 2.53856e+00
 24    25 -9.94148e+02 8.58803e-01 2.50481e+00
 25    26 -1.00781e+03 8.51381e-01 2.46988e+00
 26    27 -1.02263e+03 8.43629e-01 2.43317e+00
 27    28 -1.03472e+03 8.35526e-01 2.39449e+00
 28    29 -1.04287e+03 8.26991e-01 2.35563e+00
 29    30 -1.04541e+03 8.17900e-01 2.31621e+00
 30    31 -1.06227e+03 8.08381e-01 2.27612e+00
 31    32 -1.06260e+03 7.98393e-01 2.23626e+00
 32    33 -1.06010e+03 7.87956e-01 2.19651e+00
 33    34 -1.06621e+03 7.77095e-01 2.15699e+00
 34    35 -1.07947e+03 7.65834e-01 2.11760e+00
 35    36 -1.08281e+03 7.54129e-01 2.07877e+00
 36    37 -1.07666e+03 7.42018e-01 2.04049e+00
 37    38 -1.08204e+03 7.29554e-01 2.00254e+00
 38    39 -1.11333e+03 7.16661e-01 1.96511e+00
 39    40 -1.07876e+03 7.03373e-01 1.92800e+00
 40    41 -1.10307e+03 6.89760e-01 1.89107e+00
 41    42 -1.08348e+03 6.75870e-01 1.85392e+00
 42    43 -1.10692e+03 6.61672e-01 1.81638e+00
 43    44 -1.10794e+03 6.47272e-01 1.77870e+00
 44    45 -1.09504e+03 6.32714e-01 1.74138e+00
 45    46 -1.12274e+03 6.18070e-01 1.70403e+00
 46    47 -1.12786e+03 6.03301e-01 1.66691e+00
 47    48 -1.13501e+03 5.88407e-01 1.62993e+00
 48    49 -1.11719e+03 5.73503e-01 1.59306e+00
 49    50 -1.11041e+03 5.58608e-01 1.55644e+00
 50    51 -1.12471e+03 5.43725e-01 1.51998e+00
 51    53 -1.11921e+03 5.14214e-01 1.44784e+00
 52    54 -1.11136e+03 4.99629e-01 1.41200e+00
 53    55 -1.10538e+03 4.85149e-01 1.37638e+00
 54    56 -1.13190e+03 4.70793e-01 1.34096e+00
 55    58 -1.12044e+03 4.42595e-01 1.27114e+00
 56    59 -1.13333e+03 4.28867e-01 1.23702e+00
 57    60 -1.13016e+03 4.15364e-01 1.20335e+00
 58    62 -1.11249e+03 3.89322e-01 1.13807e+00
 59    63 -1.09976e+03 3.76817e-01 1.10646e+00
 60    65 -1.11475e+03 3.52724e-01 1.04494e+00
 61    66 -1.10595e+03 3.41167e-01 1.01499e+00
 62    68 -1.11820e+03 3.19042e-01 9.55986e-01
 63    69 -1.13233e+03 3.08477e-01 9.26964e-01
 64    71 -1.12140e+03 2.88296e-01 8.70666e-01
 65    73 -1.12904e+03 2.69420e-01 8.17052e-01
 66    74 -1.11952e+03 2.60449e-01 7.91211e-01
 67    76 -1.13247e+03 2.43294e-01 7.40883e-01
 68    78 -1.13993e+03 2.27089e-01 6.92345e-01
 69    80 -1.15077e+03 2.11828e-01 6.45842e-01
 70    82 -1.12070e+03 1.97463e-01 6.01640e-01
 71    84 -1.10505e+03 1.84029e-01 5.58737e-01
 72    86 -1.11982e+03 1.71525e-01 5.17986e-01
 73    88 -1.12660e+03 1.59857e-01 4.79819e-01
 74    90 -1.13051e+03 1.48808e-01 4.43597e-01
 75    92 -1.14176e+03 1.38300e-01 4.09959e-01
 76    94 -1.12782e+03 1.28345e-01 3.79029e-01
 77    96 -1.13543e+03 1.19068e-01 3.51353e-01
 78    98 -1.14027e+03 1.10449e-01 3.26381e-01
 79   101 -1.12152e+03 9.84256e-02 2.91062e-01
 80   103 -1.12987e+03 9.08477e-02 2.69596e-01
 81   105 -1.12688e+03 8.36408e-02 2.49757e-01
 82   108 -1.10938e+03 7.34866e-02 2.24491e-01
 83   110 -1.12585e+03 6.72055e-02 2.10666e-01
 84   113 -1.12274e+03 5.86307e-02 1.89904e-01
 85   116 -1.11767e+03 5.09005e-02 1.71721e-01
 86   118 -1.13977e+03 4.61926e-02 1.60773e-01
 87   121 -1.12261e+03 3.96614e-02 1.46475e-01
 88   124 -1.12407e+03 3.37253e-02 1.36032e-01
 89   127 -1.13596e+03 2.84166e-02 1.26385e-01
 90   130 -1.13384e+03 2.38503e-02 1.20697e-01
 91   133 -1.13345e+03 2.00629e-02 1.19570e-01
 92   136 -1.13505e+03 1.68038e-02 1.18919e-01
 93   139 -1.14509e+03 1.39260e-02 1.13698e-01
 94   143 -1.12090e+03 1.05836e-02 1.07031e-01
 95   146 -1.13474e+03 8.86120e-03 1.09647e-01
 96   149 -1.14261e+03 7.60365e-03 1.10826e-01
 97   153 -1.15901e+03 6.23115e-03 1.06888e-01
 98   156 -1.11302e+03 5.75952e-03 1.07850e-01
 99   160 -1.13996e+03 5.19250e-03 1.09775e-01
100   164 -1.13540e+03 5.07313e-03 1.12063e-01
101   168 -1.13669e+03 4.83211e-03 1.09141e-01
102   172 -1.13463e+03 4.35043e-03 1.03012e-01
103   176 -1.11721e+03 4.20789e-03 1.02836e-01
104   180 -1.13264e+03 4.86418e-03 1.13329e-01
105   184 -1.11846e+03 4.70576e-03 1.07830e-01
106   188 -1.12705e+03 4.22483e-03 1.00404e-01
107   193 -1.13537e+03 4.28697e-03 1.04601e-01
108   197 -1.14511e+03 4.41425e-03 1.04061e-01
109   202 -1.13429e+03 4.99700e-03 1.11400e-01
110   206 -1.12634e+03 4.83032e-03 1.11093e-01
111   211 -1.11973e+03 4.44797e-03 1.05329e-01
112   216 -1.13863e+03 4.54734e-03 1.08650e-01
113   221 -1.11652e+03 4.76663e-03 1.10041e-01
114   226 -1.11260e+03 4.39787e-03 1.05701e-01
115   232 -1.12928e+03 4.56415e-03 1.07016e-01
116   237 -1.11220e+03 4.44719e-03 1.05405e-01
117   243 -1.11648e+03 4.61928e-03 1.07128e-01
118   248 -1.14343e+03 4.94203e-03 1.11310e-01
119   254 -1.12536e+03 4.95667e-03 1.10383e-01
120   260 -1.11328e+03 4.50852e-03 1.03851e-01
121   266 -1.13517e+03 4.40614e-03 1.06125e-01
122   272 -1.13853e+03 5.01177e-03 1.12196e-01
123   279 -1.10490e+03 4.71688e-03 1.08695e-01
124   285 -1.11754e+03 4.13969e-03 1.00927e-01
125   292 -1.13305e+03 4.48708e-03 1.06772e-01
126   299 -1.10435e+03 4.91105e-03 1.14782e-01
127   306 -1.14265e+03 4.32926e-03 1.01398e-01
128   313 -1.13248e+03 4.15714e-03 1.03734e-01
129   320 -1.14134e+03 4.56156e-03 1.07243e-01
130   328 -1.14400e+03 4.33156e-03 1.04163e-01
131   335 -1.13837e+03 4.25625e-03 1.05676e-01
132   343 -1.12337e+03 4.23431e-03 1.02663e-01
133   351 -1.11525e+03 4.24031e-03 1.03904e-01
134   360 -1.14732e+03 4.35338e-03 1.07064e-01
135   368 -1.13664e+03 4.41156e-03 1.05944e-01
136   377 -1.12285e+03 4.00066e-03 1.01961e-01
137   385 -1.13637e+03 4.61394e-03 1.07651e-01
138   394 -1.12574e+03 4.41291e-03 1.05738e-01
139   404 -1.11951e+03 4.43527e-03 1.07065e-01
140   413 -1.12679e+03 4.20506e-03 1.03734e-01
141   423 -1.11730e+03 3.98042e-03 1.02472e-01
142   433 -1.13202e+03 4.51988e-03 1.06709e-01
143   443 -1.12413e+03 4.00992e-03 1.01948e-01
144   453 -1.12572e+03 3.89278e-03 9.89191e-02
145   464 -1.13222e+03 4.39036e-03 1.08010e-01
146   474 -1.12487e+03 4.34650e-03 1.04160e-01
147   486 -1.10653e+03 4.29067e-03 1.05267e-01
148   497 -1.12751e+03 4.04985e-03 1.01645e-01
149   509 -1.10354e+03 4.73555e-03 1.10640e-01
150   520 -1.14005e+03 4.15794e-03 9.95402e-02
151   533 -1.11979e+03 5.39313e-03 1.12595e-01
152   545 -1.13579e+03 4.71463e-03 1.07982e-01
153   558 -1.11437e+03 4.54675e-03 1.06262e-01
154   571 -1.12152e+03 4.21846e-03 1.02914e-01
155   584 -1.12799e+03 3.94088e-03 1.01485e-01
156   598 -1.13810e+03 4.13580e-03 1.04466e-01
157   612 -1.12160e+03 4.20400e-03 1.03423e-01
158   626 -1.11706e+03 4.56631e-03 1.08671e-01
159   641 -1.13241e+03 4.03035e-03 1.01187e-01
160   656 -1.14105e+03 4.31710e-03 1.07036e-01
161   671 -1.13332e+03 4.39904e-03 1.04887e-01
162   687 -1.14003e+03 4.63608e-03 1.08132e-01
163   703 -1.12428e+03 4.02465e-03 1.00884e-01
164   719 -1.14069e+03 4.30984e-03 1.06275e-01
165   736 -1.12505e+03 3.98624e-03 1.00386e-01
166   753 -1.15388e+03 4.14578e-03 1.03144e-01
167   771 -1.14413e+03 4.31938e-03 1.04167e-01
168   789 -1.13576e+03 4.52910e-03 1.05793e-01
169   807 -1.14532e+03 4.18003e-03 1.03315e-01
170   826 -1.12410e+03 4.47171e-03 1.05700e-01
171   845 -1.15273e+03 4.16987e-03 1.02921e-01
172   865 -1.13672e+03 4.52233e-03 1.06896e-01
173   885 -1.13558e+03 4.18829e-03 1.02202e-01
174   906 -1.13387e+03 4.49249e-03 1.06588e-01
175   927 -1.13369e+03 4.44446e-03 1.04882e-01
176   949 -1.10728e+03 4.51663e-03 1.07858e-01
177   971 -1.13387e+03 4.30897e-03 1.04158e-01
178   994 -1.12812e+03 3.85007e-03 1.00824e-01
179  1017 -1.14280e+03 3.85120e-03 1.00633e-01
180  1041 -1.13713e+03 4.11660e-03 1.04310e-01
181  1065 -1.13297e+03 4.38587e-03 1.06307e-01
182  1090 -1.11080e+03 4.14692e-03 1.03438e-01
183  1115 -1.12708e+03 4.03597e-03 1.02265e-01
184  1141 -1.12754e+03 4.36912e-03 1.05344e-01
185  1168 -1.13328e+03 4.51169e-03 1.06887e-01
186  1195 -1.12781e+03 4.35056e-03 1.05156e-01
187  1223 -1.13505e+03 4.39383e-03 1.05816e-01
188  1252 -1.14008e+03 4.43525e-03 1.06174e-01
189  1281 -1.13345e+03 4.45467e-03 1.06470e-01
190  1311 -1.11489e+03 4.21738e-03 1.04004e-01
191  1342 -1.13494e+03 4.33803e-03 1.05594e-01
192  1373 -1.16450e+03 4.21603e-03 1.03798e-01
193  1405 -1.14599e+03 4.36880e-03 1.05340e-01
194  1438 -1.11974e+03 4.41043e-03 1.06004e-01
195  1472 -1.11099e+03 4.28822e-03 1.04290e-01
196  1506 -1.14126e+03 4.26699e-03 1.03619e-01
197  1541 -1.12508e+03 4.33871e-03 1.04917e-01
198  1577 -1.12417e+03 4.20317e-03 1.03715e-01
199  1614 -1.12203e+03 4.26913e-03 1.05375e-01
200  1652 -1.14446e+03 4.14594e-03 1.03279e-01
201  1690 -1.13039e+03 4.17738e-03 1.03469e-01
202  1730 -1.15496e+03 4.22863e-03 1.04496e-01
203  1770 -1.12011e+03 4.32408e-03 1.05612e-01
204  1811 -1.11648e+03 4.23205e-03 1.03953e-01
205  1854 -1.13030e+03 4.24471e-03 1.04537e-01
206  1897 -1.12385e+03 4.21723e-03 1.04202e-01
207  1941 -1.12636e+03 4.25346e-03 1.04553e-01
208  1987 -1.12997e+03 4.24615e-03 1.04387e-01
209  2033 -1.11359e+03 4.26909e-03 1.04692e-01
210  2081 -1.12285e+03 4.25603e-03 1.04525e-01
211  2129 -1.14176e+03 4.24173e-03 1.04329e-01
212  2179 -1.11296e+03 4.22013e-03 1.04088e-01
213  2230 -1.10401e+03 4.21438e-03 1.04058e-01
214  2282 -1.13579e+03 4.21642e-03 1.04154e-01
215  2335 -1.13718e+03 4.19303e-03 1.03905e-01
216  2390 -1.14251e+03 4.17809e-03 1.03673e-01
217  2446 -1.11993e+03 4.20247e-03 1.03938e-01
218  2503 -1.12335e+03 4.23410e-03 1.04379e-01
219  2561 -1.16322e+03 4.21730e-03 1.04198e-01
220  2621 -1.12406e+03 4.21506e-03 1.04208e-01
221  2682 -1.11565e+03 4.21206e-03 1.04204e-01
222  2745 -1.14363e+03 4.20535e-03 1.04089e-01
223  2809 -1.12743e+03 4.21177e-03 1.04198e-01
224  2875 -1.10808e+03 4.21552e-03 1.04259e-01
225  2942 -1.13592e+03 4.22183e-03 1.04321e-01
226  3010 -1.13124e+03 4.22270e-03 1.04306e-01
227  3081 -1.13514e+03 4.22319e-03 1.04314e-01
228  3153 -1.12968e+03 4.22564e-03 1.04350e-01
229  3226 -1.10715e+03 4.22628e-03 1.04362e-01
230  3302 -1.10949e+03 4.22713e-03 1.04363e-01
231  3379 -1.14554e+03 4.22897e-03 1.04391e-01
232  3458 -1.13707e+03 4.22895e-03 1.04388e-01
233  3538 -1.14571e+03 4.22822e-03 1.04377e-01
234  3621 -1.10226e+03 4.22723e-03 1.04361e-01
235  3706 -1.13425e+03 4.22695e-03 1.04356e-01
236  3792 -1.12988e+03 4.22673e-03 1.04352e-01
237  3881 -1.13737e+03 4.22671e-03 1.04353e-01
238  3971 -1.13347e+03 4.22711e-03 1.04359e-01
239  4064 -1.12931e+03 4.22774e-03 1.04369e-01
240  4159 -1.13240e+03 4.22845e-03 1.04380e-01
241  4256 -1.12907e+03 4.22861e-03 1.04382e-01
242  4356 -1.11870e+03 4.22915e-03 1.04386e-01
243  4457 -1.11242e+03 4.22936e-03 1.04390e-01
244  4561 -1.14104e+03 4.22927e-03 1.04390e-01
245  4668 -1.12879e+03 4.22868e-03 1.04381e-01
246  4777 -1.13089e+03 4.22916e-03 1.04390e-01
247  4889 -1.10518e+03 4.22945e-03 1.04395e-01
248  5003 -1.12814e+03 4.22980e-03 1.04401e-01
249  5120 -1.13280e+03 4.22952e-03 1.04394e-01
250  5239 -1.12949e+03 4.22958e-03 1.04396e-01
251  5361 -1.11944e+03 4.22964e-03 1.04396e-01
252  5487 -1.12335e+03 4.22949e-03 1.04394e-01
253  5615 -1.11498e+03 4.22890e-03 1.04380e-01
254  5746 -1.12888e+03 4.22930e-03 1.04384e-01
255  5880 -1.10741e+03 4.22945e-03 1.04388e-01
256  6017 -1.13831e+03 4.22955e-03 1.04386e-01
257  6158 -1.11772e+03 4.22943e-03 1.04384e-01
258  6302 -1.12360e+03 4.22958e-03 1.04386e-01
259  6449 -1.11383e+03 4.22963e-03 1.04386e-01
260  6600 -1.11162e+03 4.22973e-03 1.04386e-01
261  6754 -1.13740e+03 4.22924e-03 1.04378e-01
262  6911 -1.13351e+03 4.23002e-03 1.04394e-01
263  7073 -1.14040e+03 4.23010e-03 1.04395e-01
264  7238 -1.13485e+03 4.23063e-03 1.04407e-01
265  7407 -1.12150e+03 4.23018e-03 1.04401e-01
266  7580 -1.12282e+03 4.23044e-03 1.04409e-01
267  7757 -1.13134e+03 4.23057e-03 1.04407e-01
268  7938 -1.11778e+03 4.23003e-03 1.04399e-01
269  8124 -1.12528e+03 4.23020e-03 1.04401e-01
270  8313 -1.13583e+03 4.23119e-03 1.04418e-01
271  8507 -1.10727e+03 4.23181e-03 1.04424e-01
272  8706 -1.12818e+03 4.23197e-03 1.04424e-01
273  8909 -1.12918e+03 4.23122e-03 1.04409e-01
274  9118 -1.10856e+03 4.23100e-03 1.04406e-01
275  9330 -1.13113e+03 4.23170e-03 1.04420e-01
276  9548 -1.13388e+03 4.23153e-03 1.04419e-01
277  9771 -1.13155e+03 4.23189e-03 1.04431e-01
278 10000 -1.12245e+03 4.23214e-03 1.04433e-01
