i, epoch, loss, l2_err, h1_err
  0     1 -7.18125e+01 9.74586e-01 1.17429e+00
  1     2 -1.35205e+02 9.64598e-01 1.22811e+00
  2     3 -2.09166e+02 9.54410e-01 1.29706e+00
  3     4 -2.76677e+02 9.44026e-01 1.37289e+00
  4     5 -3.42222e+02 9.32834e-01 1.44913e+00
  5     6 -3.91164e+02 9.20937e-01 1.52008e+00
  6     7 -4.46636e+02 9.08385e-01 1.58089e+00
  7     8 -5.03978e+02 8.95320e-01 1.63202e+00
  8     9 -5.47920e+02 8.81711e-01 1.67148e+00
  9    10 -5.98357e+02 8.67669e-01 1.69815e+00
 10    11 -6.45443e+02 8.53246e-01 1.71462e+00
 11    12 -6.87772e+02 8.38681e-01 1.72391e+00
 12    13 -7.33167e+02 8.23874e-01 1.72644e+00
 13    14 -7.54120e+02 8.08971e-01 1.72284e+00
 14    15 -7.84921e+02 7.94129e-01 1.71506e+00
 15    16 -8.12571e+02 7.79328e-01 1.70350e+00
 16    17 -8.45234e+02 7.64723e-01 1.68919e+00
 17    18 -8.80296e+02 7.50226e-01 1.67158e+00
 18    19 -9.07345e+02 7.35827e-01 1.65325e+00
 19    20 -9.16220e+02 7.21500e-01 1.63412e+00
 20    21 -9.49711e+02 7.07272e-01 1.61381e+00
 21    22 -9.81826e+02 6.92968e-01 1.59267e+00
 22    23 -9.85861e+02 6.78528e-01 1.57064e+00
 23    24 -9.98851e+02 6.63936e-01 1.54767e+00
 24    25 -1.00486e+03 6.49228e-01 1.52426e+00
 25    26 -1.01171e+03 6.34400e-01 1.50044e+00
 26    27 -1.03426e+03 6.19377e-01 1.47578e+00
 27    28 -1.03779e+03 6.04160e-01 1.45018e+00
 28    29 -1.05035e+03 5.88883e-01 1.42373e+00
 29    30 -1.06294e+03 5.73559e-01 1.39668e+00
 30    31 -1.07042e+03 5.58157e-01 1.36910e+00
 31    32 -1.06875e+03 5.42739e-01 1.34112e+00
 32    33 -1.08570e+03 5.27301e-01 1.31276e+00
 33    34 -1.09871e+03 5.11951e-01 1.28394e+00
 34    35 -1.09883e+03 4.96594e-01 1.25471e+00
 35    36 -1.09976e+03 4.81306e-01 1.22510e+00
 36    37 -1.10339e+03 4.66068e-01 1.19500e+00
 37    38 -1.07895e+03 4.50920e-01 1.16454e+00
 38    39 -1.10857e+03 4.35913e-01 1.13381e+00
 39    40 -1.09637e+03 4.21025e-01 1.10285e+00
 40    41 -1.11488e+03 4.06265e-01 1.07176e+00
 41    42 -1.11839e+03 3.91748e-01 1.04078e+00
 42    43 -1.11472e+03 3.77468e-01 1.00997e+00
 43    44 -1.12972e+03 3.63424e-01 9.79392e-01
 44    45 -1.11969e+03 3.49652e-01 9.48881e-01
 45    46 -1.11056e+03 3.36187e-01 9.18462e-01
 46    47 -1.14153e+03 3.23039e-01 8.88051e-01
 47    48 -1.11917e+03 3.10148e-01 8.57730e-01
 48    49 -1.13134e+03 2.97540e-01 8.27813e-01
 49    50 -1.12715e+03 2.85161e-01 7.98231e-01
 50    51 -1.12462e+03 2.72993e-01 7.69201e-01
 51    53 -1.10632e+03 2.49391e-01 7.12482e-01
 52    54 -1.12922e+03 2.37982e-01 6.84853e-01
 53    55 -1.12041e+03 2.26857e-01 6.57811e-01
 54    56 -1.13701e+03 2.16034e-01 6.31349e-01
 55    58 -1.13236e+03 1.95349e-01 5.80512e-01
 56    59 -1.12388e+03 1.85475e-01 5.55992e-01
 57    60 -1.11839e+03 1.75962e-01 5.32009e-01
 58    62 -1.13538e+03 1.57913e-01 4.86322e-01
 59    63 -1.12444e+03 1.49371e-01 4.64276e-01
 60    65 -1.11152e+03 1.33223e-01 4.22211e-01
 61    66 -1.14317e+03 1.25579e-01 4.02206e-01
 62    68 -1.13549e+03 1.11241e-01 3.64530e-01
 63    69 -1.12213e+03 1.04547e-01 3.47193e-01
 64    71 -1.13284e+03 9.20423e-02 3.14631e-01
 65    73 -1.14150e+03 8.06641e-02 2.84781e-01
 66    74 -1.11419e+03 7.54046e-02 2.71020e-01
 67    76 -1.13729e+03 6.57188e-02 2.45162e-01
 68    78 -1.14043e+03 5.71802e-02 2.22981e-01
 69    80 -1.13327e+03 4.97494e-02 2.05487e-01
 70    82 -1.12639e+03 4.33704e-02 1.92112e-01
 71    84 -1.12740e+03 3.79730e-02 1.82918e-01
 72    86 -1.13543e+03 3.33947e-02 1.76200e-01
 73    88 -1.12357e+03 2.94002e-02 1.69247e-01
 74    90 -1.12227e+03 2.60468e-02 1.64017e-01
 75    92 -1.11556e+03 2.32804e-02 1.60224e-01
 76    94 -1.14405e+03 2.10795e-02 1.58639e-01
 77    96 -1.12068e+03 1.94533e-02 1.58804e-01
 78    98 -1.12343e+03 1.82538e-02 1.58218e-01
 79   101 -1.12552e+03 1.69949e-02 1.56850e-01
 80   103 -1.10977e+03 1.64412e-02 1.56441e-01
 81   105 -1.12812e+03 1.58958e-02 1.54721e-01
 82   108 -1.13722e+03 1.52032e-02 1.51822e-01
 83   110 -1.11857e+03 1.47420e-02 1.49353e-01
 84   113 -1.14618e+03 1.39166e-02 1.44178e-01
 85   116 -1.13101e+03 1.30806e-02 1.41616e-01
 86   118 -1.10988e+03 1.26875e-02 1.41280e-01
 87   121 -1.11041e+03 1.29230e-02 1.47261e-01
 88   124 -1.13110e+03 1.33067e-02 1.51764e-01
 89   127 -1.13143e+03 1.30919e-02 1.48851e-01
 90   130 -1.12774e+03 1.28443e-02 1.46057e-01
 91   133 -1.11686e+03 1.28610e-02 1.47810e-01
 92   136 -1.12509e+03 1.33417e-02 1.52833e-01
 93   139 -1.10985e+03 1.35262e-02 1.52315e-01
 94   143 -1.12844e+03 1.28504e-02 1.44905e-01
 95   146 -1.13864e+03 1.28452e-02 1.48582e-01
 96   149 -1.12518e+03 1.30445e-02 1.50584e-01
 97   153 -1.13529e+03 1.31936e-02 1.48439e-01
 98   156 -1.13649e+03 1.29679e-02 1.45747e-01
 99   160 -1.11498e+03 1.23639e-02 1.44439e-01
100   164 -1.11256e+03 1.22119e-02 1.43778e-01
101   168 -1.11469e+03 1.30875e-02 1.47907e-01
102   172 -1.13011e+03 1.37759e-02 1.50069e-01
103   176 -1.12371e+03 1.35320e-02 1.50053e-01
104   180 -1.13693e+03 1.30243e-02 1.46728e-01
105   184 -1.14259e+03 1.28134e-02 1.44562e-01
106   188 -1.12977e+03 1.29066e-02 1.47483e-01
107   193 -1.11815e+03 1.29075e-02 1.45495e-01
108   197 -1.13136e+03 1.33097e-02 1.48579e-01
109   202 -1.12164e+03 1.27652e-02 1.45342e-01
110   206 -1.14169e+03 1.23997e-02 1.42380e-01
111   211 -1.13212e+03 1.22442e-02 1.41622e-01
112   216 -1.14268e+03 1.35337e-02 1.52606e-01
113   221 -1.12963e+03 1.35140e-02 1.44940e-01
114   226 -1.12599e+03 1.20964e-02 1.40726e-01
115   232 -1.12122e+03 1.34750e-02 1.51461e-01
116   237 -1.13130e+03 1.37958e-02 1.49016e-01
117   243 -1.13437e+03 1.22305e-02 1.44189e-01
118   248 -1.13834e+03 1.19413e-02 1.40549e-01
119   254 -1.13719e+03 1.25735e-02 1.47058e-01
120   260 -1.12896e+03 1.30157e-02 1.48746e-01
121   266 -1.11956e+03 1.24703e-02 1.43632e-01
122   272 -1.13493e+03 1.20056e-02 1.40806e-01
123   279 -1.13090e+03 1.33538e-02 1.53185e-01
124   285 -1.12457e+03 1.38785e-02 1.49814e-01
125   292 -1.14448e+03 1.16288e-02 1.39835e-01
126   299 -1.14065e+03 1.34616e-02 1.50435e-01
127   306 -1.12175e+03 1.33197e-02 1.49158e-01
128   313 -1.12025e+03 1.19757e-02 1.38244e-01
129   320 -1.12770e+03 1.15390e-02 1.41928e-01
130   328 -1.12610e+03 1.35476e-02 1.50232e-01
131   335 -1.13682e+03 1.23842e-02 1.43013e-01
132   343 -1.11517e+03 1.34440e-02 1.52205e-01
133   351 -1.13660e+03 1.32034e-02 1.46472e-01
134   360 -1.13238e+03 1.37648e-02 1.50927e-01
135   368 -1.13184e+03 1.34541e-02 1.49265e-01
136   377 -1.13602e+03 1.26338e-02 1.44127e-01
137   385 -1.14426e+03 1.35321e-02 1.49353e-01
138   394 -1.14367e+03 1.23662e-02 1.43328e-01
139   404 -1.11136e+03 1.26577e-02 1.48772e-01
140   413 -1.11343e+03 1.41472e-02 1.52926e-01
141   423 -1.12823e+03 1.37195e-02 1.50676e-01
142   433 -1.14184e+03 1.19534e-02 1.39926e-01
143   443 -1.11610e+03 1.32078e-02 1.42817e-01
144   453 -1.12230e+03 1.42062e-02 1.49823e-01
145   464 -1.12579e+03 1.23738e-02 1.41050e-01
146   474 -1.16394e+03 1.33109e-02 1.45665e-01
147   486 -1.13705e+03 1.34210e-02 1.45229e-01
148   497 -1.14320e+03 1.32879e-02 1.48797e-01
149   509 -1.12510e+03 1.32732e-02 1.47162e-01
150   520 -1.12710e+03 1.30875e-02 1.49952e-01
151   533 -1.11796e+03 1.34006e-02 1.50143e-01
152   545 -1.13605e+03 1.32353e-02 1.44387e-01
153   558 -1.13595e+03 1.37613e-02 1.50320e-01
154   571 -1.14576e+03 1.36909e-02 1.47112e-01
155   584 -1.12811e+03 1.24513e-02 1.45415e-01
156   598 -1.13587e+03 1.37943e-02 1.52810e-01
157   612 -1.13750e+03 1.26935e-02 1.50150e-01
158   626 -1.12679e+03 1.28327e-02 1.46176e-01
159   641 -1.12108e+03 1.33907e-02 1.48911e-01
160   656 -1.12470e+03 1.21335e-02 1.42407e-01
161   671 -1.14944e+03 1.25269e-02 1.47390e-01
162   687 -1.12435e+03 1.23849e-02 1.48212e-01
163   703 -1.13165e+03 1.22496e-02 1.38563e-01
164   719 -1.13500e+03 1.18992e-02 1.41354e-01
165   736 -1.14543e+03 1.31115e-02 1.45579e-01
166   753 -1.11424e+03 1.34256e-02 1.48876e-01
167   771 -1.13435e+03 1.34933e-02 1.50135e-01
168   789 -1.13254e+03 1.18441e-02 1.39297e-01
169   807 -1.11750e+03 1.36901e-02 1.48726e-01
170   826 -1.12999e+03 1.22481e-02 1.42094e-01
171   845 -1.12190e+03 1.30005e-02 1.48342e-01
172   865 -1.13034e+03 1.30680e-02 1.50893e-01
173   885 -1.13650e+03 1.26208e-02 1.45900e-01
174   906 -1.12431e+03 1.29305e-02 1.48724e-01
175   927 -1.12093e+03 1.33771e-02 1.49690e-01
176   949 -1.13840e+03 1.23476e-02 1.41454e-01
177   971 -1.12543e+03 1.29329e-02 1.47021e-01
178   994 -1.11699e+03 1.31328e-02 1.47919e-01
179  1017 -1.12625e+03 1.39667e-02 1.51487e-01
180  1041 -1.11677e+03 1.29331e-02 1.46822e-01
181  1065 -1.11754e+03 1.22767e-02 1.41141e-01
182  1090 -1.12425e+03 1.25403e-02 1.42476e-01
183  1115 -1.12194e+03 1.34645e-02 1.47949e-01
184  1141 -1.14440e+03 1.24683e-02 1.42443e-01
185  1168 -1.13517e+03 1.33715e-02 1.49518e-01
186  1195 -1.15382e+03 1.30838e-02 1.46570e-01
187  1223 -1.11660e+03 1.28927e-02 1.44657e-01
188  1252 -1.14528e+03 1.27681e-02 1.45518e-01
189  1281 -1.11307e+03 1.28754e-02 1.46685e-01
190  1311 -1.12494e+03 1.31508e-02 1.48225e-01
191  1342 -1.12064e+03 1.26100e-02 1.45465e-01
192  1373 -1.13945e+03 1.26175e-02 1.46427e-01
193  1405 -1.14135e+03 1.31100e-02 1.47495e-01
194  1438 -1.12552e+03 1.23069e-02 1.44123e-01
195  1472 -1.11963e+03 1.28347e-02 1.47619e-01
196  1506 -1.13709e+03 1.32524e-02 1.48447e-01
197  1541 -1.11764e+03 1.27925e-02 1.45790e-01
198  1577 -1.13338e+03 1.28519e-02 1.46560e-01
199  1614 -1.12516e+03 1.27823e-02 1.45593e-01
200  1652 -1.10916e+03 1.28708e-02 1.46604e-01
201  1690 -1.11622e+03 1.30143e-02 1.47212e-01
202  1730 -1.12110e+03 1.27950e-02 1.45741e-01
203  1770 -1.12068e+03 1.27679e-02 1.45343e-01
204  1811 -1.11491e+03 1.28709e-02 1.47011e-01
205  1854 -1.13319e+03 1.28784e-02 1.46259e-01
206  1897 -1.12209e+03 1.29055e-02 1.46807e-01
207  1941 -1.11606e+03 1.28341e-02 1.46101e-01
208  1987 -1.14503e+03 1.28178e-02 1.46138e-01
209  2033 -1.14495e+03 1.29061e-02 1.46719e-01
210  2081 -1.12729e+03 1.29691e-02 1.47088e-01
211  2129 -1.12020e+03 1.29384e-02 1.46763e-01
212  2179 -1.11121e+03 1.28730e-02 1.46414e-01
213  2230 -1.14698e+03 1.28411e-02 1.46028e-01
214  2282 -1.12308e+03 1.27768e-02 1.45639e-01
215  2335 -1.13952e+03 1.27185e-02 1.45258e-01
216  2390 -1.14191e+03 1.27199e-02 1.45421e-01
217  2446 -1.11987e+03 1.27410e-02 1.45612e-01
218  2503 -1.13147e+03 1.28303e-02 1.46526e-01
219  2561 -1.13272e+03 1.28254e-02 1.46326e-01
220  2621 -1.13146e+03 1.28210e-02 1.46245e-01
221  2682 -1.12658e+03 1.28349e-02 1.46309e-01
222  2745 -1.12082e+03 1.28422e-02 1.46338e-01
223  2809 -1.09838e+03 1.28457e-02 1.46320e-01
224  2875 -1.12537e+03 1.28334e-02 1.46185e-01
225  2942 -1.13401e+03 1.28329e-02 1.46198e-01
226  3010 -1.12646e+03 1.28273e-02 1.46142e-01
227  3081 -1.13214e+03 1.28225e-02 1.46136e-01
228  3153 -1.12952e+03 1.28216e-02 1.46145e-01
229  3226 -1.10846e+03 1.28262e-02 1.46191e-01
230  3302 -1.11275e+03 1.28291e-02 1.46215e-01
231  3379 -1.13408e+03 1.28280e-02 1.46205e-01
232  3458 -1.13629e+03 1.28276e-02 1.46201e-01
233  3538 -1.15689e+03 1.28266e-02 1.46195e-01
234  3621 -1.12628e+03 1.28277e-02 1.46204e-01
235  3706 -1.13720e+03 1.28271e-02 1.46202e-01
236  3792 -1.13307e+03 1.28276e-02 1.46208e-01
237  3881 -1.13775e+03 1.28269e-02 1.46200e-01
238  3971 -1.13065e+03 1.28269e-02 1.46200e-01
239  4064 -1.12171e+03 1.28260e-02 1.46190e-01
240  4159 -1.12128e+03 1.28267e-02 1.46196e-01
241  4256 -1.13583e+03 1.28268e-02 1.46198e-01
242  4356 -1.13526e+03 1.28268e-02 1.46199e-01
243  4457 -1.14177e+03 1.28263e-02 1.46190e-01
244  4561 -1.14188e+03 1.28257e-02 1.46185e-01
245  4668 -1.11862e+03 1.28263e-02 1.46194e-01
246  4777 -1.11383e+03 1.28269e-02 1.46199e-01
247  4889 -1.09991e+03 1.28279e-02 1.46210e-01
248  5003 -1.12233e+03 1.28283e-02 1.46208e-01
249  5120 -1.11120e+03 1.28302e-02 1.46227e-01
250  5239 -1.13463e+03 1.28303e-02 1.46227e-01
251  5361 -1.11296e+03 1.28302e-02 1.46226e-01
252  5487 -1.13236e+03 1.28311e-02 1.46230e-01
253  5615 -1.12174e+03 1.28299e-02 1.46219e-01
254  5746 -1.13226e+03 1.28301e-02 1.46221e-01
255  5880 -1.15395e+03 1.28308e-02 1.46225e-01
256  6017 -1.13957e+03 1.28322e-02 1.46235e-01
257  6158 -1.11640e+03 1.28330e-02 1.46245e-01
258  6302 -1.13969e+03 1.28314e-02 1.46226e-01
259  6449 -1.13683e+03 1.28314e-02 1.46227e-01
260  6600 -1.13662e+03 1.28317e-02 1.46227e-01
261  6754 -1.13960e+03 1.28301e-02 1.46209e-01
262  6911 -1.14975e+03 1.28303e-02 1.46210e-01
263  7073 -1.12558e+03 1.28303e-02 1.46207e-01
264  7238 -1.11080e+03 1.28310e-02 1.46216e-01
265  7407 -1.14541e+03 1.28313e-02 1.46218e-01
266  7580 -1.13248e+03 1.28306e-02 1.46215e-01
267  7757 -1.11814e+03 1.28315e-02 1.46224e-01
268  7938 -1.12153e+03 1.28322e-02 1.46227e-01
269  8124 -1.11365e+03 1.28315e-02 1.46217e-01
270  8313 -1.12851e+03 1.28329e-02 1.46230e-01
271  8507 -1.12323e+03 1.28324e-02 1.46222e-01
272  8706 -1.14794e+03 1.28345e-02 1.46235e-01
273  8909 -1.15232e+03 1.28356e-02 1.46247e-01
274  9118 -1.12633e+03 1.28358e-02 1.46252e-01
275  9330 -1.12507e+03 1.28363e-02 1.46253e-01
276  9548 -1.11904e+03 1.28357e-02 1.46245e-01
277  9771 -1.14050e+03 1.28352e-02 1.46250e-01
278 10000 -1.11438e+03 1.28376e-02 1.46270e-01
