i, epoch, loss, l2_err, h1_err
  0     1 -5.74921e+01 9.82030e-01 1.34618e+00
  1     2 -1.34826e+02 9.71783e-01 1.43617e+00
  2     3 -1.96866e+02 9.62379e-01 1.54204e+00
  3     4 -2.62166e+02 9.53360e-01 1.65060e+00
  4     5 -3.20441e+02 9.44350e-01 1.75469e+00
  5     6 -3.78982e+02 9.35621e-01 1.84604e+00
  6     7 -4.36791e+02 9.26896e-01 1.92143e+00
  7     8 -4.88448e+02 9.17964e-01 1.98114e+00
  8     9 -5.29012e+02 9.08954e-01 2.02351e+00
  9    10 -5.74392e+02 8.99625e-01 2.05155e+00
 10    11 -6.31710e+02 8.89947e-01 2.06771e+00
 11    12 -6.58690e+02 8.79998e-01 2.07300e+00
 12    13 -7.06802e+02 8.69795e-01 2.07066e+00
 13    14 -7.36877e+02 8.59390e-01 2.06256e+00
 14    15 -7.73691e+02 8.48753e-01 2.04994e+00
 15    16 -8.11347e+02 8.38083e-01 2.03334e+00
 16    17 -8.30167e+02 8.27265e-01 2.01441e+00
 17    18 -8.58961e+02 8.16330e-01 1.99285e+00
 18    19 -8.84287e+02 8.05209e-01 1.97071e+00
 19    20 -9.25152e+02 7.94061e-01 1.94700e+00
 20    21 -9.22810e+02 7.82896e-01 1.92189e+00
 21    22 -9.50498e+02 7.71628e-01 1.89613e+00
 22    23 -9.83855e+02 7.60107e-01 1.87016e+00
 23    24 -9.83737e+02 7.48330e-01 1.84486e+00
 24    25 -9.96844e+02 7.36252e-01 1.81970e+00
 25    26 -1.01253e+03 7.23791e-01 1.79421e+00
 26    27 -1.03396e+03 7.10935e-01 1.76822e+00
 27    28 -1.06033e+03 6.97714e-01 1.74156e+00
 28    29 -1.05641e+03 6.84115e-01 1.71411e+00
 29    30 -1.06505e+03 6.70136e-01 1.68619e+00
 30    31 -1.06693e+03 6.55772e-01 1.65739e+00
 31    32 -1.06808e+03 6.41097e-01 1.62735e+00
 32    33 -1.07623e+03 6.26105e-01 1.59647e+00
 33    34 -1.09155e+03 6.10794e-01 1.56447e+00
 34    35 -1.09354e+03 5.95300e-01 1.53177e+00
 35    36 -1.06884e+03 5.79603e-01 1.49859e+00
 36    37 -1.10415e+03 5.63795e-01 1.46514e+00
 37    38 -1.10876e+03 5.47862e-01 1.43135e+00
 38    39 -1.09435e+03 5.31886e-01 1.39753e+00
 39    40 -1.11558e+03 5.15913e-01 1.36340e+00
 40    41 -1.09940e+03 5.00060e-01 1.32931e+00
 41    42 -1.11257e+03 4.84371e-01 1.29503e+00
 42    43 -1.11730e+03 4.68872e-01 1.26070e+00
 43    44 -1.12091e+03 4.53545e-01 1.22624e+00
 44    45 -1.10896e+03 4.38420e-01 1.19177e+00
 45    46 -1.13578e+03 4.23522e-01 1.15767e+00
 46    47 -1.12260e+03 4.08889e-01 1.12412e+00
 47    48 -1.11336e+03 3.94542e-01 1.09100e+00
 48    49 -1.11554e+03 3.80449e-01 1.05830e+00
 49    50 -1.12194e+03 3.66665e-01 1.02608e+00
 50    51 -1.13599e+03 3.53210e-01 9.94405e-01
 51    53 -1.13025e+03 3.27270e-01 9.32943e-01
 52    54 -1.12884e+03 3.14831e-01 9.03268e-01
 53    55 -1.13231e+03 3.02792e-01 8.74250e-01
 54    56 -1.13730e+03 2.91117e-01 8.45977e-01
 55    58 -1.12258e+03 2.68772e-01 7.91546e-01
 56    59 -1.12626e+03 2.58084e-01 7.65244e-01
 57    60 -1.12373e+03 2.47702e-01 7.39725e-01
 58    62 -1.12543e+03 2.27892e-01 6.89977e-01
 59    63 -1.12227e+03 2.18437e-01 6.65692e-01
 60    65 -1.12989e+03 2.00453e-01 6.18554e-01
 61    66 -1.12392e+03 1.91930e-01 5.95824e-01
 62    68 -1.10647e+03 1.75780e-01 5.52205e-01
 63    69 -1.13110e+03 1.68121e-01 5.31180e-01
 64    71 -1.13384e+03 1.53598e-01 4.90321e-01
 65    73 -1.12929e+03 1.40051e-01 4.51563e-01
 66    74 -1.13432e+03 1.33607e-01 4.32997e-01
 67    76 -1.14410e+03 1.21389e-01 3.97711e-01
 68    78 -1.13272e+03 1.10046e-01 3.64329e-01
 69    80 -1.12741e+03 9.95488e-02 3.32703e-01
 70    82 -1.12723e+03 8.98905e-02 3.03367e-01
 71    84 -1.13600e+03 8.10395e-02 2.76119e-01
 72    86 -1.11813e+03 7.29197e-02 2.51494e-01
 73    88 -1.14301e+03 6.54350e-02 2.29258e-01
 74    90 -1.12406e+03 5.85472e-02 2.09192e-01
 75    92 -1.13309e+03 5.22960e-02 1.92234e-01
 76    94 -1.13689e+03 4.66249e-02 1.79490e-01
 77    96 -1.12660e+03 4.14814e-02 1.70166e-01
 78    98 -1.12542e+03 3.67542e-02 1.61685e-01
 79   101 -1.12847e+03 3.02263e-02 1.46728e-01
 80   103 -1.13992e+03 2.63053e-02 1.37265e-01
 81   105 -1.12406e+03 2.28164e-02 1.29935e-01
 82   108 -1.12405e+03 1.85284e-02 1.27233e-01
 83   110 -1.12187e+03 1.61933e-02 1.28342e-01
 84   113 -1.13230e+03 1.33115e-02 1.30240e-01
 85   116 -1.11482e+03 1.06211e-02 1.24186e-01
 86   118 -1.13668e+03 9.14553e-03 1.19701e-01
 87   121 -1.12073e+03 7.82224e-03 1.19334e-01
 88   124 -1.11801e+03 7.38949e-03 1.21890e-01
 89   127 -1.13441e+03 7.38968e-03 1.24271e-01
 90   130 -1.13173e+03 7.25619e-03 1.21580e-01
 91   133 -1.13584e+03 7.19219e-03 1.19033e-01
 92   136 -1.11944e+03 7.29772e-03 1.18522e-01
 93   139 -1.14113e+03 7.42534e-03 1.19680e-01
 94   143 -1.14418e+03 7.60601e-03 1.20226e-01
 95   146 -1.15034e+03 7.61029e-03 1.19403e-01
 96   149 -1.12895e+03 7.67191e-03 1.19635e-01
 97   153 -1.13126e+03 7.66705e-03 1.20743e-01
 98   156 -1.14344e+03 7.81197e-03 1.24516e-01
 99   160 -1.11323e+03 7.99327e-03 1.26897e-01
100   164 -1.12210e+03 7.44696e-03 1.19934e-01
101   168 -1.12625e+03 7.33007e-03 1.19119e-01
102   172 -1.14018e+03 7.62785e-03 1.23678e-01
103   176 -1.12484e+03 7.52661e-03 1.23731e-01
104   180 -1.14004e+03 7.22176e-03 1.18875e-01
105   184 -1.13390e+03 7.38495e-03 1.19186e-01
106   188 -1.13047e+03 7.68836e-03 1.21586e-01
107   193 -1.12447e+03 7.56796e-03 1.21425e-01
108   197 -1.11982e+03 7.52027e-03 1.22497e-01
109   202 -1.14921e+03 7.63405e-03 1.25435e-01
110   206 -1.14889e+03 7.34267e-03 1.20843e-01
111   211 -1.10523e+03 6.87436e-03 1.16462e-01
112   216 -1.12278e+03 7.82505e-03 1.28158e-01
113   221 -1.13919e+03 7.05157e-03 1.17798e-01
114   226 -1.12714e+03 7.50544e-03 1.24637e-01
115   232 -1.13885e+03 6.52164e-03 1.16439e-01
116   237 -1.13776e+03 7.66539e-03 1.29827e-01
117   243 -1.13053e+03 6.66097e-03 1.16955e-01
118   248 -1.13481e+03 7.24959e-03 1.24538e-01
119   254 -1.14890e+03 6.83239e-03 1.18210e-01
120   260 -1.12095e+03 7.15476e-03 1.19504e-01
121   266 -1.12043e+03 7.99208e-03 1.27181e-01
122   272 -1.12373e+03 6.90702e-03 1.14190e-01
123   279 -1.13785e+03 7.93604e-03 1.27088e-01
124   285 -1.12663e+03 7.49546e-03 1.20548e-01
125   292 -1.15227e+03 7.84512e-03 1.26719e-01
126   299 -1.13742e+03 6.91644e-03 1.16661e-01
127   306 -1.12594e+03 7.92300e-03 1.28390e-01
128   313 -1.12064e+03 7.19390e-03 1.18687e-01
129   320 -1.12491e+03 7.93566e-03 1.25416e-01
130   328 -1.11857e+03 7.44494e-03 1.21668e-01
131   335 -1.11764e+03 6.93139e-03 1.20231e-01
132   343 -1.12804e+03 6.68589e-03 1.19250e-01
133   351 -1.12407e+03 7.81375e-03 1.26764e-01
134   360 -1.11853e+03 7.37254e-03 1.19572e-01
135   368 -1.13130e+03 7.60797e-03 1.20950e-01
136   377 -1.15303e+03 7.99439e-03 1.22969e-01
137   385 -1.12929e+03 7.77241e-03 1.24780e-01
138   394 -1.13870e+03 7.49815e-03 1.23457e-01
139   404 -1.13529e+03 7.04653e-03 1.22526e-01
140   413 -1.12709e+03 6.97052e-03 1.17949e-01
141   423 -1.12486e+03 7.98105e-03 1.26405e-01
142   433 -1.12079e+03 7.39014e-03 1.22544e-01
143   443 -1.11862e+03 7.47982e-03 1.19671e-01
144   453 -1.11710e+03 7.90602e-03 1.21353e-01
145   464 -1.12451e+03 7.36681e-03 1.20303e-01
146   474 -1.13894e+03 7.69397e-03 1.20499e-01
147   486 -1.12023e+03 7.26370e-03 1.19609e-01
148   497 -1.13694e+03 7.22886e-03 1.18921e-01
149   509 -1.11937e+03 7.18247e-03 1.16308e-01
150   520 -1.11825e+03 7.52224e-03 1.21427e-01
151   533 -1.12487e+03 7.36934e-03 1.22787e-01
152   545 -1.12579e+03 6.80955e-03 1.17365e-01
153   558 -1.13159e+03 6.83395e-03 1.20406e-01
154   571 -1.12019e+03 7.03649e-03 1.18524e-01
155   584 -1.12013e+03 6.88776e-03 1.19604e-01
156   598 -1.13529e+03 7.28148e-03 1.19142e-01
157   612 -1.13254e+03 7.48248e-03 1.19444e-01
158   626 -1.15064e+03 7.16801e-03 1.22172e-01
159   641 -1.10767e+03 7.33267e-03 1.21223e-01
160   656 -1.14114e+03 7.30445e-03 1.18250e-01
161   671 -1.11509e+03 6.92277e-03 1.15670e-01
162   687 -1.13197e+03 7.00570e-03 1.19126e-01
163   703 -1.14818e+03 7.32763e-03 1.21500e-01
164   719 -1.10228e+03 7.71543e-03 1.23991e-01
165   736 -1.13152e+03 7.15897e-03 1.19531e-01
166   753 -1.12072e+03 6.91349e-03 1.17120e-01
167   771 -1.11799e+03 7.44143e-03 1.20906e-01
168   789 -1.13026e+03 7.35138e-03 1.19028e-01
169   807 -1.14165e+03 7.27529e-03 1.18896e-01
170   826 -1.10738e+03 6.66349e-03 1.15808e-01
171   845 -1.13038e+03 7.38141e-03 1.18548e-01
172   865 -1.15420e+03 7.93929e-03 1.23252e-01
173   885 -1.14971e+03 6.87069e-03 1.20287e-01
174   906 -1.14611e+03 6.86446e-03 1.17131e-01
175   927 -1.11679e+03 7.92389e-03 1.26544e-01
176   949 -1.14349e+03 7.02576e-03 1.21364e-01
177   971 -1.13730e+03 7.27603e-03 1.22519e-01
178   994 -1.14684e+03 7.88192e-03 1.27555e-01
179  1017 -1.11286e+03 7.55905e-03 1.22989e-01
180  1041 -1.13206e+03 6.97292e-03 1.18391e-01
181  1065 -1.14355e+03 6.96535e-03 1.17825e-01
182  1090 -1.10386e+03 7.03333e-03 1.19350e-01
183  1115 -1.12266e+03 7.80268e-03 1.22268e-01
184  1141 -1.12852e+03 6.61124e-03 1.17532e-01
185  1168 -1.13988e+03 7.04161e-03 1.19967e-01
186  1195 -1.14898e+03 7.72149e-03 1.25480e-01
187  1223 -1.11092e+03 7.61056e-03 1.23059e-01
188  1252 -1.13510e+03 7.14588e-03 1.19910e-01
189  1281 -1.13681e+03 7.60915e-03 1.24728e-01
190  1311 -1.12107e+03 7.43145e-03 1.23114e-01
191  1342 -1.13068e+03 7.40043e-03 1.19761e-01
192  1373 -1.12650e+03 7.18085e-03 1.20375e-01
193  1405 -1.13043e+03 7.37565e-03 1.22629e-01
194  1438 -1.14407e+03 7.64502e-03 1.21194e-01
195  1472 -1.12047e+03 7.45321e-03 1.23446e-01
196  1506 -1.13125e+03 7.22497e-03 1.18906e-01
197  1541 -1.12953e+03 7.45481e-03 1.21842e-01
198  1577 -1.12160e+03 7.25356e-03 1.20032e-01
199  1614 -1.12447e+03 7.49489e-03 1.23231e-01
200  1652 -1.12098e+03 7.41699e-03 1.22072e-01
201  1690 -1.13684e+03 7.35255e-03 1.21278e-01
202  1730 -1.11553e+03 7.45626e-03 1.22450e-01
203  1770 -1.12894e+03 7.25169e-03 1.20382e-01
204  1811 -1.13437e+03 7.12400e-03 1.20108e-01
205  1854 -1.11382e+03 7.35834e-03 1.22145e-01
206  1897 -1.11289e+03 7.28941e-03 1.21593e-01
207  1941 -1.10683e+03 7.30205e-03 1.21674e-01
208  1987 -1.13160e+03 7.32232e-03 1.20977e-01
209  2033 -1.13924e+03 7.39167e-03 1.21661e-01
210  2081 -1.13119e+03 7.28186e-03 1.20320e-01
211  2129 -1.11386e+03 7.30535e-03 1.20535e-01
212  2179 -1.14197e+03 7.36198e-03 1.21126e-01
213  2230 -1.13570e+03 7.31064e-03 1.20920e-01
214  2282 -1.11230e+03 7.35502e-03 1.21652e-01
215  2335 -1.13700e+03 7.23297e-03 1.20321e-01
216  2390 -1.12725e+03 7.18869e-03 1.19936e-01
217  2446 -1.13573e+03 7.19744e-03 1.20115e-01
218  2503 -1.12963e+03 7.20551e-03 1.20307e-01
219  2561 -1.12877e+03 7.20473e-03 1.20531e-01
220  2621 -1.11393e+03 7.24035e-03 1.21075e-01
221  2682 -1.12100e+03 7.25587e-03 1.21261e-01
222  2745 -1.12813e+03 7.23887e-03 1.21018e-01
223  2809 -1.13323e+03 7.21593e-03 1.20777e-01
224  2875 -1.13302e+03 7.21882e-03 1.20826e-01
225  2942 -1.13769e+03 7.22424e-03 1.20864e-01
226  3010 -1.12456e+03 7.21862e-03 1.20814e-01
227  3081 -1.12035e+03 7.22483e-03 1.20852e-01
228  3153 -1.12374e+03 7.22794e-03 1.20873e-01
229  3226 -1.11472e+03 7.23854e-03 1.20957e-01
230  3302 -1.14126e+03 7.23542e-03 1.20917e-01
231  3379 -1.12655e+03 7.24027e-03 1.20966e-01
232  3458 -1.11646e+03 7.24480e-03 1.21011e-01
233  3538 -1.13821e+03 7.24287e-03 1.20984e-01
234  3621 -1.11285e+03 7.23798e-03 1.20937e-01
235  3706 -1.11952e+03 7.23686e-03 1.20924e-01
236  3792 -1.12865e+03 7.23686e-03 1.20923e-01
237  3881 -1.14486e+03 7.23556e-03 1.20911e-01
238  3971 -1.11508e+03 7.23319e-03 1.20884e-01
239  4064 -1.13467e+03 7.23354e-03 1.20885e-01
240  4159 -1.12602e+03 7.23326e-03 1.20882e-01
241  4256 -1.12085e+03 7.23453e-03 1.20893e-01
242  4356 -1.11731e+03 7.23517e-03 1.20900e-01
243  4457 -1.13904e+03 7.23581e-03 1.20908e-01
244  4561 -1.11791e+03 7.23537e-03 1.20904e-01
245  4668 -1.14538e+03 7.23642e-03 1.20916e-01
246  4777 -1.12977e+03 7.23580e-03 1.20910e-01
247  4889 -1.11680e+03 7.23693e-03 1.20923e-01
248  5003 -1.14222e+03 7.23655e-03 1.20920e-01
249  5120 -1.14073e+03 7.23784e-03 1.20935e-01
250  5239 -1.14107e+03 7.23767e-03 1.20930e-01
251  5361 -1.12517e+03 7.23766e-03 1.20927e-01
252  5487 -1.12501e+03 7.23823e-03 1.20932e-01
253  5615 -1.15190e+03 7.23945e-03 1.20947e-01
254  5746 -1.12761e+03 7.24237e-03 1.20977e-01
255  5880 -1.13149e+03 7.24202e-03 1.20972e-01
256  6017 -1.14665e+03 7.23892e-03 1.20936e-01
257  6158 -1.13660e+03 7.24019e-03 1.20950e-01
258  6302 -1.13771e+03 7.24294e-03 1.20976e-01
259  6449 -1.11150e+03 7.24374e-03 1.20980e-01
260  6600 -1.12779e+03 7.24396e-03 1.20982e-01
261  6754 -1.14222e+03 7.24722e-03 1.21013e-01
262  6911 -1.10101e+03 7.24850e-03 1.21029e-01
263  7073 -1.14514e+03 7.24846e-03 1.21028e-01
264  7238 -1.12008e+03 7.25072e-03 1.21051e-01
265  7407 -1.13959e+03 7.24956e-03 1.21035e-01
266  7580 -1.12461e+03 7.25049e-03 1.21041e-01
267  7757 -1.13800e+03 7.25093e-03 1.21042e-01
268  7938 -1.11299e+03 7.25361e-03 1.21067e-01
269  8124 -1.12233e+03 7.25128e-03 1.21043e-01
270  8313 -1.13024e+03 7.25058e-03 1.21036e-01
271  8507 -1.13186e+03 7.25293e-03 1.21054e-01
272  8706 -1.13957e+03 7.25521e-03 1.21076e-01
273  8909 -1.13601e+03 7.25383e-03 1.21063e-01
274  9118 -1.12775e+03 7.25534e-03 1.21077e-01
275  9330 -1.12299e+03 7.25312e-03 1.21046e-01
276  9548 -1.12533e+03 7.25548e-03 1.21064e-01
277  9771 -1.13170e+03 7.25615e-03 1.21068e-01
278 10000 -1.12293e+03 7.25212e-03 1.21018e-01
