i, epoch, loss, l2_err, h1_err
  0     1 -7.62360e+01 9.91849e-01 1.45629e+00
  1     2 -1.38883e+02 9.88315e-01 1.59926e+00
  2     3 -2.16508e+02 9.84492e-01 1.76791e+00
  3     4 -2.80299e+02 9.80733e-01 1.93202e+00
  4     5 -3.38976e+02 9.76813e-01 2.08503e+00
  5     6 -3.92951e+02 9.72924e-01 2.21651e+00
  6     7 -4.48630e+02 9.68979e-01 2.32819e+00
  7     8 -4.91486e+02 9.64977e-01 2.42303e+00
  8     9 -5.51896e+02 9.60658e-01 2.49681e+00
  9    10 -5.98467e+02 9.56066e-01 2.55352e+00
 10    11 -6.35024e+02 9.51278e-01 2.59583e+00
 11    12 -6.71035e+02 9.46344e-01 2.62565e+00
 12    13 -7.04804e+02 9.41240e-01 2.64298e+00
 13    14 -7.48969e+02 9.35907e-01 2.64949e+00
 14    15 -7.71014e+02 9.30469e-01 2.64942e+00
 15    16 -7.97231e+02 9.24910e-01 2.64385e+00
 16    17 -8.37251e+02 9.19271e-01 2.63289e+00
 17    18 -8.58573e+02 9.13573e-01 2.61700e+00
 18    19 -8.93211e+02 9.07701e-01 2.59697e+00
 19    20 -8.94963e+02 9.01739e-01 2.57361e+00
 20    21 -9.20705e+02 8.95511e-01 2.54848e+00
 21    22 -9.52347e+02 8.89010e-01 2.52123e+00
 22    23 -9.62595e+02 8.82268e-01 2.49232e+00
 23    24 -9.71401e+02 8.75347e-01 2.46275e+00
 24    25 -9.97704e+02 8.68108e-01 2.43212e+00
 25    26 -1.00193e+03 8.60541e-01 2.40028e+00
 26    27 -1.01645e+03 8.52707e-01 2.36740e+00
 27    28 -1.02830e+03 8.44567e-01 2.33464e+00
 28    29 -1.02775e+03 8.36075e-01 2.30174e+00
 29    30 -1.04133e+03 8.27249e-01 2.26872e+00
 30    31 -1.04467e+03 8.18118e-01 2.23631e+00
 31    32 -1.06343e+03 8.08665e-01 2.20456e+00
 32    33 -1.07290e+03 7.98915e-01 2.17235e+00
 33    34 -1.06466e+03 7.88834e-01 2.14065e+00
 34    35 -1.07381e+03 7.78437e-01 2.10890e+00
 35    36 -1.07298e+03 7.67724e-01 2.07720e+00
 36    37 -1.09003e+03 7.56703e-01 2.04595e+00
 37    38 -1.07774e+03 7.45357e-01 2.01458e+00
 38    39 -1.09104e+03 7.33673e-01 1.98311e+00
 39    40 -1.10217e+03 7.21677e-01 1.95119e+00
 40    41 -1.12993e+03 7.09403e-01 1.91869e+00
 41    42 -1.11004e+03 6.96943e-01 1.88547e+00
 42    43 -1.10509e+03 6.84250e-01 1.85151e+00
 43    44 -1.11067e+03 6.71347e-01 1.81732e+00
 44    45 -1.11076e+03 6.58125e-01 1.78247e+00
 45    46 -1.08760e+03 6.44743e-01 1.74757e+00
 46    47 -1.07667e+03 6.31228e-01 1.71252e+00
 47    48 -1.12285e+03 6.17557e-01 1.67716e+00
 48    49 -1.12213e+03 6.03772e-01 1.64201e+00
 49    50 -1.10053e+03 5.89908e-01 1.60714e+00
 50    51 -1.11585e+03 5.76028e-01 1.57250e+00
 51    53 -1.11636e+03 5.48149e-01 1.50330e+00
 52    54 -1.11529e+03 5.34264e-01 1.46898e+00
 53    55 -1.13082e+03 5.20406e-01 1.43477e+00
 54    56 -1.12233e+03 5.06612e-01 1.40058e+00
 55    58 -1.11530e+03 4.79332e-01 1.33289e+00
 56    59 -1.11476e+03 4.65902e-01 1.29957e+00
 57    60 -1.13018e+03 4.52684e-01 1.26670e+00
 58    62 -1.12019e+03 4.26938e-01 1.20176e+00
 59    63 -1.11223e+03 4.14451e-01 1.16970e+00
 60    65 -1.14190e+03 3.90376e-01 1.10722e+00
 61    66 -1.10955e+03 3.78787e-01 1.07666e+00
 62    68 -1.11321e+03 3.56310e-01 1.01754e+00
 63    69 -1.10547e+03 3.45373e-01 9.89120e-01
 64    71 -1.11312e+03 3.24198e-01 9.33217e-01
 65    73 -1.12044e+03 3.04008e-01 8.78292e-01
 66    74 -1.14718e+03 2.94319e-01 8.51713e-01
 67    76 -1.14477e+03 2.75786e-01 8.00510e-01
 68    78 -1.14516e+03 2.58330e-01 7.50692e-01
 69    80 -1.11363e+03 2.41862e-01 7.02283e-01
 70    82 -1.12652e+03 2.26357e-01 6.55838e-01
 71    84 -1.11669e+03 2.11854e-01 6.11769e-01
 72    86 -1.10858e+03 1.98324e-01 5.69949e-01
 73    88 -1.13197e+03 1.85556e-01 5.30755e-01
 74    90 -1.14673e+03 1.73490e-01 4.93477e-01
 75    92 -1.12390e+03 1.62030e-01 4.59100e-01
 76    94 -1.15140e+03 1.51149e-01 4.26975e-01
 77    96 -1.11585e+03 1.40893e-01 3.96923e-01
 78    98 -1.11792e+03 1.31258e-01 3.69511e-01
 79   101 -1.12479e+03 1.17982e-01 3.32197e-01
 80   103 -1.12332e+03 1.09758e-01 3.09534e-01
 81   105 -1.14413e+03 1.01882e-01 2.87956e-01
 82   108 -1.11339e+03 9.07665e-02 2.58803e-01
 83   110 -1.12734e+03 8.39899e-02 2.41374e-01
 84   113 -1.12845e+03 7.46866e-02 2.18139e-01
 85   116 -1.12616e+03 6.61072e-02 1.98429e-01
 86   118 -1.13241e+03 6.07799e-02 1.87110e-01
 87   121 -1.12470e+03 5.33802e-02 1.71344e-01
 88   124 -1.13891e+03 4.67064e-02 1.58765e-01
 89   127 -1.15171e+03 4.06887e-02 1.48944e-01
 90   130 -1.12114e+03 3.53399e-02 1.38399e-01
 91   133 -1.12219e+03 3.04251e-02 1.26089e-01
 92   136 -1.11979e+03 2.60490e-02 1.17633e-01
 93   139 -1.15263e+03 2.21179e-02 1.11898e-01
 94   143 -1.14130e+03 1.77973e-02 1.08085e-01
 95   146 -1.12691e+03 1.50833e-02 1.05544e-01
 96   149 -1.11976e+03 1.26913e-02 1.03955e-01
 97   153 -1.13235e+03 9.95206e-03 1.02276e-01
 98   156 -1.14197e+03 8.41638e-03 1.01030e-01
 99   160 -1.10158e+03 6.80828e-03 9.88968e-02
100   164 -1.14046e+03 5.60617e-03 1.00134e-01
101   168 -1.13540e+03 5.07284e-03 1.05250e-01
102   172 -1.13288e+03 4.56199e-03 1.05320e-01
103   176 -1.13511e+03 4.28461e-03 1.02367e-01
104   180 -1.12422e+03 3.97796e-03 1.00368e-01
105   184 -1.12356e+03 3.94661e-03 9.98210e-02
106   188 -1.14079e+03 3.82143e-03 9.74930e-02
107   193 -1.12923e+03 4.25143e-03 1.05927e-01
108   197 -1.13160e+03 4.18355e-03 1.06622e-01
109   202 -1.12393e+03 4.09265e-03 1.02940e-01
110   206 -1.13515e+03 4.33288e-03 1.07571e-01
111   211 -1.11594e+03 4.12703e-03 1.04868e-01
112   216 -1.12534e+03 3.81940e-03 1.01376e-01
113   221 -1.14925e+03 3.47791e-03 9.57373e-02
114   226 -1.11787e+03 3.66937e-03 1.00595e-01
115   232 -1.12634e+03 3.66058e-03 1.01206e-01
116   237 -1.12215e+03 3.32557e-03 9.60677e-02
117   243 -1.13083e+03 3.43018e-03 9.79297e-02
118   248 -1.12163e+03 3.52377e-03 9.94284e-02
119   254 -1.14178e+03 3.55643e-03 9.77280e-02
120   260 -1.11281e+03 3.89553e-03 1.05316e-01
121   266 -1.12022e+03 3.75837e-03 1.00406e-01
122   272 -1.12164e+03 3.81403e-03 1.01789e-01
123   279 -1.14606e+03 4.13563e-03 1.04529e-01
124   285 -1.11195e+03 3.84620e-03 9.98682e-02
125   292 -1.14022e+03 3.94890e-03 1.02127e-01
126   299 -1.12357e+03 3.69069e-03 9.96967e-02
127   306 -1.13376e+03 3.58615e-03 9.99623e-02
128   313 -1.13316e+03 3.93124e-03 1.04857e-01
129   320 -1.10646e+03 3.85994e-03 1.01579e-01
130   328 -1.11862e+03 3.89961e-03 1.01683e-01
131   335 -1.12809e+03 3.66933e-03 9.81609e-02
132   343 -1.12649e+03 3.82824e-03 9.96930e-02
133   351 -1.12546e+03 3.81584e-03 1.02625e-01
134   360 -1.14562e+03 4.25455e-03 1.04054e-01
135   368 -1.13599e+03 3.74365e-03 9.81687e-02
136   377 -1.13223e+03 4.53271e-03 1.05719e-01
137   385 -1.13017e+03 3.97662e-03 1.03182e-01
138   394 -1.13603e+03 4.25332e-03 1.03421e-01
139   404 -1.13585e+03 3.38732e-03 9.77925e-02
140   413 -1.12255e+03 3.29803e-03 9.68513e-02
141   423 -1.15163e+03 3.49915e-03 9.94439e-02
142   433 -1.13083e+03 3.69464e-03 1.00992e-01
143   443 -1.12003e+03 3.74741e-03 1.01226e-01
144   453 -1.13837e+03 3.65056e-03 1.00484e-01
145   464 -1.13254e+03 3.13724e-03 9.37216e-02
146   474 -1.13257e+03 3.80273e-03 1.04657e-01
147   486 -1.12726e+03 3.81279e-03 1.01801e-01
148   497 -1.13911e+03 3.86901e-03 1.02626e-01
149   509 -1.13792e+03 3.92208e-03 1.03841e-01
150   520 -1.13048e+03 3.64815e-03 9.78181e-02
151   533 -1.12638e+03 3.94686e-03 1.02356e-01
152   545 -1.11829e+03 3.51693e-03 9.83229e-02
153   558 -1.12179e+03 3.94256e-03 1.02599e-01
154   571 -1.13226e+03 3.55158e-03 9.64250e-02
155   584 -1.12863e+03 3.86053e-03 1.04435e-01
156   598 -1.14213e+03 3.83108e-03 1.02822e-01
157   612 -1.14462e+03 4.07320e-03 1.05299e-01
158   626 -1.11982e+03 3.58456e-03 9.84548e-02
159   641 -1.13900e+03 3.98364e-03 1.05360e-01
160   656 -1.13252e+03 3.40900e-03 9.62431e-02
161   671 -1.14325e+03 3.59773e-03 1.00065e-01
162   687 -1.13437e+03 3.53443e-03 9.91451e-02
163   703 -1.12015e+03 3.44923e-03 9.87107e-02
164   719 -1.13740e+03 3.70906e-03 1.01311e-01
165   736 -1.14692e+03 3.72860e-03 1.00692e-01
166   753 -1.13705e+03 3.45792e-03 1.00220e-01
167   771 -1.15100e+03 3.21891e-03 9.53216e-02
168   789 -1.13589e+03 3.87205e-03 1.05477e-01
169   807 -1.10858e+03 3.33615e-03 9.49839e-02
170   826 -1.10384e+03 3.25670e-03 9.65513e-02
171   845 -1.11539e+03 3.43962e-03 9.99342e-02
172   865 -1.12079e+03 3.49516e-03 9.84574e-02
173   885 -1.13601e+03 3.87054e-03 1.00279e-01
174   906 -1.12487e+03 3.49707e-03 9.43908e-02
175   927 -1.14093e+03 3.81700e-03 1.01920e-01
176   949 -1.11589e+03 3.94541e-03 1.03328e-01
177   971 -1.14657e+03 3.55110e-03 9.86055e-02
178   994 -1.14742e+03 3.45116e-03 9.87310e-02
179  1017 -1.13584e+03 3.76117e-03 1.01539e-01
180  1041 -1.11472e+03 3.60468e-03 9.91770e-02
181  1065 -1.14616e+03 3.65168e-03 1.00084e-01
182  1090 -1.13565e+03 3.32372e-03 9.71178e-02
183  1115 -1.12763e+03 3.19263e-03 9.55311e-02
184  1141 -1.13851e+03 3.51008e-03 9.97718e-02
185  1168 -1.13139e+03 3.71614e-03 1.01391e-01
186  1195 -1.12398e+03 3.56381e-03 1.00491e-01
187  1223 -1.13394e+03 3.51397e-03 9.97555e-02
188  1252 -1.11406e+03 3.62873e-03 1.01643e-01
189  1281 -1.12716e+03 3.36846e-03 9.73670e-02
190  1311 -1.12503e+03 3.30963e-03 9.73344e-02
191  1342 -1.14389e+03 3.39313e-03 9.78314e-02
192  1373 -1.11793e+03 3.36485e-03 9.80006e-02
193  1405 -1.12677e+03 3.43209e-03 9.89819e-02
194  1438 -1.13710e+03 3.50167e-03 9.92638e-02
195  1472 -1.13585e+03 3.49401e-03 9.86919e-02
196  1506 -1.14424e+03 3.40998e-03 9.78122e-02
197  1541 -1.12390e+03 3.42391e-03 9.81065e-02
198  1577 -1.12660e+03 3.45059e-03 9.81552e-02
199  1614 -1.13328e+03 3.47262e-03 9.90490e-02
200  1652 -1.13630e+03 3.52664e-03 9.96648e-02
201  1690 -1.12087e+03 3.62506e-03 1.00752e-01
202  1730 -1.13048e+03 3.62718e-03 1.00414e-01
203  1770 -1.13678e+03 3.49721e-03 9.81394e-02
204  1811 -1.14146e+03 3.47804e-03 9.82410e-02
205  1854 -1.13005e+03 3.50071e-03 9.87272e-02
206  1897 -1.13295e+03 3.60685e-03 1.00219e-01
207  1941 -1.13794e+03 3.58623e-03 9.97200e-02
208  1987 -1.11872e+03 3.50251e-03 9.85113e-02
209  2033 -1.11979e+03 3.50444e-03 9.87708e-02
210  2081 -1.12951e+03 3.50447e-03 9.89557e-02
211  2129 -1.13220e+03 3.47436e-03 9.86197e-02
212  2179 -1.12500e+03 3.47475e-03 9.85893e-02
213  2230 -1.11529e+03 3.45174e-03 9.82672e-02
214  2282 -1.12502e+03 3.44776e-03 9.83565e-02
215  2335 -1.11300e+03 3.46198e-03 9.86299e-02
216  2390 -1.13243e+03 3.48413e-03 9.90287e-02
217  2446 -1.13627e+03 3.48423e-03 9.90658e-02
218  2503 -1.12456e+03 3.48883e-03 9.90796e-02
219  2561 -1.14410e+03 3.48914e-03 9.90856e-02
220  2621 -1.11833e+03 3.47675e-03 9.88978e-02
221  2682 -1.14903e+03 3.47662e-03 9.88772e-02
222  2745 -1.13356e+03 3.48614e-03 9.90075e-02
223  2809 -1.10999e+03 3.48742e-03 9.90080e-02
224  2875 -1.14227e+03 3.48852e-03 9.90262e-02
225  2942 -1.13504e+03 3.48980e-03 9.90307e-02
226  3010 -1.13803e+03 3.48894e-03 9.90291e-02
227  3081 -1.13640e+03 3.48784e-03 9.90105e-02
228  3153 -1.12180e+03 3.48670e-03 9.89939e-02
229  3226 -1.15178e+03 3.48603e-03 9.89810e-02
230  3302 -1.11032e+03 3.48599e-03 9.89719e-02
231  3379 -1.12921e+03 3.48638e-03 9.89771e-02
232  3458 -1.10089e+03 3.48606e-03 9.89747e-02
233  3538 -1.13080e+03 3.48582e-03 9.89699e-02
234  3621 -1.13826e+03 3.48642e-03 9.89798e-02
235  3706 -1.13453e+03 3.48657e-03 9.89832e-02
236  3792 -1.13017e+03 3.48653e-03 9.89829e-02
237  3881 -1.12781e+03 3.48658e-03 9.89844e-02
238  3971 -1.10968e+03 3.48669e-03 9.89858e-02
239  4064 -1.12322e+03 3.48635e-03 9.89813e-02
240  4159 -1.12476e+03 3.48595e-03 9.89737e-02
241  4256 -1.13698e+03 3.48557e-03 9.89652e-02
242  4356 -1.12798e+03 3.48588e-03 9.89713e-02
243  4457 -1.12372e+03 3.48553e-03 9.89647e-02
244  4561 -1.15087e+03 3.48590e-03 9.89706e-02
245  4668 -1.13968e+03 3.48619e-03 9.89753e-02
246  4777 -1.14059e+03 3.48634e-03 9.89787e-02
247  4889 -1.14098e+03 3.48633e-03 9.89781e-02
248  5003 -1.13445e+03 3.48646e-03 9.89811e-02
249  5120 -1.14956e+03 3.48621e-03 9.89806e-02
250  5239 -1.11366e+03 3.48553e-03 9.89689e-02
251  5361 -1.14311e+03 3.48500e-03 9.89556e-02
252  5487 -1.13619e+03 3.48578e-03 9.89639e-02
253  5615 -1.12999e+03 3.48539e-03 9.89558e-02
254  5746 -1.12456e+03 3.48502e-03 9.89485e-02
255  5880 -1.12772e+03 3.48458e-03 9.89407e-02
256  6017 -1.12583e+03 3.48402e-03 9.89302e-02
257  6158 -1.12951e+03 3.48454e-03 9.89390e-02
258  6302 -1.12790e+03 3.48418e-03 9.89363e-02
259  6449 -1.12508e+03 3.48429e-03 9.89386e-02
260  6600 -1.14444e+03 3.48483e-03 9.89434e-02
261  6754 -1.13706e+03 3.48518e-03 9.89486e-02
262  6911 -1.11136e+03 3.48471e-03 9.89408e-02
263  7073 -1.12924e+03 3.48430e-03 9.89354e-02
264  7238 -1.13337e+03 3.48460e-03 9.89390e-02
265  7407 -1.12859e+03 3.48391e-03 9.89232e-02
266  7580 -1.13317e+03 3.48352e-03 9.89158e-02
267  7757 -1.13052e+03 3.48325e-03 9.89096e-02
268  7938 -1.10944e+03 3.48289e-03 9.89010e-02
269  8124 -1.13263e+03 3.48301e-03 9.89037e-02
270  8313 -1.14344e+03 3.48296e-03 9.88986e-02
271  8507 -1.12418e+03 3.48260e-03 9.88914e-02
272  8706 -1.12959e+03 3.48339e-03 9.89056e-02
273  8909 -1.13073e+03 3.48276e-03 9.88935e-02
274  9118 -1.15296e+03 3.48209e-03 9.88808e-02
275  9330 -1.12853e+03 3.48254e-03 9.88898e-02
276  9548 -1.15146e+03 3.48231e-03 9.88863e-02
277  9771 -1.13309e+03 3.48257e-03 9.88916e-02
278 10000 -1.12320e+03 3.48228e-03 9.88885e-02
