i, epoch, loss, l2_err, h1_err
  0     1 -9.49112e+01 9.75179e-01 1.02743e+00
  1     2 -1.58634e+02 9.51224e-01 1.02194e+00
  2     3 -2.30416e+02 9.27395e-01 1.01678e+00
  3     4 -3.01104e+02 9.03380e-01 1.01310e+00
  4     5 -3.56469e+02 8.78096e-01 1.00775e+00
  5     6 -4.12737e+02 8.51684e-01 9.99661e-01
  6     7 -4.63252e+02 8.23875e-01 9.87088e-01
  7     8 -5.16518e+02 7.95323e-01 9.71279e-01
  8     9 -5.72373e+02 7.66262e-01 9.53210e-01
  9    10 -6.04290e+02 7.36959e-01 9.33376e-01
 10    11 -6.60556e+02 7.07322e-01 9.11716e-01
 11    12 -6.95425e+02 6.77584e-01 8.89206e-01
 12    13 -7.31926e+02 6.47802e-01 8.65147e-01
 13    14 -7.90339e+02 6.18163e-01 8.40281e-01
 14    15 -8.09511e+02 5.88682e-01 8.14611e-01
 15    16 -8.44487e+02 5.59452e-01 7.88517e-01
 16    17 -8.71051e+02 5.30644e-01 7.61756e-01
 17    18 -8.91636e+02 5.02104e-01 7.34054e-01
 18    19 -9.18243e+02 4.73991e-01 7.05724e-01
 19    20 -9.47529e+02 4.46350e-01 6.76826e-01
 20    21 -9.71795e+02 4.19301e-01 6.47733e-01
 21    22 -9.77944e+02 3.92963e-01 6.18596e-01
 22    23 -1.00959e+03 3.67171e-01 5.89611e-01
 23    24 -1.01928e+03 3.42068e-01 5.61034e-01
 24    25 -1.03399e+03 3.17704e-01 5.33394e-01
 25    26 -1.04514e+03 2.94144e-01 5.06476e-01
 26    27 -1.04432e+03 2.71288e-01 4.80788e-01
 27    28 -1.06693e+03 2.49245e-01 4.56512e-01
 28    29 -1.07411e+03 2.28105e-01 4.33761e-01
 29    30 -1.07893e+03 2.07822e-01 4.12669e-01
 30    31 -1.09268e+03 1.88628e-01 3.93637e-01
 31    32 -1.11100e+03 1.70538e-01 3.76671e-01
 32    33 -1.09035e+03 1.53605e-01 3.61477e-01
 33    34 -1.09354e+03 1.37853e-01 3.47926e-01
 34    35 -1.12156e+03 1.23366e-01 3.35888e-01
 35    36 -1.10519e+03 1.10176e-01 3.25229e-01
 36    37 -1.10324e+03 9.82517e-02 3.15699e-01
 37    38 -1.10716e+03 8.77301e-02 3.06864e-01
 38    39 -1.11796e+03 7.85871e-02 2.98447e-01
 39    40 -1.11305e+03 7.09036e-02 2.90461e-01
 40    41 -1.12142e+03 6.47185e-02 2.83280e-01
 41    42 -1.13999e+03 6.00279e-02 2.76761e-01
 42    43 -1.11886e+03 5.67554e-02 2.70807e-01
 43    44 -1.10611e+03 5.47287e-02 2.64873e-01
 44    45 -1.14875e+03 5.37969e-02 2.59323e-01
 45    46 -1.14331e+03 5.37931e-02 2.54672e-01
 46    47 -1.14611e+03 5.44677e-02 2.50753e-01
 47    48 -1.12844e+03 5.55450e-02 2.47335e-01
 48    49 -1.11933e+03 5.68525e-02 2.44544e-01
 49    50 -1.13398e+03 5.81605e-02 2.42044e-01
 50    51 -1.13637e+03 5.94052e-02 2.39927e-01
 51    53 -1.12711e+03 6.14918e-02 2.36749e-01
 52    54 -1.15336e+03 6.22930e-02 2.35685e-01
 53    55 -1.11561e+03 6.28681e-02 2.34768e-01
 54    56 -1.12155e+03 6.32117e-02 2.33929e-01
 55    58 -1.13964e+03 6.32220e-02 2.32436e-01
 56    59 -1.10741e+03 6.29927e-02 2.31953e-01
 57    60 -1.12150e+03 6.24897e-02 2.31307e-01
 58    62 -1.13325e+03 6.05659e-02 2.29127e-01
 59    63 -1.13117e+03 5.92129e-02 2.27682e-01
 60    65 -1.13130e+03 5.58176e-02 2.23933e-01
 61    66 -1.14315e+03 5.39309e-02 2.21864e-01
 62    68 -1.13331e+03 5.04165e-02 2.18297e-01
 63    69 -1.13057e+03 4.89043e-02 2.16888e-01
 64    71 -1.14418e+03 4.63401e-02 2.14464e-01
 65    73 -1.12396e+03 4.47222e-02 2.12965e-01
 66    74 -1.13632e+03 4.42450e-02 2.12532e-01
 67    76 -1.12886e+03 4.35469e-02 2.11628e-01
 68    78 -1.13911e+03 4.30646e-02 2.10650e-01
 69    80 -1.13554e+03 4.28103e-02 2.10000e-01
 70    82 -1.12552e+03 4.25595e-02 2.09334e-01
 71    84 -1.13439e+03 4.20712e-02 2.08184e-01
 72    86 -1.14536e+03 4.13983e-02 2.06708e-01
 73    88 -1.12936e+03 4.05821e-02 2.05091e-01
 74    90 -1.13991e+03 3.97028e-02 2.03501e-01
 75    92 -1.13201e+03 3.87900e-02 2.01962e-01
 76    94 -1.11327e+03 3.78938e-02 2.00541e-01
 77    96 -1.13847e+03 3.70501e-02 1.99322e-01
 78    98 -1.15352e+03 3.63644e-02 1.98723e-01
 79   101 -1.11577e+03 3.57785e-02 1.99321e-01
 80   103 -1.13197e+03 3.58035e-02 2.00871e-01
 81   105 -1.13418e+03 3.60178e-02 2.02487e-01
 82   108 -1.12472e+03 3.59193e-02 2.02872e-01
 83   110 -1.13594e+03 3.56073e-02 2.01920e-01
 84   113 -1.14528e+03 3.53578e-02 2.00663e-01
 85   116 -1.13649e+03 3.51356e-02 1.99529e-01
 86   118 -1.12991e+03 3.49585e-02 1.98982e-01
 87   121 -1.12343e+03 3.47041e-02 1.98689e-01
 88   124 -1.13987e+03 3.46837e-02 1.99275e-01
 89   127 -1.11373e+03 3.48389e-02 2.00332e-01
 90   130 -1.12385e+03 3.50892e-02 2.01493e-01
 91   133 -1.13212e+03 3.49260e-02 2.01424e-01
 92   136 -1.11319e+03 3.46643e-02 2.00740e-01
 93   139 -1.14629e+03 3.42439e-02 1.99437e-01
 94   143 -1.12309e+03 3.40474e-02 1.98452e-01
 95   146 -1.14142e+03 3.42598e-02 1.98908e-01
 96   149 -1.10724e+03 3.43291e-02 1.98990e-01
 97   153 -1.11370e+03 3.48473e-02 2.00041e-01
 98   156 -1.11713e+03 3.49637e-02 2.00015e-01
 99   160 -1.12625e+03 3.48925e-02 1.99268e-01
100   164 -1.14379e+03 3.51677e-02 1.99704e-01
101   168 -1.14386e+03 3.55885e-02 2.00861e-01
102   172 -1.13008e+03 3.57136e-02 2.01585e-01
103   176 -1.15233e+03 3.56405e-02 2.01625e-01
104   180 -1.11390e+03 3.53900e-02 2.01171e-01
105   184 -1.11745e+03 3.54204e-02 2.01589e-01
106   188 -1.13531e+03 3.49584e-02 2.00163e-01
107   193 -1.14862e+03 3.45980e-02 1.98912e-01
108   197 -1.12920e+03 3.49631e-02 1.99880e-01
109   202 -1.13087e+03 3.58969e-02 2.01892e-01
110   206 -1.14489e+03 3.63664e-02 2.02560e-01
111   211 -1.10373e+03 3.61715e-02 2.01360e-01
112   216 -1.12987e+03 3.60933e-02 2.01164e-01
113   221 -1.12408e+03 3.65056e-02 2.02932e-01
114   226 -1.11734e+03 3.61401e-02 2.01995e-01
115   232 -1.13360e+03 3.45680e-02 1.97513e-01
116   237 -1.13335e+03 3.47572e-02 1.98891e-01
117   243 -1.11798e+03 3.45895e-02 1.99674e-01
118   248 -1.13331e+03 3.46434e-02 2.00457e-01
119   254 -1.12820e+03 3.54140e-02 2.01170e-01
120   260 -1.12977e+03 3.60281e-02 2.01088e-01
121   266 -1.13914e+03 3.65248e-02 2.02296e-01
122   272 -1.10971e+03 3.61323e-02 2.01268e-01
123   279 -1.12900e+03 3.61502e-02 2.01214e-01
124   285 -1.11374e+03 3.60071e-02 2.00678e-01
125   292 -1.12793e+03 3.65734e-02 2.02727e-01
126   299 -1.13239e+03 3.60617e-02 2.00849e-01
127   306 -1.11314e+03 3.63444e-02 2.01810e-01
128   313 -1.14512e+03 3.54489e-02 2.00475e-01
129   320 -1.12010e+03 3.53356e-02 2.01371e-01
130   328 -1.12431e+03 3.52700e-02 2.00813e-01
131   335 -1.11868e+03 3.56155e-02 2.01404e-01
132   343 -1.13312e+03 3.58177e-02 2.01720e-01
133   351 -1.13613e+03 3.54531e-02 2.00784e-01
134   360 -1.14344e+03 3.58684e-02 2.00713e-01
135   368 -1.12061e+03 3.71983e-02 2.03208e-01
136   377 -1.13154e+03 3.69887e-02 2.04133e-01
137   385 -1.14913e+03 3.69206e-02 2.02960e-01
138   394 -1.12917e+03 3.73153e-02 2.03365e-01
139   404 -1.11945e+03 3.64957e-02 2.01375e-01
140   413 -1.13673e+03 3.59922e-02 2.01960e-01
141   423 -1.12019e+03 3.57198e-02 2.01927e-01
142   433 -1.13014e+03 3.53578e-02 2.00166e-01
143   443 -1.14180e+03 3.53201e-02 2.00406e-01
144   453 -1.12419e+03 3.55587e-02 2.00458e-01
145   464 -1.12650e+03 3.65488e-02 2.02955e-01
146   474 -1.13469e+03 3.56624e-02 2.00489e-01
147   486 -1.11264e+03 3.56284e-02 2.00637e-01
148   497 -1.12990e+03 3.61843e-02 2.02143e-01
149   509 -1.12783e+03 3.53847e-02 2.00352e-01
150   520 -1.11453e+03 3.60271e-02 2.02272e-01
151   533 -1.13002e+03 3.60599e-02 2.01090e-01
152   545 -1.11495e+03 3.50859e-02 1.99749e-01
153   558 -1.12833e+03 3.37606e-02 1.97537e-01
154   571 -1.13828e+03 3.38642e-02 1.98451e-01
155   584 -1.13348e+03 3.53268e-02 2.00683e-01
156   598 -1.13213e+03 3.62891e-02 2.00513e-01
157   612 -1.13303e+03 3.66194e-02 2.03095e-01
158   626 -1.11166e+03 3.55443e-02 1.99975e-01
159   641 -1.10405e+03 3.60116e-02 2.02179e-01
160   656 -1.12497e+03 3.64095e-02 2.02201e-01
161   671 -1.12059e+03 3.69143e-02 2.02753e-01
162   687 -1.12320e+03 3.59155e-02 2.01457e-01
163   703 -1.12236e+03 3.51039e-02 2.00233e-01
164   719 -1.13686e+03 3.49438e-02 2.00176e-01
165   736 -1.12981e+03 3.51300e-02 1.99727e-01
166   753 -1.13029e+03 3.48667e-02 1.99462e-01
167   771 -1.13654e+03 3.47773e-02 1.99624e-01
168   789 -1.13070e+03 3.49688e-02 2.00882e-01
169   807 -1.13378e+03 3.62607e-02 2.01447e-01
170   826 -1.12030e+03 3.63398e-02 2.02817e-01
171   845 -1.12066e+03 3.62128e-02 2.01205e-01
172   865 -1.12988e+03 3.55047e-02 2.00737e-01
173   885 -1.11309e+03 3.52065e-02 2.00070e-01
174   906 -1.12381e+03 3.50528e-02 2.00003e-01
175   927 -1.13879e+03 3.57861e-02 2.01572e-01
176   949 -1.12395e+03 3.56553e-02 2.01115e-01
177   971 -1.13632e+03 3.56094e-02 2.01119e-01
178   994 -1.12644e+03 3.56822e-02 2.00765e-01
179  1017 -1.12245e+03 3.50595e-02 1.99253e-01
180  1041 -1.13066e+03 3.52919e-02 2.01170e-01
181  1065 -1.13649e+03 3.50657e-02 2.00069e-01
182  1090 -1.13444e+03 3.52501e-02 2.00508e-01
183  1115 -1.12665e+03 3.56406e-02 2.01250e-01
184  1141 -1.12467e+03 3.54448e-02 2.00514e-01
185  1168 -1.13249e+03 3.54103e-02 2.00492e-01
186  1195 -1.11601e+03 3.53661e-02 2.00360e-01
187  1223 -1.13112e+03 3.53388e-02 2.00631e-01
188  1252 -1.12531e+03 3.53480e-02 2.00597e-01
189  1281 -1.12936e+03 3.54526e-02 2.00593e-01
190  1311 -1.14435e+03 3.55100e-02 2.00884e-01
191  1342 -1.12723e+03 3.56736e-02 2.01219e-01
192  1373 -1.12456e+03 3.54578e-02 2.00392e-01
193  1405 -1.12504e+03 3.53624e-02 2.00348e-01
194  1438 -1.13393e+03 3.53033e-02 2.00418e-01
195  1472 -1.13746e+03 3.53861e-02 2.00414e-01
196  1506 -1.13990e+03 3.55983e-02 2.01162e-01
197  1541 -1.13675e+03 3.52904e-02 2.00326e-01
198  1577 -1.11826e+03 3.54946e-02 2.00776e-01
199  1614 -1.11750e+03 3.53053e-02 2.00315e-01
200  1652 -1.13325e+03 3.53020e-02 2.00400e-01
201  1690 -1.12949e+03 3.51318e-02 2.00021e-01
202  1730 -1.11355e+03 3.52519e-02 2.00333e-01
203  1770 -1.13274e+03 3.53969e-02 2.00719e-01
204  1811 -1.10540e+03 3.53621e-02 2.00456e-01
205  1854 -1.13318e+03 3.54016e-02 2.00597e-01
206  1897 -1.13909e+03 3.54151e-02 2.00644e-01
207  1941 -1.12256e+03 3.54193e-02 2.00567e-01
208  1987 -1.14161e+03 3.53466e-02 2.00382e-01
209  2033 -1.13982e+03 3.54979e-02 2.00748e-01
210  2081 -1.11977e+03 3.54424e-02 2.00534e-01
211  2129 -1.13598e+03 3.55593e-02 2.00837e-01
212  2179 -1.14473e+03 3.56146e-02 2.00912e-01
213  2230 -1.12137e+03 3.56273e-02 2.00915e-01
214  2282 -1.12580e+03 3.56090e-02 2.00827e-01
215  2335 -1.13132e+03 3.56050e-02 2.00868e-01
216  2390 -1.14703e+03 3.56203e-02 2.00919e-01
217  2446 -1.13289e+03 3.55982e-02 2.00843e-01
218  2503 -1.13275e+03 3.56550e-02 2.00951e-01
219  2561 -1.13870e+03 3.56611e-02 2.00971e-01
220  2621 -1.13929e+03 3.56627e-02 2.00955e-01
221  2682 -1.14087e+03 3.56501e-02 2.00928e-01
222  2745 -1.14929e+03 3.56585e-02 2.00952e-01
223  2809 -1.13180e+03 3.56600e-02 2.00956e-01
224  2875 -1.13087e+03 3.56553e-02 2.00939e-01
225  2942 -1.13349e+03 3.56675e-02 2.00978e-01
226  3010 -1.12854e+03 3.56708e-02 2.00985e-01
227  3081 -1.12425e+03 3.56748e-02 2.00988e-01
228  3153 -1.15039e+03 3.56765e-02 2.00995e-01
229  3226 -1.13719e+03 3.56793e-02 2.01000e-01
230  3302 -1.12820e+03 3.56796e-02 2.01000e-01
231  3379 -1.12423e+03 3.56781e-02 2.00997e-01
232  3458 -1.12019e+03 3.56805e-02 2.01007e-01
233  3538 -1.13971e+03 3.56810e-02 2.01007e-01
234  3621 -1.14020e+03 3.56792e-02 2.01002e-01
235  3706 -1.12231e+03 3.56780e-02 2.01000e-01
236  3792 -1.13732e+03 3.56758e-02 2.00995e-01
237  3881 -1.13481e+03 3.56745e-02 2.00991e-01
238  3971 -1.12119e+03 3.56735e-02 2.00987e-01
239  4064 -1.12904e+03 3.56747e-02 2.00992e-01
240  4159 -1.13705e+03 3.56752e-02 2.00993e-01
241  4256 -1.12457e+03 3.56748e-02 2.00991e-01
242  4356 -1.14596e+03 3.56722e-02 2.00985e-01
243  4457 -1.12854e+03 3.56725e-02 2.00985e-01
244  4561 -1.12716e+03 3.56699e-02 2.00977e-01
245  4668 -1.12043e+03 3.56706e-02 2.00977e-01
246  4777 -1.12724e+03 3.56686e-02 2.00971e-01
247  4889 -1.13062e+03 3.56687e-02 2.00972e-01
248  5003 -1.14394e+03 3.56662e-02 2.00966e-01
249  5120 -1.13710e+03 3.56650e-02 2.00964e-01
250  5239 -1.13917e+03 3.56652e-02 2.00961e-01
251  5361 -1.11774e+03 3.56630e-02 2.00956e-01
252  5487 -1.13940e+03 3.56635e-02 2.00957e-01
253  5615 -1.13717e+03 3.56598e-02 2.00947e-01
254  5746 -1.14502e+03 3.56630e-02 2.00955e-01
255  5880 -1.13238e+03 3.56602e-02 2.00947e-01
256  6017 -1.12896e+03 3.56596e-02 2.00948e-01
257  6158 -1.11361e+03 3.56612e-02 2.00952e-01
258  6302 -1.14455e+03 3.56597e-02 2.00946e-01
259  6449 -1.12354e+03 3.56589e-02 2.00944e-01
260  6600 -1.15113e+03 3.56606e-02 2.00950e-01
261  6754 -1.12000e+03 3.56603e-02 2.00949e-01
262  6911 -1.13542e+03 3.56613e-02 2.00951e-01
263  7073 -1.13177e+03 3.56602e-02 2.00948e-01
264  7238 -1.13109e+03 3.56589e-02 2.00946e-01
265  7407 -1.10821e+03 3.56544e-02 2.00935e-01
266  7580 -1.10080e+03 3.56547e-02 2.00936e-01
267  7757 -1.12493e+03 3.56508e-02 2.00927e-01
268  7938 -1.13048e+03 3.56526e-02 2.00934e-01
269  8124 -1.12638e+03 3.56540e-02 2.00936e-01
270  8313 -1.11302e+03 3.56556e-02 2.00939e-01
271  8507 -1.12213e+03 3.56534e-02 2.00934e-01
272  8706 -1.13782e+03 3.56492e-02 2.00925e-01
273  8909 -1.13990e+03 3.56508e-02 2.00929e-01
274  9118 -1.11334e+03 3.56527e-02 2.00934e-01
275  9330 -1.11681e+03 3.56465e-02 2.00916e-01
276  9548 -1.13312e+03 3.56430e-02 2.00906e-01
277  9771 -1.11644e+03 3.56416e-02 2.00899e-01
278 10000 -1.11549e+03 3.56401e-02 2.00896e-01
