i, epoch, loss, l2_err, h1_err
  0     1 -5.01372e+01 9.84200e-01 1.29473e+00
  1     2 -1.16613e+02 9.73929e-01 1.36384e+00
  2     3 -1.73195e+02 9.64081e-01 1.43903e+00
  3     4 -2.48167e+02 9.54619e-01 1.51624e+00
  4     5 -3.02765e+02 9.45200e-01 1.58710e+00
  5     6 -3.64838e+02 9.35459e-01 1.64879e+00
  6     7 -4.13718e+02 9.25047e-01 1.70002e+00
  7     8 -4.73065e+02 9.14141e-01 1.74046e+00
  8     9 -5.22264e+02 9.02877e-01 1.76998e+00
  9    10 -5.74549e+02 8.91299e-01 1.78810e+00
 10    11 -6.03017e+02 8.79409e-01 1.79561e+00
 11    12 -6.56248e+02 8.67304e-01 1.79671e+00
 12    13 -7.06865e+02 8.54963e-01 1.79212e+00
 13    14 -7.29017e+02 8.42316e-01 1.78325e+00
 14    15 -7.68390e+02 8.29322e-01 1.77027e+00
 15    16 -8.07285e+02 8.16250e-01 1.75498e+00
 16    17 -8.30444e+02 8.02873e-01 1.73816e+00
 17    18 -8.66061e+02 7.89152e-01 1.72014e+00
 18    19 -8.87206e+02 7.75225e-01 1.70051e+00
 19    20 -9.18155e+02 7.61060e-01 1.67989e+00
 20    21 -9.48229e+02 7.46654e-01 1.65861e+00
 21    22 -9.38166e+02 7.32004e-01 1.63740e+00
 22    23 -9.86888e+02 7.17023e-01 1.61508e+00
 23    24 -9.82662e+02 7.01808e-01 1.59149e+00
 24    25 -9.96491e+02 6.86251e-01 1.56636e+00
 25    26 -1.00871e+03 6.70397e-01 1.54007e+00
 26    27 -1.04022e+03 6.54268e-01 1.51294e+00
 27    28 -1.02635e+03 6.37780e-01 1.48469e+00
 28    29 -1.03937e+03 6.21081e-01 1.45580e+00
 29    30 -1.06847e+03 6.04133e-01 1.42647e+00
 30    31 -1.09581e+03 5.87041e-01 1.39701e+00
 31    32 -1.07730e+03 5.69779e-01 1.36660e+00
 32    33 -1.07727e+03 5.52419e-01 1.33554e+00
 33    34 -1.08984e+03 5.35050e-01 1.30386e+00
 34    35 -1.09984e+03 5.17683e-01 1.27191e+00
 35    36 -1.10290e+03 5.00378e-01 1.23957e+00
 36    37 -1.10097e+03 4.83185e-01 1.20707e+00
 37    38 -1.09808e+03 4.66168e-01 1.17456e+00
 38    39 -1.11676e+03 4.49324e-01 1.14218e+00
 39    40 -1.10868e+03 4.32665e-01 1.10996e+00
 40    41 -1.11136e+03 4.16237e-01 1.07780e+00
 41    42 -1.11504e+03 4.00063e-01 1.04567e+00
 42    43 -1.10529e+03 3.84110e-01 1.01384e+00
 43    44 -1.11381e+03 3.68357e-01 9.82093e-01
 44    45 -1.09692e+03 3.52843e-01 9.50531e-01
 45    46 -1.12156e+03 3.37617e-01 9.19399e-01
 46    47 -1.13770e+03 3.22695e-01 8.88973e-01
 47    48 -1.12906e+03 3.08121e-01 8.59052e-01
 48    49 -1.14174e+03 2.93913e-01 8.29969e-01
 49    50 -1.11670e+03 2.80073e-01 8.01551e-01
 50    51 -1.13685e+03 2.66628e-01 7.73887e-01
 51    53 -1.10796e+03 2.40944e-01 7.20177e-01
 52    54 -1.12447e+03 2.28730e-01 6.94222e-01
 53    55 -1.12573e+03 2.16940e-01 6.68818e-01
 54    56 -1.12043e+03 2.05539e-01 6.43746e-01
 55    58 -1.13726e+03 1.83883e-01 5.95128e-01
 56    59 -1.12427e+03 1.73616e-01 5.71575e-01
 57    60 -1.11111e+03 1.63713e-01 5.48625e-01
 58    62 -1.09889e+03 1.44981e-01 5.04688e-01
 59    63 -1.13071e+03 1.36138e-01 4.84053e-01
 60    65 -1.14646e+03 1.19484e-01 4.45795e-01
 61    66 -1.11297e+03 1.11669e-01 4.28011e-01
 62    68 -1.13567e+03 9.69885e-02 3.94382e-01
 63    69 -1.12922e+03 9.01208e-02 3.78496e-01
 64    71 -1.11205e+03 7.74117e-02 3.49717e-01
 65    73 -1.13902e+03 6.59591e-02 3.23522e-01
 66    74 -1.14266e+03 6.07022e-02 3.11698e-01
 67    76 -1.12490e+03 5.10422e-02 2.90729e-01
 68    78 -1.12647e+03 4.25090e-02 2.73093e-01
 69    80 -1.11503e+03 3.50969e-02 2.60210e-01
 70    82 -1.13193e+03 2.88418e-02 2.51295e-01
 71    84 -1.14045e+03 2.37197e-02 2.45023e-01
 72    86 -1.14606e+03 1.96614e-02 2.38516e-01
 73    88 -1.12513e+03 1.67274e-02 2.32956e-01
 74    90 -1.11301e+03 1.50290e-02 2.29907e-01
 75    92 -1.12310e+03 1.44609e-02 2.29105e-01
 76    94 -1.12839e+03 1.46675e-02 2.29205e-01
 77    96 -1.14089e+03 1.52929e-02 2.29760e-01
 78    98 -1.12189e+03 1.61187e-02 2.31135e-01
 79   101 -1.12534e+03 1.71641e-02 2.31256e-01
 80   103 -1.12678e+03 1.76823e-02 2.30557e-01
 81   105 -1.11992e+03 1.79678e-02 2.29587e-01
 82   108 -1.12796e+03 1.81735e-02 2.29117e-01
 83   110 -1.13168e+03 1.82425e-02 2.29671e-01
 84   113 -1.12722e+03 1.81600e-02 2.30627e-01
 85   116 -1.12093e+03 1.78114e-02 2.30539e-01
 86   118 -1.13025e+03 1.74246e-02 2.28867e-01
 87   121 -1.11799e+03 1.69051e-02 2.28175e-01
 88   124 -1.10968e+03 1.65605e-02 2.31112e-01
 89   127 -1.13613e+03 1.59221e-02 2.28936e-01
 90   130 -1.12511e+03 1.53467e-02 2.26235e-01
 91   133 -1.14590e+03 1.51793e-02 2.28954e-01
 92   136 -1.13452e+03 1.49340e-02 2.30445e-01
 93   139 -1.14103e+03 1.43052e-02 2.25744e-01
 94   143 -1.15607e+03 1.41034e-02 2.26761e-01
 95   146 -1.14749e+03 1.40988e-02 2.29156e-01
 96   149 -1.11140e+03 1.37491e-02 2.26563e-01
 97   153 -1.11902e+03 1.34771e-02 2.24173e-01
 98   156 -1.13114e+03 1.36327e-02 2.26342e-01
 99   160 -1.14553e+03 1.37624e-02 2.28058e-01
100   164 -1.13677e+03 1.37139e-02 2.26223e-01
101   168 -1.13534e+03 1.38556e-02 2.27032e-01
102   172 -1.11272e+03 1.39732e-02 2.27408e-01
103   176 -1.13122e+03 1.41108e-02 2.27814e-01
104   180 -1.12168e+03 1.38750e-02 2.25420e-01
105   184 -1.14462e+03 1.39479e-02 2.27655e-01
106   188 -1.12549e+03 1.38540e-02 2.26232e-01
107   193 -1.12088e+03 1.38333e-02 2.26651e-01
108   197 -1.12202e+03 1.37501e-02 2.27043e-01
109   202 -1.12264e+03 1.39389e-02 2.29083e-01
110   206 -1.13809e+03 1.38155e-02 2.26258e-01
111   211 -1.14240e+03 1.40966e-02 2.29608e-01
112   216 -1.15498e+03 1.38064e-02 2.25335e-01
113   221 -1.12571e+03 1.39747e-02 2.26772e-01
114   226 -1.13255e+03 1.39728e-02 2.27643e-01
115   232 -1.12429e+03 1.40508e-02 2.28388e-01
116   237 -1.13931e+03 1.39163e-02 2.26954e-01
117   243 -1.11879e+03 1.37513e-02 2.25510e-01
118   248 -1.12491e+03 1.38740e-02 2.26838e-01
119   254 -1.11711e+03 1.43906e-02 2.32928e-01
120   260 -1.14839e+03 1.38245e-02 2.26835e-01
121   266 -1.12000e+03 1.37641e-02 2.26820e-01
122   272 -1.13113e+03 1.41604e-02 2.28636e-01
123   279 -1.12743e+03 1.40175e-02 2.25511e-01
124   285 -1.13532e+03 1.44205e-02 2.30200e-01
125   292 -1.12591e+03 1.43571e-02 2.30721e-01
126   299 -1.13833e+03 1.38338e-02 2.25892e-01
127   306 -1.11592e+03 1.36070e-02 2.24054e-01
128   313 -1.12050e+03 1.40037e-02 2.28405e-01
129   320 -1.13290e+03 1.41802e-02 2.30057e-01
130   328 -1.13918e+03 1.39750e-02 2.28193e-01
131   335 -1.13846e+03 1.39307e-02 2.26587e-01
132   343 -1.12600e+03 1.35751e-02 2.24692e-01
133   351 -1.10592e+03 1.35375e-02 2.26036e-01
134   360 -1.13879e+03 1.40010e-02 2.27402e-01
135   368 -1.12715e+03 1.39424e-02 2.26724e-01
136   377 -1.13623e+03 1.41971e-02 2.30578e-01
137   385 -1.12685e+03 1.38209e-02 2.25151e-01
138   394 -1.14242e+03 1.39036e-02 2.26175e-01
139   404 -1.12882e+03 1.40266e-02 2.27666e-01
140   413 -1.12569e+03 1.39499e-02 2.26867e-01
141   423 -1.12925e+03 1.38666e-02 2.26480e-01
142   433 -1.13407e+03 1.38847e-02 2.26502e-01
143   443 -1.13290e+03 1.39766e-02 2.28701e-01
144   453 -1.12407e+03 1.36346e-02 2.24989e-01
145   464 -1.13105e+03 1.37191e-02 2.25033e-01
146   474 -1.12597e+03 1.40008e-02 2.27111e-01
147   486 -1.14999e+03 1.39931e-02 2.28151e-01
148   497 -1.11800e+03 1.36187e-02 2.23832e-01
149   509 -1.12357e+03 1.34329e-02 2.23320e-01
150   520 -1.12420e+03 1.36128e-02 2.24720e-01
151   533 -1.14200e+03 1.37871e-02 2.27058e-01
152   545 -1.12275e+03 1.37344e-02 2.24315e-01
153   558 -1.14058e+03 1.36250e-02 2.24392e-01
154   571 -1.12148e+03 1.41976e-02 2.32807e-01
155   584 -1.13556e+03 1.35444e-02 2.24331e-01
156   598 -1.13560e+03 1.35887e-02 2.24995e-01
157   612 -1.13632e+03 1.36907e-02 2.25597e-01
158   626 -1.13789e+03 1.36352e-02 2.25014e-01
159   641 -1.13902e+03 1.37156e-02 2.25965e-01
160   656 -1.13031e+03 1.38137e-02 2.25829e-01
161   671 -1.12044e+03 1.38229e-02 2.28585e-01
162   687 -1.12919e+03 1.39829e-02 2.28207e-01
163   703 -1.11625e+03 1.39298e-02 2.27224e-01
164   719 -1.12206e+03 1.39170e-02 2.28513e-01
165   736 -1.12452e+03 1.38192e-02 2.27899e-01
166   753 -1.15204e+03 1.36566e-02 2.25430e-01
167   771 -1.14004e+03 1.37588e-02 2.25469e-01
168   789 -1.12779e+03 1.39628e-02 2.27996e-01
169   807 -1.12336e+03 1.38486e-02 2.27031e-01
170   826 -1.13015e+03 1.35979e-02 2.25973e-01
171   845 -1.13578e+03 1.36093e-02 2.25924e-01
172   865 -1.13639e+03 1.37579e-02 2.27442e-01
173   885 -1.13227e+03 1.37258e-02 2.25947e-01
174   906 -1.11952e+03 1.37751e-02 2.26859e-01
175   927 -1.12277e+03 1.36671e-02 2.25697e-01
176   949 -1.13829e+03 1.38508e-02 2.27558e-01
177   971 -1.13277e+03 1.36962e-02 2.24682e-01
178   994 -1.13906e+03 1.38413e-02 2.27191e-01
179  1017 -1.11909e+03 1.35467e-02 2.24371e-01
180  1041 -1.12041e+03 1.38218e-02 2.26129e-01
181  1065 -1.13402e+03 1.39207e-02 2.26201e-01
182  1090 -1.12451e+03 1.37463e-02 2.26967e-01
183  1115 -1.12405e+03 1.36636e-02 2.26643e-01
184  1141 -1.14491e+03 1.37806e-02 2.27824e-01
185  1168 -1.12424e+03 1.39177e-02 2.26492e-01
186  1195 -1.14177e+03 1.38487e-02 2.27240e-01
187  1223 -1.11609e+03 1.37686e-02 2.26478e-01
188  1252 -1.12227e+03 1.39911e-02 2.30103e-01
189  1281 -1.10799e+03 1.40287e-02 2.29161e-01
190  1311 -1.11684e+03 1.39028e-02 2.28073e-01
191  1342 -1.13285e+03 1.38648e-02 2.27486e-01
192  1373 -1.14027e+03 1.38753e-02 2.27943e-01
193  1405 -1.13404e+03 1.36497e-02 2.25536e-01
194  1438 -1.13599e+03 1.37114e-02 2.26206e-01
195  1472 -1.13475e+03 1.41150e-02 2.29634e-01
196  1506 -1.14684e+03 1.38267e-02 2.27029e-01
197  1541 -1.12366e+03 1.37683e-02 2.27091e-01
198  1577 -1.14045e+03 1.38492e-02 2.27044e-01
199  1614 -1.13669e+03 1.38429e-02 2.27068e-01
200  1652 -1.12718e+03 1.38493e-02 2.28342e-01
201  1690 -1.13805e+03 1.37863e-02 2.26879e-01
202  1730 -1.13535e+03 1.40047e-02 2.29204e-01
203  1770 -1.13674e+03 1.38114e-02 2.26815e-01
204  1811 -1.10895e+03 1.38116e-02 2.26839e-01
205  1854 -1.15344e+03 1.38005e-02 2.27003e-01
206  1897 -1.13810e+03 1.38383e-02 2.26986e-01
207  1941 -1.12938e+03 1.36868e-02 2.26163e-01
208  1987 -1.13020e+03 1.38060e-02 2.26775e-01
209  2033 -1.12610e+03 1.37322e-02 2.26310e-01
210  2081 -1.14806e+03 1.37551e-02 2.26285e-01
211  2129 -1.13101e+03 1.37871e-02 2.26815e-01
212  2179 -1.11279e+03 1.37374e-02 2.25932e-01
213  2230 -1.14386e+03 1.38026e-02 2.27116e-01
214  2282 -1.14977e+03 1.37853e-02 2.26558e-01
215  2335 -1.11870e+03 1.37713e-02 2.26354e-01
216  2390 -1.11814e+03 1.38583e-02 2.27203e-01
217  2446 -1.13547e+03 1.38121e-02 2.26627e-01
218  2503 -1.13018e+03 1.37749e-02 2.26221e-01
219  2561 -1.11944e+03 1.37780e-02 2.26360e-01
220  2621 -1.12951e+03 1.37708e-02 2.26449e-01
221  2682 -1.11523e+03 1.37626e-02 2.26437e-01
222  2745 -1.12308e+03 1.37784e-02 2.26539e-01
223  2809 -1.12441e+03 1.37553e-02 2.26285e-01
224  2875 -1.11528e+03 1.37407e-02 2.26205e-01
225  2942 -1.15082e+03 1.37570e-02 2.26414e-01
226  3010 -1.15772e+03 1.37713e-02 2.26561e-01
227  3081 -1.13302e+03 1.37679e-02 2.26524e-01
228  3153 -1.13776e+03 1.37605e-02 2.26495e-01
229  3226 -1.12024e+03 1.37581e-02 2.26483e-01
230  3302 -1.11760e+03 1.37553e-02 2.26448e-01
231  3379 -1.12319e+03 1.37544e-02 2.26425e-01
232  3458 -1.12747e+03 1.37567e-02 2.26442e-01
233  3538 -1.12194e+03 1.37601e-02 2.26475e-01
234  3621 -1.11453e+03 1.37587e-02 2.26457e-01
235  3706 -1.10951e+03 1.37588e-02 2.26457e-01
236  3792 -1.13681e+03 1.37583e-02 2.26457e-01
237  3881 -1.13714e+03 1.37586e-02 2.26462e-01
238  3971 -1.14203e+03 1.37594e-02 2.26474e-01
239  4064 -1.14002e+03 1.37605e-02 2.26486e-01
240  4159 -1.12499e+03 1.37601e-02 2.26481e-01
241  4256 -1.14760e+03 1.37597e-02 2.26476e-01
242  4356 -1.13512e+03 1.37602e-02 2.26481e-01
243  4457 -1.15037e+03 1.37590e-02 2.26467e-01
244  4561 -1.14235e+03 1.37587e-02 2.26465e-01
245  4668 -1.14061e+03 1.37598e-02 2.26475e-01
246  4777 -1.13400e+03 1.37592e-02 2.26472e-01
247  4889 -1.14571e+03 1.37593e-02 2.26476e-01
248  5003 -1.13423e+03 1.37587e-02 2.26466e-01
249  5120 -1.13243e+03 1.37597e-02 2.26479e-01
250  5239 -1.14027e+03 1.37604e-02 2.26486e-01
251  5361 -1.14250e+03 1.37605e-02 2.26485e-01
252  5487 -1.12818e+03 1.37602e-02 2.26483e-01
253  5615 -1.13378e+03 1.37596e-02 2.26478e-01
254  5746 -1.13395e+03 1.37602e-02 2.26485e-01
255  5880 -1.14110e+03 1.37594e-02 2.26479e-01
256  6017 -1.14237e+03 1.37596e-02 2.26485e-01
257  6158 -1.13110e+03 1.37614e-02 2.26507e-01
258  6302 -1.12210e+03 1.37623e-02 2.26518e-01
259  6449 -1.13190e+03 1.37627e-02 2.26521e-01
260  6600 -1.12046e+03 1.37629e-02 2.26522e-01
261  6754 -1.12334e+03 1.37618e-02 2.26510e-01
262  6911 -1.14116e+03 1.37618e-02 2.26513e-01
263  7073 -1.15024e+03 1.37618e-02 2.26516e-01
264  7238 -1.11118e+03 1.37619e-02 2.26516e-01
265  7407 -1.15033e+03 1.37637e-02 2.26539e-01
266  7580 -1.13204e+03 1.37632e-02 2.26533e-01
267  7757 -1.15024e+03 1.37636e-02 2.26533e-01
268  7938 -1.10765e+03 1.37635e-02 2.26528e-01
269  8124 -1.11913e+03 1.37623e-02 2.26511e-01
270  8313 -1.13243e+03 1.37614e-02 2.26501e-01
271  8507 -1.12630e+03 1.37612e-02 2.26497e-01
272  8706 -1.12874e+03 1.37616e-02 2.26506e-01
273  8909 -1.10990e+03 1.37625e-02 2.26514e-01
274  9118 -1.11448e+03 1.37636e-02 2.26522e-01
275  9330 -1.10742e+03 1.37642e-02 2.26522e-01
276  9548 -1.14044e+03 1.37636e-02 2.26522e-01
277  9771 -1.13735e+03 1.37645e-02 2.26538e-01
278 10000 -1.11398e+03 1.37648e-02 2.26541e-01
