i, epoch, loss, l2_err, h1_err
  0     1 -4.99868e+01 9.68020e-01 1.12186e+00
  1     2 -1.28295e+02 9.52283e-01 1.14045e+00
  2     3 -1.97136e+02 9.36778e-01 1.16674e+00
  3     4 -2.61628e+02 9.21402e-01 1.19607e+00
  4     5 -3.24245e+02 9.06262e-01 1.22424e+00
  5     6 -3.85441e+02 8.90891e-01 1.25084e+00
  6     7 -4.42230e+02 8.75065e-01 1.27659e+00
  7     8 -4.86523e+02 8.59076e-01 1.30038e+00
  8     9 -5.42842e+02 8.42996e-01 1.31918e+00
  9    10 -5.85648e+02 8.26435e-01 1.33564e+00
 10    11 -6.32487e+02 8.10054e-01 1.34845e+00
 11    12 -6.76354e+02 7.93312e-01 1.35911e+00
 12    13 -7.11820e+02 7.76239e-01 1.36655e+00
 13    14 -7.57644e+02 7.58906e-01 1.37114e+00
 14    15 -7.90229e+02 7.41523e-01 1.37214e+00
 15    16 -8.13699e+02 7.23917e-01 1.37056e+00
 16    17 -8.45628e+02 7.06183e-01 1.36659e+00
 17    18 -8.73391e+02 6.88358e-01 1.36160e+00
 18    19 -9.04545e+02 6.70401e-01 1.35390e+00
 19    20 -9.20345e+02 6.52305e-01 1.34382e+00
 20    21 -9.49761e+02 6.34164e-01 1.33225e+00
 21    22 -9.54992e+02 6.15935e-01 1.31891e+00
 22    23 -9.83245e+02 5.97610e-01 1.30411e+00
 23    24 -1.00309e+03 5.79252e-01 1.28766e+00
 24    25 -1.00840e+03 5.60904e-01 1.26952e+00
 25    26 -1.03435e+03 5.42606e-01 1.24954e+00
 26    27 -1.04095e+03 5.24425e-01 1.22831e+00
 27    28 -1.05723e+03 5.06258e-01 1.20616e+00
 28    29 -1.05988e+03 4.88238e-01 1.18289e+00
 29    30 -1.07138e+03 4.70270e-01 1.15826e+00
 30    31 -1.07309e+03 4.52334e-01 1.13282e+00
 31    32 -1.10549e+03 4.34616e-01 1.10665e+00
 32    33 -1.08088e+03 4.16973e-01 1.07933e+00
 33    34 -1.08637e+03 3.99463e-01 1.05165e+00
 34    35 -1.09474e+03 3.82118e-01 1.02274e+00
 35    36 -1.12519e+03 3.65028e-01 9.93513e-01
 36    37 -1.11876e+03 3.48168e-01 9.63986e-01
 37    38 -1.09334e+03 3.31640e-01 9.34385e-01
 38    39 -1.11865e+03 3.15485e-01 9.04954e-01
 39    40 -1.12850e+03 2.99677e-01 8.75611e-01
 40    41 -1.12411e+03 2.84230e-01 8.46552e-01
 41    42 -1.12060e+03 2.69100e-01 8.17412e-01
 42    43 -1.12132e+03 2.54288e-01 7.88784e-01
 43    44 -1.13142e+03 2.39805e-01 7.60500e-01
 44    45 -1.12695e+03 2.25713e-01 7.32931e-01
 45    46 -1.11574e+03 2.11973e-01 7.06183e-01
 46    47 -1.12661e+03 1.98574e-01 6.80099e-01
 47    48 -1.09709e+03 1.85529e-01 6.54655e-01
 48    49 -1.13569e+03 1.72887e-01 6.30391e-01
 49    50 -1.11982e+03 1.60679e-01 6.07240e-01
 50    51 -1.12100e+03 1.48951e-01 5.85457e-01
 51    53 -1.11205e+03 1.26801e-01 5.45062e-01
 52    54 -1.14261e+03 1.16480e-01 5.26659e-01
 53    55 -1.11993e+03 1.06661e-01 5.09296e-01
 54    56 -1.14436e+03 9.73456e-02 4.92682e-01
 55    58 -1.13171e+03 8.04243e-02 4.62548e-01
 56    59 -1.10465e+03 7.28390e-02 4.49201e-01
 57    60 -1.12807e+03 6.58791e-02 4.37041e-01
 58    62 -1.14055e+03 5.39987e-02 4.15844e-01
 59    63 -1.14403e+03 4.91668e-02 4.07001e-01
 60    65 -1.11588e+03 4.20548e-02 3.92691e-01
 61    66 -1.13953e+03 3.98122e-02 3.87280e-01
 62    68 -1.11585e+03 3.75776e-02 3.78876e-01
 63    69 -1.14208e+03 3.73091e-02 3.75374e-01
 64    71 -1.13803e+03 3.79199e-02 3.70098e-01
 65    73 -1.11397e+03 3.91989e-02 3.65931e-01
 66    74 -1.13770e+03 3.99160e-02 3.64528e-01
 67    76 -1.13086e+03 4.12437e-02 3.62390e-01
 68    78 -1.14131e+03 4.21997e-02 3.60720e-01
 69    80 -1.14309e+03 4.28085e-02 3.59847e-01
 70    82 -1.14084e+03 4.30211e-02 3.59705e-01
 71    84 -1.11312e+03 4.26753e-02 3.59482e-01
 72    86 -1.11969e+03 4.19135e-02 3.58786e-01
 73    88 -1.11167e+03 4.10301e-02 3.58762e-01
 74    90 -1.13536e+03 4.00124e-02 3.58323e-01
 75    92 -1.13566e+03 3.88708e-02 3.57328e-01
 76    94 -1.14061e+03 3.76735e-02 3.56654e-01
 77    96 -1.12098e+03 3.64537e-02 3.55494e-01
 78    98 -1.14062e+03 3.52403e-02 3.53921e-01
 79   101 -1.12124e+03 3.37690e-02 3.52789e-01
 80   103 -1.15674e+03 3.30510e-02 3.53001e-01
 81   105 -1.13400e+03 3.24518e-02 3.53259e-01
 82   108 -1.13589e+03 3.15969e-02 3.52937e-01
 83   110 -1.10684e+03 3.10867e-02 3.52677e-01
 84   113 -1.15148e+03 3.02980e-02 3.51439e-01
 85   116 -1.13998e+03 2.98096e-02 3.51212e-01
 86   118 -1.11145e+03 2.94812e-02 3.50751e-01
 87   121 -1.13722e+03 2.92367e-02 3.50876e-01
 88   124 -1.12346e+03 2.89822e-02 3.50515e-01
 89   127 -1.12675e+03 2.91714e-02 3.52342e-01
 90   130 -1.12785e+03 2.93789e-02 3.53738e-01
 91   133 -1.13039e+03 2.93631e-02 3.53298e-01
 92   136 -1.12330e+03 2.92920e-02 3.51825e-01
 93   139 -1.13476e+03 2.93569e-02 3.51687e-01
 94   143 -1.12689e+03 2.90926e-02 3.49610e-01
 95   146 -1.11411e+03 2.91435e-02 3.49842e-01
 96   149 -1.12422e+03 2.95856e-02 3.52709e-01
 97   153 -1.12745e+03 2.96724e-02 3.52658e-01
 98   156 -1.13486e+03 2.93351e-02 3.49903e-01
 99   160 -1.11546e+03 2.89285e-02 3.48417e-01
100   164 -1.14581e+03 2.89994e-02 3.49769e-01
101   168 -1.12194e+03 2.93830e-02 3.52625e-01
102   172 -1.12146e+03 2.96283e-02 3.54121e-01
103   176 -1.12139e+03 2.93703e-02 3.52379e-01
104   180 -1.15021e+03 2.89203e-02 3.49648e-01
105   184 -1.13014e+03 2.93378e-02 3.52765e-01
106   188 -1.13334e+03 2.96787e-02 3.52452e-01
107   193 -1.13560e+03 2.94542e-02 3.50346e-01
108   197 -1.13161e+03 2.92047e-02 3.50861e-01
109   202 -1.12130e+03 2.90319e-02 3.49479e-01
110   206 -1.12697e+03 2.93728e-02 3.52457e-01
111   211 -1.10513e+03 2.89034e-02 3.50246e-01
112   216 -1.13463e+03 2.87512e-02 3.49423e-01
113   221 -1.11906e+03 2.93084e-02 3.52948e-01
114   226 -1.13744e+03 2.92185e-02 3.50678e-01
115   232 -1.12544e+03 2.88524e-02 3.48745e-01
116   237 -1.12322e+03 2.89343e-02 3.50493e-01
117   243 -1.14006e+03 2.93949e-02 3.53090e-01
118   248 -1.10958e+03 2.94876e-02 3.51550e-01
119   254 -1.12076e+03 2.94957e-02 3.51361e-01
120   260 -1.11423e+03 2.93640e-02 3.51743e-01
121   266 -1.12715e+03 2.91507e-02 3.50182e-01
122   272 -1.12600e+03 2.87591e-02 3.49445e-01
123   279 -1.13265e+03 2.90664e-02 3.49976e-01
124   285 -1.15365e+03 2.91723e-02 3.51448e-01
125   292 -1.12976e+03 2.93889e-02 3.52026e-01
126   299 -1.13432e+03 2.92567e-02 3.51987e-01
127   306 -1.12072e+03 2.88465e-02 3.50892e-01
128   313 -1.13495e+03 2.94509e-02 3.52784e-01
129   320 -1.12352e+03 2.91087e-02 3.49637e-01
130   328 -1.13387e+03 2.94111e-02 3.53341e-01
131   335 -1.13320e+03 2.92176e-02 3.52015e-01
132   343 -1.14837e+03 2.90868e-02 3.49058e-01
133   351 -1.12077e+03 2.96205e-02 3.53218e-01
134   360 -1.13251e+03 2.91438e-02 3.51653e-01
135   368 -1.14458e+03 2.90011e-02 3.48857e-01
136   377 -1.13863e+03 2.94247e-02 3.50833e-01
137   385 -1.12123e+03 2.94027e-02 3.52941e-01
138   394 -1.12691e+03 2.96203e-02 3.52162e-01
139   404 -1.12821e+03 2.94997e-02 3.51735e-01
140   413 -1.13329e+03 2.88518e-02 3.50563e-01
141   423 -1.13148e+03 2.98928e-02 3.53462e-01
142   433 -1.14731e+03 2.92691e-02 3.50966e-01
143   443 -1.12036e+03 2.89293e-02 3.50608e-01
144   453 -1.12443e+03 2.90063e-02 3.49293e-01
145   464 -1.12086e+03 2.84855e-02 3.49811e-01
146   474 -1.13835e+03 2.90846e-02 3.51856e-01
147   486 -1.13749e+03 2.96833e-02 3.51453e-01
148   497 -1.14097e+03 2.99045e-02 3.53419e-01
149   509 -1.13168e+03 2.94779e-02 3.51114e-01
150   520 -1.10295e+03 2.92493e-02 3.51721e-01
151   533 -1.12747e+03 2.95653e-02 3.52087e-01
152   545 -1.13779e+03 2.93836e-02 3.52192e-01
153   558 -1.14712e+03 3.00959e-02 3.51362e-01
154   571 -1.13904e+03 2.83644e-02 3.49103e-01
155   584 -1.10010e+03 2.87368e-02 3.48458e-01
156   598 -1.13581e+03 2.90170e-02 3.52355e-01
157   612 -1.12945e+03 2.93772e-02 3.51783e-01
158   626 -1.14162e+03 2.89362e-02 3.48448e-01
159   641 -1.12367e+03 2.94044e-02 3.52741e-01
160   656 -1.13484e+03 2.93466e-02 3.50266e-01
161   671 -1.12543e+03 2.92872e-02 3.51908e-01
162   687 -1.10719e+03 2.93427e-02 3.50702e-01
163   703 -1.12352e+03 2.95226e-02 3.51769e-01
164   719 -1.11377e+03 2.94706e-02 3.52559e-01
165   736 -1.12016e+03 2.94584e-02 3.53013e-01
166   753 -1.13495e+03 2.97340e-02 3.53440e-01
167   771 -1.12145e+03 2.96166e-02 3.49831e-01
168   789 -1.12623e+03 2.94783e-02 3.50712e-01
169   807 -1.11098e+03 2.98022e-02 3.54370e-01
170   826 -1.14445e+03 2.96795e-02 3.53736e-01
171   845 -1.15234e+03 2.91741e-02 3.51472e-01
172   865 -1.12343e+03 2.93004e-02 3.52062e-01
173   885 -1.12875e+03 2.88152e-02 3.50936e-01
174   906 -1.11999e+03 2.92234e-02 3.50774e-01
175   927 -1.12616e+03 2.95889e-02 3.51770e-01
176   949 -1.15431e+03 2.92633e-02 3.50008e-01
177   971 -1.13226e+03 2.87837e-02 3.50439e-01
178   994 -1.14595e+03 2.89868e-02 3.50178e-01
179  1017 -1.11885e+03 2.93225e-02 3.52340e-01
180  1041 -1.13213e+03 2.93921e-02 3.51226e-01
181  1065 -1.13362e+03 2.97601e-02 3.52717e-01
182  1090 -1.11350e+03 2.92146e-02 3.50578e-01
183  1115 -1.12289e+03 2.92043e-02 3.51182e-01
184  1141 -1.12169e+03 2.93352e-02 3.51820e-01
185  1168 -1.12270e+03 2.89716e-02 3.49499e-01
186  1195 -1.13235e+03 2.91820e-02 3.51321e-01
187  1223 -1.10550e+03 2.92505e-02 3.50547e-01
188  1252 -1.12309e+03 2.91347e-02 3.50648e-01
189  1281 -1.13203e+03 2.90716e-02 3.49878e-01
190  1311 -1.12782e+03 2.95326e-02 3.52173e-01
191  1342 -1.13044e+03 2.92109e-02 3.50140e-01
192  1373 -1.12474e+03 2.94203e-02 3.52532e-01
193  1405 -1.12502e+03 2.92967e-02 3.51039e-01
194  1438 -1.14094e+03 2.91552e-02 3.50295e-01
195  1472 -1.13663e+03 2.91085e-02 3.50237e-01
196  1506 -1.12430e+03 2.92547e-02 3.51140e-01
197  1541 -1.14555e+03 2.91717e-02 3.50860e-01
198  1577 -1.10549e+03 2.91979e-02 3.50433e-01
199  1614 -1.12289e+03 2.92455e-02 3.50783e-01
200  1652 -1.10814e+03 2.91535e-02 3.50386e-01
201  1690 -1.11186e+03 2.92970e-02 3.51275e-01
202  1730 -1.13827e+03 2.92745e-02 3.51171e-01
203  1770 -1.13140e+03 2.94649e-02 3.51506e-01
204  1811 -1.14684e+03 2.93636e-02 3.50807e-01
205  1854 -1.11809e+03 2.92767e-02 3.50497e-01
206  1897 -1.11324e+03 2.92373e-02 3.50551e-01
207  1941 -1.12525e+03 2.92396e-02 3.50455e-01
208  1987 -1.13189e+03 2.92626e-02 3.50573e-01
209  2033 -1.13077e+03 2.92297e-02 3.50443e-01
210  2081 -1.12696e+03 2.92900e-02 3.50905e-01
211  2129 -1.13524e+03 2.93247e-02 3.51088e-01
212  2179 -1.12817e+03 2.93077e-02 3.50873e-01
213  2230 -1.13532e+03 2.93141e-02 3.50948e-01
214  2282 -1.12274e+03 2.92845e-02 3.50811e-01
215  2335 -1.13521e+03 2.93023e-02 3.50985e-01
216  2390 -1.13435e+03 2.92914e-02 3.50949e-01
217  2446 -1.13636e+03 2.92878e-02 3.50894e-01
218  2503 -1.14350e+03 2.92764e-02 3.50779e-01
219  2561 -1.13809e+03 2.92724e-02 3.50737e-01
220  2621 -1.12981e+03 2.92712e-02 3.50763e-01
221  2682 -1.11802e+03 2.92684e-02 3.50728e-01
222  2745 -1.12957e+03 2.92684e-02 3.50744e-01
223  2809 -1.13534e+03 2.92755e-02 3.50798e-01
224  2875 -1.14056e+03 2.92748e-02 3.50776e-01
225  2942 -1.12980e+03 2.92735e-02 3.50776e-01
226  3010 -1.11537e+03 2.92728e-02 3.50791e-01
227  3081 -1.14658e+03 2.92739e-02 3.50806e-01
228  3153 -1.12448e+03 2.92763e-02 3.50817e-01
229  3226 -1.11583e+03 2.92776e-02 3.50820e-01
230  3302 -1.14695e+03 2.92777e-02 3.50825e-01
231  3379 -1.15206e+03 2.92787e-02 3.50828e-01
232  3458 -1.14390e+03 2.92782e-02 3.50826e-01
233  3538 -1.12910e+03 2.92772e-02 3.50821e-01
234  3621 -1.13347e+03 2.92770e-02 3.50822e-01
235  3706 -1.13462e+03 2.92773e-02 3.50825e-01
236  3792 -1.12855e+03 2.92773e-02 3.50829e-01
237  3881 -1.13536e+03 2.92776e-02 3.50832e-01
238  3971 -1.13316e+03 2.92782e-02 3.50836e-01
239  4064 -1.11140e+03 2.92776e-02 3.50833e-01
240  4159 -1.11965e+03 2.92772e-02 3.50829e-01
241  4256 -1.13752e+03 2.92770e-02 3.50829e-01
242  4356 -1.11516e+03 2.92768e-02 3.50828e-01
243  4457 -1.14121e+03 2.92764e-02 3.50827e-01
244  4561 -1.12956e+03 2.92758e-02 3.50822e-01
245  4668 -1.12411e+03 2.92754e-02 3.50822e-01
246  4777 -1.13351e+03 2.92758e-02 3.50824e-01
247  4889 -1.12810e+03 2.92755e-02 3.50822e-01
248  5003 -1.10628e+03 2.92751e-02 3.50819e-01
249  5120 -1.09790e+03 2.92750e-02 3.50819e-01
250  5239 -1.13650e+03 2.92745e-02 3.50816e-01
251  5361 -1.13147e+03 2.92747e-02 3.50821e-01
252  5487 -1.14332e+03 2.92749e-02 3.50821e-01
253  5615 -1.11581e+03 2.92749e-02 3.50824e-01
254  5746 -1.13773e+03 2.92750e-02 3.50825e-01
255  5880 -1.12222e+03 2.92745e-02 3.50824e-01
256  6017 -1.13428e+03 2.92745e-02 3.50825e-01
257  6158 -1.12381e+03 2.92739e-02 3.50823e-01
258  6302 -1.13526e+03 2.92736e-02 3.50820e-01
259  6449 -1.12586e+03 2.92741e-02 3.50824e-01
260  6600 -1.13138e+03 2.92742e-02 3.50825e-01
261  6754 -1.13108e+03 2.92745e-02 3.50825e-01
262  6911 -1.13454e+03 2.92744e-02 3.50823e-01
263  7073 -1.12804e+03 2.92741e-02 3.50825e-01
264  7238 -1.13946e+03 2.92741e-02 3.50824e-01
265  7407 -1.11580e+03 2.92745e-02 3.50828e-01
266  7580 -1.11802e+03 2.92738e-02 3.50821e-01
267  7757 -1.11623e+03 2.92735e-02 3.50824e-01
268  7938 -1.13200e+03 2.92737e-02 3.50827e-01
269  8124 -1.12990e+03 2.92741e-02 3.50832e-01
270  8313 -1.12638e+03 2.92744e-02 3.50831e-01
271  8507 -1.11792e+03 2.92745e-02 3.50833e-01
272  8706 -1.11490e+03 2.92738e-02 3.50830e-01
273  8909 -1.13759e+03 2.92730e-02 3.50826e-01
274  9118 -1.10196e+03 2.92732e-02 3.50821e-01
275  9330 -1.13521e+03 2.92732e-02 3.50827e-01
276  9548 -1.13008e+03 2.92736e-02 3.50827e-01
277  9771 -1.12366e+03 2.92746e-02 3.50832e-01
278 10000 -1.13154e+03 2.92732e-02 3.50824e-01
