i, epoch, loss, l2_err, h1_err
  0     1 -9.76939e+01 9.81894e-01 1.42417e+00
  1     2 -1.63105e+02 9.77143e-01 1.51053e+00
  2     3 -2.29852e+02 9.72811e-01 1.62040e+00
  3     4 -2.96949e+02 9.68476e-01 1.73585e+00
  4     5 -3.53313e+02 9.64078e-01 1.84643e+00
  5     6 -4.11691e+02 9.59731e-01 1.94362e+00
  6     7 -4.62378e+02 9.55150e-01 2.02683e+00
  7     8 -5.06747e+02 9.50296e-01 2.09722e+00
  8     9 -5.54217e+02 9.45367e-01 2.15517e+00
  9    10 -6.05822e+02 9.40149e-01 2.20383e+00
 10    11 -6.54714e+02 9.34716e-01 2.24196e+00
 11    12 -6.93661e+02 9.29027e-01 2.26888e+00
 12    13 -7.12776e+02 9.23051e-01 2.28669e+00
 13    14 -7.58850e+02 9.16721e-01 2.29738e+00
 14    15 -7.80649e+02 9.09979e-01 2.30084e+00
 15    16 -8.16579e+02 9.02968e-01 2.29808e+00
 16    17 -8.45196e+02 8.95727e-01 2.29099e+00
 17    18 -8.62360e+02 8.88190e-01 2.28040e+00
 18    19 -8.99111e+02 8.80400e-01 2.26664e+00
 19    20 -9.10740e+02 8.72358e-01 2.25020e+00
 20    21 -9.38202e+02 8.64132e-01 2.23087e+00
 21    22 -9.58184e+02 8.55648e-01 2.20830e+00
 22    23 -9.75647e+02 8.46900e-01 2.18481e+00
 23    24 -1.00293e+03 8.37895e-01 2.16118e+00
 24    25 -9.88162e+02 8.28617e-01 2.13684e+00
 25    26 -1.02541e+03 8.19037e-01 2.11160e+00
 26    27 -1.02041e+03 8.09083e-01 2.08508e+00
 27    28 -1.03231e+03 7.98768e-01 2.05870e+00
 28    29 -1.02517e+03 7.88055e-01 2.03167e+00
 29    30 -1.07145e+03 7.77046e-01 2.00435e+00
 30    31 -1.06914e+03 7.65723e-01 1.97636e+00
 31    32 -1.06967e+03 7.54061e-01 1.94817e+00
 32    33 -1.07724e+03 7.42053e-01 1.91950e+00
 33    34 -1.07320e+03 7.29731e-01 1.89082e+00
 34    35 -1.08111e+03 7.17132e-01 1.86208e+00
 35    36 -1.09054e+03 7.04173e-01 1.83273e+00
 36    37 -1.09339e+03 6.90975e-01 1.80275e+00
 37    38 -1.10157e+03 6.77495e-01 1.77212e+00
 38    39 -1.09072e+03 6.63645e-01 1.74136e+00
 39    40 -1.10273e+03 6.49456e-01 1.70988e+00
 40    41 -1.09959e+03 6.35043e-01 1.67807e+00
 41    42 -1.11788e+03 6.20508e-01 1.64579e+00
 42    43 -1.11671e+03 6.05803e-01 1.61306e+00
 43    44 -1.12468e+03 5.91051e-01 1.58006e+00
 44    45 -1.09836e+03 5.76197e-01 1.54670e+00
 45    46 -1.10913e+03 5.61278e-01 1.51293e+00
 46    47 -1.12430e+03 5.46238e-01 1.47885e+00
 47    48 -1.08695e+03 5.31156e-01 1.44461e+00
 48    49 -1.11309e+03 5.16098e-01 1.41016e+00
 49    50 -1.12268e+03 5.01116e-01 1.37565e+00
 50    51 -1.12172e+03 4.86240e-01 1.34101e+00
 51    53 -1.11990e+03 4.56914e-01 1.27162e+00
 52    54 -1.11743e+03 4.42470e-01 1.23730e+00
 53    55 -1.11489e+03 4.28193e-01 1.20323e+00
 54    56 -1.12376e+03 4.14095e-01 1.16945e+00
 55    58 -1.11115e+03 3.86475e-01 1.10261e+00
 56    59 -1.12662e+03 3.73073e-01 1.06976e+00
 57    60 -1.13067e+03 3.59975e-01 1.03716e+00
 58    62 -1.11165e+03 3.34680e-01 9.73115e-01
 59    63 -1.13633e+03 3.22493e-01 9.42127e-01
 60    65 -1.13069e+03 2.98946e-01 8.81490e-01
 61    66 -1.13154e+03 2.87650e-01 8.51684e-01
 62    68 -1.10874e+03 2.66104e-01 7.93139e-01
 63    69 -1.12057e+03 2.55858e-01 7.64637e-01
 64    71 -1.15596e+03 2.36282e-01 7.09302e-01
 65    73 -1.12181e+03 2.17900e-01 6.55365e-01
 66    74 -1.10813e+03 2.09166e-01 6.29411e-01
 67    76 -1.12103e+03 1.92531e-01 5.79158e-01
 68    78 -1.11807e+03 1.76973e-01 5.31266e-01
 69    80 -1.12365e+03 1.62377e-01 4.86587e-01
 70    82 -1.11704e+03 1.48789e-01 4.45035e-01
 71    84 -1.11689e+03 1.36155e-01 4.06413e-01
 72    86 -1.09660e+03 1.24410e-01 3.71271e-01
 73    88 -1.12147e+03 1.13459e-01 3.38358e-01
 74    90 -1.11861e+03 1.03303e-01 3.07926e-01
 75    92 -1.12269e+03 9.39254e-02 2.80771e-01
 76    94 -1.13620e+03 8.52343e-02 2.56066e-01
 77    96 -1.12174e+03 7.72176e-02 2.34506e-01
 78    98 -1.13680e+03 6.97973e-02 2.14416e-01
 79   101 -1.14591e+03 5.97452e-02 1.89812e-01
 80   103 -1.13901e+03 5.36571e-02 1.76779e-01
 81   105 -1.14403e+03 4.80854e-02 1.66613e-01
 82   108 -1.12637e+03 4.06229e-02 1.54382e-01
 83   110 -1.12739e+03 3.60823e-02 1.47239e-01
 84   113 -1.12816e+03 2.99136e-02 1.38421e-01
 85   116 -1.11424e+03 2.47366e-02 1.30316e-01
 86   118 -1.14830e+03 2.15983e-02 1.26104e-01
 87   121 -1.11542e+03 1.74039e-02 1.21386e-01
 88   124 -1.13520e+03 1.40181e-02 1.19313e-01
 89   127 -1.11909e+03 1.08776e-02 1.17912e-01
 90   130 -1.12194e+03 8.46776e-03 1.17392e-01
 91   133 -1.13167e+03 6.67149e-03 1.16059e-01
 92   136 -1.13087e+03 5.45250e-03 1.15444e-01
 93   139 -1.14599e+03 4.78194e-03 1.16747e-01
 94   143 -1.12232e+03 4.20628e-03 1.15756e-01
 95   146 -1.14445e+03 4.06139e-03 1.13163e-01
 96   149 -1.12392e+03 4.08926e-03 1.14184e-01
 97   153 -1.15813e+03 4.63756e-03 1.21668e-01
 98   156 -1.13258e+03 4.99060e-03 1.24986e-01
 99   160 -1.12940e+03 4.93843e-03 1.22623e-01
100   164 -1.14140e+03 4.42747e-03 1.15013e-01
101   168 -1.14871e+03 4.61619e-03 1.15673e-01
102   172 -1.12210e+03 4.64048e-03 1.16056e-01
103   176 -1.13633e+03 4.82725e-03 1.20120e-01
104   180 -1.11016e+03 4.98197e-03 1.22715e-01
105   184 -1.10607e+03 4.51424e-03 1.16039e-01
106   188 -1.14719e+03 4.35521e-03 1.14900e-01
107   193 -1.13362e+03 4.60189e-03 1.22212e-01
108   197 -1.12327e+03 4.36734e-03 1.18692e-01
109   202 -1.12245e+03 4.08210e-03 1.13537e-01
110   206 -1.13557e+03 3.63672e-03 1.07908e-01
111   211 -1.12156e+03 4.38163e-03 1.20600e-01
112   216 -1.11156e+03 4.65646e-03 1.23641e-01
113   221 -1.13087e+03 4.72349e-03 1.21006e-01
114   226 -1.14697e+03 4.81865e-03 1.20636e-01
115   232 -1.12802e+03 4.53066e-03 1.15272e-01
116   237 -1.15241e+03 4.35659e-03 1.12692e-01
117   243 -1.11667e+03 4.78115e-03 1.22037e-01
118   248 -1.14143e+03 4.10609e-03 1.15527e-01
119   254 -1.13542e+03 4.20588e-03 1.18784e-01
120   260 -1.12857e+03 4.32844e-03 1.17477e-01
121   266 -1.11830e+03 4.15560e-03 1.13290e-01
122   272 -1.13021e+03 4.56439e-03 1.22530e-01
123   279 -1.13496e+03 4.24121e-03 1.16362e-01
124   285 -1.13334e+03 4.16911e-03 1.15086e-01
125   292 -1.12490e+03 4.52751e-03 1.20708e-01
126   299 -1.13505e+03 4.30290e-03 1.15294e-01
127   306 -1.13379e+03 4.69890e-03 1.21805e-01
128   313 -1.13063e+03 4.24182e-03 1.14603e-01
129   320 -1.11109e+03 3.96275e-03 1.13466e-01
130   328 -1.12407e+03 4.57481e-03 1.21361e-01
131   335 -1.12384e+03 4.42500e-03 1.13751e-01
132   343 -1.12210e+03 5.13775e-03 1.21766e-01
133   351 -1.11083e+03 4.90594e-03 1.20743e-01
134   360 -1.11867e+03 4.07003e-03 1.14256e-01
135   368 -1.13792e+03 4.35604e-03 1.20131e-01
136   377 -1.13236e+03 4.16170e-03 1.15917e-01
137   385 -1.11541e+03 4.22155e-03 1.16775e-01
138   394 -1.13319e+03 4.13813e-03 1.13276e-01
139   404 -1.12484e+03 4.52797e-03 1.16544e-01
140   413 -1.11377e+03 4.53588e-03 1.20776e-01
141   423 -1.14597e+03 4.03250e-03 1.13325e-01
142   433 -1.12207e+03 4.14686e-03 1.15968e-01
143   443 -1.14931e+03 4.62076e-03 1.21172e-01
144   453 -1.12409e+03 4.40984e-03 1.18082e-01
145   464 -1.13114e+03 4.15685e-03 1.14701e-01
146   474 -1.11564e+03 4.07030e-03 1.16096e-01
147   486 -1.15229e+03 3.82069e-03 1.12930e-01
148   497 -1.10466e+03 4.02997e-03 1.15028e-01
149   509 -1.12516e+03 4.16324e-03 1.17154e-01
150   520 -1.12669e+03 4.06733e-03 1.15372e-01
151   533 -1.14449e+03 4.33385e-03 1.18528e-01
152   545 -1.14069e+03 4.15720e-03 1.17580e-01
153   558 -1.15957e+03 4.06440e-03 1.14994e-01
154   571 -1.13926e+03 4.43523e-03 1.18752e-01
155   584 -1.14007e+03 4.24752e-03 1.18124e-01
156   598 -1.12380e+03 4.40169e-03 1.16634e-01
157   612 -1.14357e+03 4.28246e-03 1.15732e-01
158   626 -1.14273e+03 3.99891e-03 1.13398e-01
159   641 -1.13944e+03 4.08162e-03 1.16009e-01
160   656 -1.14387e+03 4.33287e-03 1.19327e-01
161   671 -1.11872e+03 3.99536e-03 1.12255e-01
162   687 -1.14208e+03 3.96129e-03 1.14350e-01
163   703 -1.12974e+03 4.14844e-03 1.16870e-01
164   719 -1.14112e+03 4.07754e-03 1.14424e-01
165   736 -1.13914e+03 3.98033e-03 1.14277e-01
166   753 -1.12715e+03 4.26513e-03 1.17568e-01
167   771 -1.12611e+03 4.09348e-03 1.16537e-01
168   789 -1.13471e+03 4.41151e-03 1.17875e-01
169   807 -1.12009e+03 4.31898e-03 1.17838e-01
170   826 -1.13253e+03 4.22383e-03 1.16036e-01
171   845 -1.13402e+03 4.31563e-03 1.16516e-01
172   865 -1.11994e+03 4.09214e-03 1.14678e-01
173   885 -1.12627e+03 3.95093e-03 1.13032e-01
174   906 -1.13851e+03 4.01341e-03 1.15597e-01
175   927 -1.11121e+03 3.93493e-03 1.14192e-01
176   949 -1.14037e+03 4.05796e-03 1.15340e-01
177   971 -1.12712e+03 4.21532e-03 1.17038e-01
178   994 -1.12930e+03 4.14746e-03 1.16061e-01
179  1017 -1.13039e+03 4.02742e-03 1.15195e-01
180  1041 -1.12146e+03 4.26032e-03 1.18101e-01
181  1065 -1.11735e+03 4.15247e-03 1.16295e-01
182  1090 -1.12825e+03 4.15728e-03 1.16704e-01
183  1115 -1.12727e+03 4.15402e-03 1.16838e-01
184  1141 -1.12855e+03 4.30082e-03 1.18811e-01
185  1168 -1.12246e+03 4.07579e-03 1.13776e-01
186  1195 -1.12722e+03 4.03689e-03 1.14867e-01
187  1223 -1.13781e+03 4.03948e-03 1.15015e-01
188  1252 -1.14636e+03 4.16069e-03 1.16891e-01
189  1281 -1.12808e+03 4.08002e-03 1.15893e-01
190  1311 -1.12258e+03 4.04674e-03 1.15414e-01
191  1342 -1.12316e+03 4.07331e-03 1.15329e-01
192  1373 -1.14209e+03 4.07383e-03 1.15336e-01
193  1405 -1.12438e+03 3.97702e-03 1.14249e-01
194  1438 -1.14367e+03 4.00284e-03 1.15429e-01
195  1472 -1.13315e+03 3.85463e-03 1.12951e-01
196  1506 -1.12252e+03 4.16198e-03 1.18243e-01
197  1541 -1.11499e+03 3.89468e-03 1.12636e-01
198  1577 -1.13366e+03 3.99715e-03 1.14870e-01
199  1614 -1.09688e+03 3.92095e-03 1.13986e-01
200  1652 -1.14717e+03 4.06040e-03 1.15896e-01
201  1690 -1.13868e+03 3.99413e-03 1.14313e-01
202  1730 -1.13413e+03 3.96401e-03 1.14261e-01
203  1770 -1.12911e+03 3.99488e-03 1.14638e-01
204  1811 -1.11280e+03 3.98863e-03 1.14715e-01
205  1854 -1.12336e+03 3.97676e-03 1.14326e-01
206  1897 -1.13011e+03 3.95834e-03 1.14185e-01
207  1941 -1.13262e+03 3.98943e-03 1.14398e-01
208  1987 -1.12514e+03 4.00990e-03 1.14581e-01
209  2033 -1.12330e+03 4.02565e-03 1.14902e-01
210  2081 -1.13676e+03 3.99666e-03 1.14500e-01
211  2129 -1.14346e+03 3.97499e-03 1.14413e-01
212  2179 -1.12986e+03 3.97354e-03 1.14442e-01
213  2230 -1.13714e+03 4.01967e-03 1.15072e-01
214  2282 -1.12731e+03 3.98885e-03 1.14558e-01
215  2335 -1.14701e+03 4.00347e-03 1.14846e-01
216  2390 -1.12824e+03 3.99926e-03 1.14705e-01
217  2446 -1.12749e+03 3.99694e-03 1.14732e-01
218  2503 -1.12709e+03 4.00393e-03 1.14842e-01
219  2561 -1.12724e+03 3.99361e-03 1.14683e-01
220  2621 -1.13505e+03 3.98721e-03 1.14615e-01
221  2682 -1.13708e+03 3.97556e-03 1.14397e-01
222  2745 -1.10711e+03 3.97842e-03 1.14423e-01
223  2809 -1.12748e+03 3.98314e-03 1.14484e-01
224  2875 -1.13712e+03 3.98275e-03 1.14511e-01
225  2942 -1.12192e+03 3.98392e-03 1.14565e-01
226  3010 -1.12496e+03 3.98720e-03 1.14620e-01
227  3081 -1.12751e+03 3.98957e-03 1.14650e-01
228  3153 -1.14466e+03 3.98817e-03 1.14627e-01
229  3226 -1.10832e+03 3.98561e-03 1.14597e-01
230  3302 -1.13294e+03 3.98661e-03 1.14619e-01
231  3379 -1.13565e+03 3.98759e-03 1.14627e-01
232  3458 -1.13772e+03 3.98715e-03 1.14630e-01
233  3538 -1.15644e+03 3.98709e-03 1.14629e-01
234  3621 -1.12661e+03 3.98777e-03 1.14644e-01
235  3706 -1.13436e+03 3.98790e-03 1.14648e-01
236  3792 -1.11558e+03 3.98744e-03 1.14638e-01
237  3881 -1.12635e+03 3.98748e-03 1.14641e-01
238  3971 -1.14290e+03 3.98764e-03 1.14644e-01
239  4064 -1.12562e+03 3.98730e-03 1.14641e-01
240  4159 -1.12265e+03 3.98721e-03 1.14639e-01
241  4256 -1.11763e+03 3.98709e-03 1.14637e-01
242  4356 -1.11838e+03 3.98715e-03 1.14639e-01
243  4457 -1.13484e+03 3.98700e-03 1.14639e-01
244  4561 -1.11829e+03 3.98715e-03 1.14640e-01
245  4668 -1.11171e+03 3.98724e-03 1.14643e-01
246  4777 -1.14100e+03 3.98698e-03 1.14639e-01
247  4889 -1.15019e+03 3.98729e-03 1.14644e-01
248  5003 -1.12519e+03 3.98801e-03 1.14658e-01
249  5120 -1.13680e+03 3.98789e-03 1.14655e-01
250  5239 -1.13747e+03 3.98780e-03 1.14652e-01
251  5361 -1.12506e+03 3.98773e-03 1.14653e-01
252  5487 -1.11966e+03 3.98765e-03 1.14650e-01
253  5615 -1.12548e+03 3.98730e-03 1.14643e-01
254  5746 -1.13089e+03 3.98810e-03 1.14657e-01
255  5880 -1.13171e+03 3.98765e-03 1.14647e-01
256  6017 -1.13684e+03 3.98768e-03 1.14649e-01
257  6158 -1.12869e+03 3.98783e-03 1.14651e-01
258  6302 -1.15209e+03 3.98790e-03 1.14655e-01
259  6449 -1.13871e+03 3.98746e-03 1.14645e-01
260  6600 -1.12828e+03 3.98659e-03 1.14629e-01
261  6754 -1.10559e+03 3.98650e-03 1.14630e-01
262  6911 -1.13996e+03 3.98676e-03 1.14636e-01
263  7073 -1.13491e+03 3.98646e-03 1.14630e-01
264  7238 -1.15103e+03 3.98660e-03 1.14631e-01
265  7407 -1.13668e+03 3.98755e-03 1.14647e-01
266  7580 -1.14355e+03 3.98790e-03 1.14654e-01
267  7757 -1.14719e+03 3.98775e-03 1.14656e-01
268  7938 -1.13263e+03 3.98774e-03 1.14657e-01
269  8124 -1.12654e+03 3.98782e-03 1.14662e-01
270  8313 -1.13870e+03 3.98775e-03 1.14664e-01
271  8507 -1.12466e+03 3.98787e-03 1.14667e-01
272  8706 -1.13325e+03 3.98829e-03 1.14673e-01
273  8909 -1.14065e+03 3.98834e-03 1.14677e-01
274  9118 -1.12346e+03 3.98871e-03 1.14688e-01
275  9330 -1.12185e+03 3.98844e-03 1.14685e-01
276  9548 -1.11951e+03 3.98805e-03 1.14677e-01
277  9771 -1.13183e+03 3.98806e-03 1.14682e-01
278 10000 -1.13569e+03 3.98799e-03 1.14681e-01
