i, epoch, loss, l2_err, h1_err
  0     1 -5.94088e+01 1.00036e+00 1.57332e+00
  1     2 -1.46017e+02 9.96473e-01 1.69212e+00
  2     3 -2.05037e+02 9.93166e-01 1.85203e+00
  3     4 -2.75519e+02 9.90346e-01 2.01509e+00
  4     5 -3.32741e+02 9.87541e-01 2.16729e+00
  5     6 -3.87014e+02 9.84808e-01 2.29856e+00
  6     7 -4.42461e+02 9.82034e-01 2.41360e+00
  7     8 -4.85411e+02 9.79141e-01 2.51140e+00
  8     9 -5.39418e+02 9.76131e-01 2.59055e+00
  9    10 -5.79569e+02 9.72924e-01 2.65352e+00
 10    11 -6.18924e+02 9.69646e-01 2.70220e+00
 11    12 -6.53621e+02 9.66188e-01 2.73973e+00
 12    13 -6.94865e+02 9.62473e-01 2.76689e+00
 13    14 -7.38271e+02 9.58528e-01 2.78471e+00
 14    15 -7.68201e+02 9.54384e-01 2.79663e+00
 15    16 -7.94115e+02 9.50053e-01 2.80127e+00
 16    17 -8.20347e+02 9.45506e-01 2.79984e+00
 17    18 -8.40989e+02 9.40733e-01 2.79304e+00
 18    19 -8.70116e+02 9.35813e-01 2.78159e+00
 19    20 -8.99442e+02 9.30662e-01 2.76582e+00
 20    21 -9.21972e+02 9.25222e-01 2.74463e+00
 21    22 -9.29137e+02 9.19516e-01 2.71872e+00
 22    23 -9.33756e+02 9.13594e-01 2.68905e+00
 23    24 -9.64521e+02 9.07439e-01 2.65631e+00
 24    25 -9.74161e+02 9.01060e-01 2.62273e+00
 25    26 -9.98090e+02 8.94362e-01 2.58807e+00
 26    27 -9.99730e+02 8.87375e-01 2.55239e+00
 27    28 -1.01190e+03 8.80110e-01 2.51579e+00
 28    29 -1.01411e+03 8.72574e-01 2.47930e+00
 29    30 -1.03539e+03 8.64759e-01 2.44338e+00
 30    31 -1.05076e+03 8.56678e-01 2.40813e+00
 31    32 -1.05660e+03 8.48388e-01 2.37340e+00
 32    33 -1.05384e+03 8.39836e-01 2.33892e+00
 33    34 -1.05364e+03 8.31062e-01 2.30506e+00
 34    35 -1.06719e+03 8.22076e-01 2.27143e+00
 35    36 -1.06587e+03 8.12814e-01 2.23848e+00
 36    37 -1.07713e+03 8.03254e-01 2.20577e+00
 37    38 -1.07701e+03 7.93426e-01 2.17327e+00
 38    39 -1.08664e+03 7.83319e-01 2.14137e+00
 39    40 -1.08242e+03 7.72931e-01 2.10978e+00
 40    41 -1.10351e+03 7.62242e-01 2.07868e+00
 41    42 -1.10184e+03 7.51294e-01 2.04710e+00
 42    43 -1.11053e+03 7.40089e-01 2.01541e+00
 43    44 -1.11426e+03 7.28679e-01 1.98371e+00
 44    45 -1.09552e+03 7.17061e-01 1.95191e+00
 45    46 -1.10423e+03 7.05183e-01 1.91965e+00
 46    47 -1.09624e+03 6.93034e-01 1.88701e+00
 47    48 -1.11666e+03 6.80639e-01 1.85440e+00
 48    49 -1.10485e+03 6.68051e-01 1.82184e+00
 49    50 -1.12183e+03 6.55358e-01 1.78923e+00
 50    51 -1.11417e+03 6.42599e-01 1.75615e+00
 51    53 -1.12641e+03 6.16750e-01 1.68914e+00
 52    54 -1.11810e+03 6.03706e-01 1.65554e+00
 53    55 -1.10679e+03 5.90610e-01 1.62166e+00
 54    56 -1.10764e+03 5.77508e-01 1.58767e+00
 55    58 -1.12277e+03 5.51258e-01 1.51805e+00
 56    59 -1.12341e+03 5.38211e-01 1.48324e+00
 57    60 -1.11322e+03 5.25219e-01 1.44883e+00
 58    62 -1.11404e+03 4.99525e-01 1.38044e+00
 59    63 -1.10991e+03 4.86924e-01 1.34612e+00
 60    65 -1.11186e+03 4.62229e-01 1.27818e+00
 61    66 -1.12235e+03 4.50096e-01 1.24495e+00
 62    68 -1.12102e+03 4.26288e-01 1.17982e+00
 63    69 -1.12400e+03 4.14615e-01 1.14752e+00
 64    71 -1.12096e+03 3.91815e-01 1.08392e+00
 65    73 -1.12446e+03 3.69716e-01 1.02378e+00
 66    74 -1.12781e+03 3.58985e-01 9.94045e-01
 67    76 -1.11760e+03 3.38227e-01 9.35440e-01
 68    78 -1.12540e+03 3.18574e-01 8.80099e-01
 69    80 -1.14125e+03 2.99930e-01 8.27768e-01
 70    82 -1.13327e+03 2.82078e-01 7.75929e-01
 71    84 -1.14792e+03 2.64993e-01 7.26733e-01
 72    86 -1.13334e+03 2.48738e-01 6.80059e-01
 73    88 -1.14184e+03 2.33364e-01 6.35877e-01
 74    90 -1.13918e+03 2.18779e-01 5.93901e-01
 75    92 -1.13930e+03 2.05016e-01 5.53891e-01
 76    94 -1.13672e+03 1.92014e-01 5.16062e-01
 77    96 -1.14990e+03 1.79705e-01 4.81208e-01
 78    98 -1.11000e+03 1.68100e-01 4.48403e-01
 79   101 -1.13207e+03 1.51844e-01 4.03041e-01
 80   103 -1.15109e+03 1.41716e-01 3.75779e-01
 81   105 -1.13887e+03 1.32162e-01 3.50907e-01
 82   108 -1.14257e+03 1.18878e-01 3.16724e-01
 83   110 -1.13443e+03 1.10581e-01 2.95751e-01
 84   113 -1.13004e+03 9.89411e-02 2.66636e-01
 85   116 -1.13158e+03 8.83625e-02 2.40010e-01
 86   118 -1.10877e+03 8.17801e-02 2.23802e-01
 87   121 -1.13354e+03 7.26950e-02 2.02016e-01
 88   124 -1.12670e+03 6.44112e-02 1.83039e-01
 89   127 -1.12066e+03 5.67925e-02 1.67422e-01
 90   130 -1.13227e+03 4.99288e-02 1.53763e-01
 91   133 -1.13415e+03 4.36351e-02 1.40825e-01
 92   136 -1.11393e+03 3.80399e-02 1.30219e-01
 93   139 -1.13478e+03 3.29954e-02 1.22972e-01
 94   143 -1.15161e+03 2.70807e-02 1.16170e-01
 95   146 -1.12052e+03 2.32504e-02 1.09439e-01
 96   149 -1.14085e+03 1.99225e-02 1.04127e-01
 97   153 -1.11192e+03 1.59746e-02 1.00334e-01
 98   156 -1.11623e+03 1.35117e-02 9.80130e-02
 99   160 -1.13594e+03 1.07945e-02 9.73737e-02
100   164 -1.11795e+03 8.47705e-03 9.67601e-02
101   168 -1.14320e+03 6.65543e-03 9.48508e-02
102   172 -1.14627e+03 5.25131e-03 9.47293e-02
103   176 -1.11356e+03 4.29863e-03 9.68473e-02
104   180 -1.10805e+03 3.60657e-03 9.81591e-02
105   184 -1.12630e+03 3.28022e-03 9.80534e-02
106   188 -1.13010e+03 3.00720e-03 9.57476e-02
107   193 -1.11719e+03 2.72856e-03 9.21491e-02
108   197 -1.13508e+03 2.72240e-03 9.49754e-02
109   202 -1.13278e+03 2.85118e-03 9.69704e-02
110   206 -1.13782e+03 2.72070e-03 9.45361e-02
111   211 -1.14674e+03 2.57329e-03 9.04468e-02
112   216 -1.12661e+03 2.66315e-03 9.30882e-02
113   221 -1.14242e+03 3.10929e-03 9.99178e-02
114   226 -1.13735e+03 2.86406e-03 9.42669e-02
115   232 -1.13366e+03 2.71939e-03 9.21936e-02
116   237 -1.13468e+03 2.67643e-03 9.13844e-02
117   243 -1.14385e+03 2.57006e-03 9.21870e-02
118   248 -1.12863e+03 2.51671e-03 8.95826e-02
119   254 -1.10541e+03 2.57317e-03 9.20860e-02
120   260 -1.13886e+03 2.80955e-03 9.80770e-02
121   266 -1.10700e+03 2.64546e-03 9.42301e-02
122   272 -1.11752e+03 2.72067e-03 9.62453e-02
123   279 -1.12725e+03 3.14530e-03 1.00451e-01
124   285 -1.13079e+03 2.67431e-03 9.21331e-02
125   292 -1.11393e+03 2.74005e-03 9.45261e-02
126   299 -1.14263e+03 3.14682e-03 1.01620e-01
127   306 -1.14619e+03 3.29083e-03 1.01646e-01
128   313 -1.12745e+03 2.95572e-03 9.59706e-02
129   320 -1.14060e+03 3.06925e-03 1.00147e-01
130   328 -1.11829e+03 2.80016e-03 9.65369e-02
131   335 -1.12143e+03 2.81761e-03 9.61300e-02
132   343 -1.13950e+03 2.83569e-03 9.59624e-02
133   351 -1.12121e+03 2.96386e-03 9.91704e-02
134   360 -1.13305e+03 2.61224e-03 9.34089e-02
135   368 -1.12126e+03 3.06041e-03 1.00736e-01
136   377 -1.12908e+03 2.75051e-03 9.59501e-02
137   385 -1.11863e+03 2.90995e-03 9.75115e-02
138   394 -1.12163e+03 3.19247e-03 1.01735e-01
139   404 -1.11243e+03 3.02067e-03 9.75645e-02
140   413 -1.13405e+03 3.17392e-03 1.03266e-01
141   423 -1.13429e+03 2.95880e-03 9.85538e-02
142   433 -1.10869e+03 2.61043e-03 9.21210e-02
143   443 -1.12678e+03 2.59759e-03 9.39245e-02
144   453 -1.10917e+03 2.67125e-03 9.65513e-02
145   464 -1.13916e+03 2.45899e-03 9.22392e-02
146   474 -1.12374e+03 2.73130e-03 9.82611e-02
147   486 -1.12762e+03 2.69829e-03 9.40889e-02
148   497 -1.14524e+03 2.57295e-03 9.21509e-02
149   509 -1.12172e+03 2.76030e-03 9.56606e-02
150   520 -1.16242e+03 2.76949e-03 9.59236e-02
151   533 -1.12898e+03 2.55493e-03 9.30769e-02
152   545 -1.12613e+03 2.78697e-03 9.45767e-02
153   558 -1.13220e+03 2.64816e-03 9.39450e-02
154   571 -1.14238e+03 2.64476e-03 9.41994e-02
155   584 -1.12061e+03 3.09839e-03 1.02578e-01
156   598 -1.11624e+03 2.76711e-03 8.95067e-02
157   612 -1.13576e+03 2.79461e-03 9.49619e-02
158   626 -1.13126e+03 2.53273e-03 9.10090e-02
159   641 -1.11835e+03 2.71970e-03 9.40188e-02
160   656 -1.13147e+03 2.65100e-03 9.42391e-02
161   671 -1.13164e+03 2.78009e-03 9.82820e-02
162   687 -1.12720e+03 2.80922e-03 9.63463e-02
163   703 -1.12333e+03 2.84809e-03 9.56358e-02
164   719 -1.15170e+03 2.67442e-03 9.34259e-02
165   736 -1.15555e+03 2.59586e-03 9.46958e-02
166   753 -1.14025e+03 2.47245e-03 9.19463e-02
167   771 -1.13501e+03 2.45871e-03 9.08404e-02
168   789 -1.11063e+03 2.36970e-03 8.98222e-02
169   807 -1.13456e+03 2.58161e-03 9.43095e-02
170   826 -1.12116e+03 2.51746e-03 9.47370e-02
171   845 -1.13326e+03 2.46034e-03 9.33735e-02
172   865 -1.11843e+03 2.68597e-03 9.72115e-02
173   885 -1.13726e+03 2.36201e-03 9.10391e-02
174   906 -1.12385e+03 2.50571e-03 9.09566e-02
175   927 -1.11688e+03 2.60390e-03 9.52692e-02
176   949 -1.12475e+03 2.45789e-03 9.27677e-02
177   971 -1.12598e+03 2.44927e-03 9.18122e-02
178   994 -1.13247e+03 2.52411e-03 9.36464e-02
179  1017 -1.11736e+03 2.36901e-03 9.06889e-02
180  1041 -1.13272e+03 2.27028e-03 8.98619e-02
181  1065 -1.12661e+03 2.42286e-03 9.27272e-02
182  1090 -1.13309e+03 2.41568e-03 9.18918e-02
183  1115 -1.10271e+03 2.32186e-03 9.03920e-02
184  1141 -1.12693e+03 2.36013e-03 9.17857e-02
185  1168 -1.13506e+03 2.39984e-03 9.28119e-02
186  1195 -1.12617e+03 2.27437e-03 9.04786e-02
187  1223 -1.12352e+03 2.29258e-03 9.13772e-02
188  1252 -1.13565e+03 2.36684e-03 9.18304e-02
189  1281 -1.12146e+03 2.48380e-03 9.40799e-02
190  1311 -1.12717e+03 2.25838e-03 8.94463e-02
191  1342 -1.13591e+03 2.37250e-03 9.22829e-02
192  1373 -1.13886e+03 2.43158e-03 9.32333e-02
193  1405 -1.13145e+03 2.53046e-03 9.46221e-02
194  1438 -1.13566e+03 2.36840e-03 9.11779e-02
195  1472 -1.14018e+03 2.38715e-03 9.20258e-02
196  1506 -1.12124e+03 2.32867e-03 9.10838e-02
197  1541 -1.12319e+03 2.51195e-03 9.48160e-02
198  1577 -1.14080e+03 2.21576e-03 8.85867e-02
199  1614 -1.11742e+03 2.25883e-03 9.01123e-02
200  1652 -1.11750e+03 2.30698e-03 9.13192e-02
201  1690 -1.13197e+03 2.30395e-03 9.16069e-02
202  1730 -1.12634e+03 2.29911e-03 9.10024e-02
203  1770 -1.11925e+03 2.30736e-03 9.08912e-02
204  1811 -1.13898e+03 2.28492e-03 9.06605e-02
205  1854 -1.12914e+03 2.30095e-03 9.12523e-02
206  1897 -1.11115e+03 2.25987e-03 9.02686e-02
207  1941 -1.14858e+03 2.27718e-03 9.08559e-02
208  1987 -1.10683e+03 2.28330e-03 9.06726e-02
209  2033 -1.11942e+03 2.27823e-03 9.06917e-02
210  2081 -1.15509e+03 2.28691e-03 9.10273e-02
211  2129 -1.13086e+03 2.28413e-03 9.10193e-02
212  2179 -1.12120e+03 2.27581e-03 9.07543e-02
213  2230 -1.13282e+03 2.27927e-03 9.09016e-02
214  2282 -1.13036e+03 2.27840e-03 9.08804e-02
215  2335 -1.13606e+03 2.28299e-03 9.10175e-02
216  2390 -1.13328e+03 2.27390e-03 9.07309e-02
217  2446 -1.13597e+03 2.27600e-03 9.07003e-02
218  2503 -1.13793e+03 2.29942e-03 9.11831e-02
219  2561 -1.13964e+03 2.32020e-03 9.15899e-02
220  2621 -1.12682e+03 2.31556e-03 9.15569e-02
221  2682 -1.11526e+03 2.30822e-03 9.14009e-02
222  2745 -1.12865e+03 2.30449e-03 9.12827e-02
223  2809 -1.12232e+03 2.30275e-03 9.12315e-02
224  2875 -1.11849e+03 2.29799e-03 9.11424e-02
225  2942 -1.14073e+03 2.29475e-03 9.10533e-02
226  3010 -1.10765e+03 2.29263e-03 9.10367e-02
227  3081 -1.11393e+03 2.29170e-03 9.10152e-02
228  3153 -1.13287e+03 2.29344e-03 9.10358e-02
229  3226 -1.11150e+03 2.29524e-03 9.10567e-02
230  3302 -1.15132e+03 2.29592e-03 9.10742e-02
231  3379 -1.12884e+03 2.29353e-03 9.10203e-02
232  3458 -1.12791e+03 2.29296e-03 9.10002e-02
233  3538 -1.12367e+03 2.29258e-03 9.09867e-02
234  3621 -1.12403e+03 2.29249e-03 9.09922e-02
235  3706 -1.13377e+03 2.29235e-03 9.09871e-02
236  3792 -1.13488e+03 2.29212e-03 9.09800e-02
237  3881 -1.13499e+03 2.29219e-03 9.09799e-02
238  3971 -1.12616e+03 2.29204e-03 9.09781e-02
239  4064 -1.11869e+03 2.29194e-03 9.09753e-02
240  4159 -1.12195e+03 2.29217e-03 9.09807e-02
241  4256 -1.13236e+03 2.29213e-03 9.09809e-02
242  4356 -1.12042e+03 2.29198e-03 9.09780e-02
243  4457 -1.11176e+03 2.29211e-03 9.09790e-02
244  4561 -1.12207e+03 2.29192e-03 9.09750e-02
245  4668 -1.12787e+03 2.29147e-03 9.09628e-02
246  4777 -1.12341e+03 2.29157e-03 9.09636e-02
247  4889 -1.12512e+03 2.29131e-03 9.09556e-02
248  5003 -1.13035e+03 2.29150e-03 9.09563e-02
249  5120 -1.11731e+03 2.29115e-03 9.09479e-02
250  5239 -1.11760e+03 2.29092e-03 9.09433e-02
251  5361 -1.12674e+03 2.29122e-03 9.09524e-02
252  5487 -1.12645e+03 2.29058e-03 9.09444e-02
253  5615 -1.12538e+03 2.29050e-03 9.09419e-02
254  5746 -1.12839e+03 2.29067e-03 9.09436e-02
255  5880 -1.12410e+03 2.29038e-03 9.09417e-02
256  6017 -1.12992e+03 2.29025e-03 9.09420e-02
257  6158 -1.13136e+03 2.29027e-03 9.09449e-02
258  6302 -1.12698e+03 2.29008e-03 9.09415e-02
259  6449 -1.13582e+03 2.28944e-03 9.09307e-02
260  6600 -1.14886e+03 2.28926e-03 9.09259e-02
261  6754 -1.14288e+03 2.28946e-03 9.09296e-02
262  6911 -1.12174e+03 2.28966e-03 9.09316e-02
263  7073 -1.13326e+03 2.28933e-03 9.09226e-02
264  7238 -1.12291e+03 2.28905e-03 9.09159e-02
265  7407 -1.14504e+03 2.28883e-03 9.09124e-02
266  7580 -1.11577e+03 2.28892e-03 9.09160e-02
267  7757 -1.10836e+03 2.28914e-03 9.09209e-02
268  7938 -1.11779e+03 2.28859e-03 9.09044e-02
269  8124 -1.12050e+03 2.28809e-03 9.08918e-02
270  8313 -1.13339e+03 2.28790e-03 9.08855e-02
271  8507 -1.11415e+03 2.28748e-03 9.08734e-02
272  8706 -1.12566e+03 2.28773e-03 9.08754e-02
273  8909 -1.11992e+03 2.28713e-03 9.08591e-02
274  9118 -1.13230e+03 2.28662e-03 9.08547e-02
275  9330 -1.13363e+03 2.28618e-03 9.08442e-02
276  9548 -1.12138e+03 2.28659e-03 9.08578e-02
277  9771 -1.11348e+03 2.28675e-03 9.08665e-02
278 10000 -1.13873e+03 2.28698e-03 9.08724e-02
