i, epoch, loss, l2_err, h1_err
  0     1 -8.31758e+01 9.50497e-01 9.64166e-01
  1     2 -1.45037e+02 9.25303e-01 9.42890e-01
  2     3 -2.13495e+02 9.00199e-01 9.25037e-01
  3     4 -2.82746e+02 8.75301e-01 9.10787e-01
  4     5 -3.44469e+02 8.50682e-01 9.00198e-01
  5     6 -3.97443e+02 8.26314e-01 8.92147e-01
  6     7 -4.54909e+02 8.02367e-01 8.86569e-01
  7     8 -5.05407e+02 7.78850e-01 8.83248e-01
  8     9 -5.58890e+02 7.55850e-01 8.82151e-01
  9    10 -6.12541e+02 7.33336e-01 8.83149e-01
 10    11 -6.36264e+02 7.11462e-01 8.85841e-01
 11    12 -6.98166e+02 6.90097e-01 8.90376e-01
 12    13 -7.36698e+02 6.69323e-01 8.96727e-01
 13    14 -7.72995e+02 6.49271e-01 9.04977e-01
 14    15 -8.03836e+02 6.29737e-01 9.14698e-01
 15    16 -8.42818e+02 6.10931e-01 9.25522e-01
 16    17 -8.72979e+02 5.92652e-01 9.37117e-01
 17    18 -8.82460e+02 5.75215e-01 9.49700e-01
 18    19 -9.17827e+02 5.58345e-01 9.62871e-01
 19    20 -9.44744e+02 5.42030e-01 9.76567e-01
 20    21 -9.62458e+02 5.26419e-01 9.90619e-01
 21    22 -9.84988e+02 5.11357e-01 1.00492e+00
 22    23 -1.00078e+03 4.97275e-01 1.01962e+00
 23    24 -1.02680e+03 4.84093e-01 1.03456e+00
 24    25 -1.03535e+03 4.71617e-01 1.04941e+00
 25    26 -1.04547e+03 4.59871e-01 1.06421e+00
 26    27 -1.04467e+03 4.48983e-01 1.07897e+00
 27    28 -1.06602e+03 4.39099e-01 1.09367e+00
 28    29 -1.07435e+03 4.29817e-01 1.10797e+00
 29    30 -1.10973e+03 4.20964e-01 1.12183e+00
 30    31 -1.10724e+03 4.13142e-01 1.13543e+00
 31    32 -1.09689e+03 4.06005e-01 1.14860e+00
 32    33 -1.09916e+03 3.99291e-01 1.16122e+00
 33    34 -1.11126e+03 3.92814e-01 1.17322e+00
 34    35 -1.10899e+03 3.87121e-01 1.18472e+00
 35    36 -1.09831e+03 3.82054e-01 1.19560e+00
 36    37 -1.09518e+03 3.77320e-01 1.20573e+00
 37    38 -1.10647e+03 3.73065e-01 1.21513e+00
 38    39 -1.08399e+03 3.69448e-01 1.22383e+00
 39    40 -1.10646e+03 3.66626e-01 1.23190e+00
 40    41 -1.08775e+03 3.64151e-01 1.23927e+00
 41    42 -1.12084e+03 3.62145e-01 1.24591e+00
 42    43 -1.11316e+03 3.60354e-01 1.25178e+00
 43    44 -1.12358e+03 3.58227e-01 1.25671e+00
 44    45 -1.11352e+03 3.56421e-01 1.26080e+00
 45    46 -1.09744e+03 3.55098e-01 1.26430e+00
 46    47 -1.10312e+03 3.53827e-01 1.26720e+00
 47    48 -1.12108e+03 3.52844e-01 1.26958e+00
 48    49 -1.10609e+03 3.51911e-01 1.27138e+00
 49    50 -1.11883e+03 3.51809e-01 1.27284e+00
 50    51 -1.11954e+03 3.52165e-01 1.27386e+00
 51    53 -1.10391e+03 3.53296e-01 1.27477e+00
 52    54 -1.12024e+03 3.53768e-01 1.27468e+00
 53    55 -1.11108e+03 3.53734e-01 1.27413e+00
 54    56 -1.13780e+03 3.53518e-01 1.27317e+00
 55    58 -1.11027e+03 3.53104e-01 1.27056e+00
 56    59 -1.12592e+03 3.53061e-01 1.26901e+00
 57    60 -1.12709e+03 3.53004e-01 1.26732e+00
 58    62 -1.14458e+03 3.54460e-01 1.26390e+00
 59    63 -1.12857e+03 3.55312e-01 1.26204e+00
 60    65 -1.12324e+03 3.58166e-01 1.25844e+00
 61    66 -1.10896e+03 3.59351e-01 1.25655e+00
 62    68 -1.12699e+03 3.61467e-01 1.25277e+00
 63    69 -1.13441e+03 3.61700e-01 1.25074e+00
 64    71 -1.11755e+03 3.61208e-01 1.24663e+00
 65    73 -1.11407e+03 3.61428e-01 1.24295e+00
 66    74 -1.13056e+03 3.62421e-01 1.24147e+00
 67    76 -1.12398e+03 3.65474e-01 1.23914e+00
 68    78 -1.10393e+03 3.68273e-01 1.23722e+00
 69    80 -1.12554e+03 3.69600e-01 1.23522e+00
 70    82 -1.11930e+03 3.68939e-01 1.23306e+00
 71    84 -1.09158e+03 3.68633e-01 1.23158e+00
 72    86 -1.11475e+03 3.69048e-01 1.23072e+00
 73    88 -1.11567e+03 3.70292e-01 1.23044e+00
 74    90 -1.10368e+03 3.70638e-01 1.23020e+00
 75    92 -1.09797e+03 3.70625e-01 1.23010e+00
 76    94 -1.11920e+03 3.69788e-01 1.22990e+00
 77    96 -1.12768e+03 3.69120e-01 1.22982e+00
 78    98 -1.10608e+03 3.68218e-01 1.22978e+00
 79   101 -1.11220e+03 3.66979e-01 1.22973e+00
 80   103 -1.12085e+03 3.67244e-01 1.22998e+00
 81   105 -1.12813e+03 3.67182e-01 1.23016e+00
 82   108 -1.11054e+03 3.69382e-01 1.23121e+00
 83   110 -1.12459e+03 3.69581e-01 1.23143e+00
 84   113 -1.10492e+03 3.67504e-01 1.23096e+00
 85   116 -1.13627e+03 3.66948e-01 1.23105e+00
 86   118 -1.12225e+03 3.66712e-01 1.23118e+00
 87   121 -1.11579e+03 3.66789e-01 1.23142e+00
 88   124 -1.13635e+03 3.68053e-01 1.23195e+00
 89   127 -1.11025e+03 3.67442e-01 1.23200e+00
 90   130 -1.12770e+03 3.67446e-01 1.23211e+00
 91   133 -1.12346e+03 3.67508e-01 1.23220e+00
 92   136 -1.12602e+03 3.66288e-01 1.23162e+00
 93   139 -1.11017e+03 3.66985e-01 1.23174e+00
 94   143 -1.11225e+03 3.67173e-01 1.23209e+00
 95   146 -1.13494e+03 3.67915e-01 1.23234e+00
 96   149 -1.10119e+03 3.66882e-01 1.23209e+00
 97   153 -1.11842e+03 3.66758e-01 1.23197e+00
 98   156 -1.12894e+03 3.68552e-01 1.23230e+00
 99   160 -1.11023e+03 3.67700e-01 1.23174e+00
100   164 -1.10737e+03 3.67250e-01 1.23136e+00
101   168 -1.10063e+03 3.66645e-01 1.23125e+00
102   172 -1.11849e+03 3.67313e-01 1.23158e+00
103   176 -1.11612e+03 3.68702e-01 1.23210e+00
104   180 -1.10728e+03 3.67481e-01 1.23174e+00
105   184 -1.11933e+03 3.67932e-01 1.23192e+00
106   188 -1.14057e+03 3.69985e-01 1.23253e+00
107   193 -1.12031e+03 3.68235e-01 1.23252e+00
108   197 -1.10952e+03 3.65891e-01 1.23230e+00
109   202 -1.13965e+03 3.69965e-01 1.23362e+00
110   206 -1.12304e+03 3.67188e-01 1.23248e+00
111   211 -1.13411e+03 3.66240e-01 1.23199e+00
112   216 -1.13173e+03 3.66237e-01 1.23163e+00
113   221 -1.11576e+03 3.68294e-01 1.23193e+00
114   226 -1.12959e+03 3.67563e-01 1.23126e+00
115   232 -1.11733e+03 3.65959e-01 1.23064e+00
116   237 -1.10095e+03 3.68790e-01 1.23150e+00
117   243 -1.13351e+03 3.66082e-01 1.23116e+00
118   248 -1.11476e+03 3.70428e-01 1.23315e+00
119   254 -1.10794e+03 3.64702e-01 1.23163e+00
120   260 -1.12467e+03 3.67173e-01 1.23213e+00
121   266 -1.15005e+03 3.68391e-01 1.23242e+00
122   272 -1.11617e+03 3.67330e-01 1.23247e+00
123   279 -1.13844e+03 3.67107e-01 1.23243e+00
124   285 -1.11839e+03 3.65758e-01 1.23174e+00
125   292 -1.11980e+03 3.68230e-01 1.23196e+00
126   299 -1.12349e+03 3.68739e-01 1.23239e+00
127   306 -1.13072e+03 3.68772e-01 1.23287e+00
128   313 -1.12567e+03 3.63645e-01 1.23120e+00
129   320 -1.11527e+03 3.70506e-01 1.23325e+00
130   328 -1.12982e+03 3.68209e-01 1.23288e+00
131   335 -1.12908e+03 3.65447e-01 1.23161e+00
132   343 -1.11176e+03 3.68743e-01 1.23214e+00
133   351 -1.11035e+03 3.67279e-01 1.23156e+00
134   360 -1.12653e+03 3.67475e-01 1.23244e+00
135   368 -1.14215e+03 3.66301e-01 1.23293e+00
136   377 -1.11601e+03 3.69664e-01 1.23322e+00
137   385 -1.12594e+03 3.65696e-01 1.23129e+00
138   394 -1.12681e+03 3.65490e-01 1.23129e+00
139   404 -1.12222e+03 3.70648e-01 1.23383e+00
140   413 -1.12715e+03 3.63992e-01 1.23272e+00
141   423 -1.12059e+03 3.67266e-01 1.23250e+00
142   433 -1.12485e+03 3.65736e-01 1.23181e+00
143   443 -1.13201e+03 3.70204e-01 1.23245e+00
144   453 -1.11513e+03 3.67356e-01 1.23164e+00
145   464 -1.10647e+03 3.66243e-01 1.23075e+00
146   474 -1.11436e+03 3.68449e-01 1.23254e+00
147   486 -1.12696e+03 3.67281e-01 1.23308e+00
148   497 -1.11708e+03 3.70287e-01 1.23329e+00
149   509 -1.10414e+03 3.71290e-01 1.23285e+00
150   520 -1.12804e+03 3.68762e-01 1.23249e+00
151   533 -1.11992e+03 3.69502e-01 1.23298e+00
152   545 -1.12460e+03 3.66780e-01 1.23112e+00
153   558 -1.12339e+03 3.68011e-01 1.23412e+00
154   571 -1.10796e+03 3.66368e-01 1.23224e+00
155   584 -1.13324e+03 3.68100e-01 1.23270e+00
156   598 -1.12966e+03 3.68348e-01 1.23083e+00
157   612 -1.12856e+03 3.63053e-01 1.23250e+00
158   626 -1.12922e+03 3.65405e-01 1.23169e+00
159   641 -1.11790e+03 3.65335e-01 1.23201e+00
160   656 -1.12857e+03 3.64741e-01 1.23132e+00
161   671 -1.11430e+03 3.66865e-01 1.23144e+00
162   687 -1.13449e+03 3.66341e-01 1.23257e+00
163   703 -1.12200e+03 3.67496e-01 1.23363e+00
164   719 -1.13035e+03 3.70114e-01 1.23384e+00
165   736 -1.13107e+03 3.66333e-01 1.23213e+00
166   753 -1.12597e+03 3.66654e-01 1.23224e+00
167   771 -1.14692e+03 3.67559e-01 1.23213e+00
168   789 -1.10236e+03 3.66440e-01 1.23288e+00
169   807 -1.13323e+03 3.69207e-01 1.23166e+00
170   826 -1.12535e+03 3.66427e-01 1.23261e+00
171   845 -1.11208e+03 3.65843e-01 1.23172e+00
172   865 -1.12248e+03 3.67321e-01 1.23381e+00
173   885 -1.11143e+03 3.68158e-01 1.23172e+00
174   906 -1.13638e+03 3.65698e-01 1.23196e+00
175   927 -1.11811e+03 3.67702e-01 1.23283e+00
176   949 -1.11841e+03 3.65249e-01 1.23301e+00
177   971 -1.13481e+03 3.66516e-01 1.23257e+00
178   994 -1.12071e+03 3.66654e-01 1.23172e+00
179  1017 -1.10468e+03 3.67660e-01 1.23207e+00
180  1041 -1.13912e+03 3.66735e-01 1.23197e+00
181  1065 -1.14013e+03 3.66228e-01 1.23159e+00
182  1090 -1.11286e+03 3.67674e-01 1.23240e+00
183  1115 -1.11776e+03 3.66826e-01 1.23208e+00
184  1141 -1.12628e+03 3.66217e-01 1.23193e+00
185  1168 -1.09850e+03 3.67120e-01 1.23243e+00
186  1195 -1.12778e+03 3.66992e-01 1.23259e+00
187  1223 -1.12140e+03 3.67224e-01 1.23255e+00
188  1252 -1.12087e+03 3.66206e-01 1.23214e+00
189  1281 -1.10726e+03 3.67484e-01 1.23217e+00
190  1311 -1.10734e+03 3.68039e-01 1.23256e+00
191  1342 -1.12196e+03 3.67153e-01 1.23188e+00
192  1373 -1.10993e+03 3.67973e-01 1.23214e+00
193  1405 -1.12441e+03 3.67827e-01 1.23232e+00
194  1438 -1.12850e+03 3.67356e-01 1.23175e+00
195  1472 -1.11483e+03 3.66964e-01 1.23193e+00
196  1506 -1.12625e+03 3.67078e-01 1.23232e+00
197  1541 -1.12088e+03 3.66403e-01 1.23217e+00
198  1577 -1.12050e+03 3.66824e-01 1.23212e+00
199  1614 -1.12516e+03 3.67679e-01 1.23231e+00
200  1652 -1.14450e+03 3.67304e-01 1.23208e+00
201  1690 -1.11389e+03 3.67210e-01 1.23211e+00
202  1730 -1.13641e+03 3.67446e-01 1.23245e+00
203  1770 -1.11814e+03 3.67414e-01 1.23242e+00
204  1811 -1.13521e+03 3.67356e-01 1.23249e+00
205  1854 -1.10111e+03 3.67032e-01 1.23229e+00
206  1897 -1.12528e+03 3.66620e-01 1.23208e+00
207  1941 -1.10732e+03 3.66816e-01 1.23204e+00
208  1987 -1.13659e+03 3.67227e-01 1.23215e+00
209  2033 -1.07751e+03 3.67194e-01 1.23220e+00
210  2081 -1.11948e+03 3.66897e-01 1.23190e+00
211  2129 -1.13929e+03 3.67416e-01 1.23225e+00
212  2179 -1.11744e+03 3.67549e-01 1.23237e+00
213  2230 -1.12387e+03 3.67302e-01 1.23211e+00
214  2282 -1.12372e+03 3.67456e-01 1.23204e+00
215  2335 -1.12533e+03 3.67353e-01 1.23204e+00
216  2390 -1.13189e+03 3.67407e-01 1.23211e+00
217  2446 -1.10079e+03 3.67372e-01 1.23214e+00
218  2503 -1.11870e+03 3.67406e-01 1.23220e+00
219  2561 -1.11161e+03 3.67403e-01 1.23224e+00
220  2621 -1.11769e+03 3.67419e-01 1.23224e+00
221  2682 -1.12984e+03 3.67389e-01 1.23224e+00
222  2745 -1.11737e+03 3.67358e-01 1.23224e+00
223  2809 -1.12961e+03 3.67335e-01 1.23221e+00
224  2875 -1.11253e+03 3.67300e-01 1.23221e+00
225  2942 -1.09644e+03 3.67280e-01 1.23220e+00
226  3010 -1.09712e+03 3.67255e-01 1.23220e+00
227  3081 -1.13215e+03 3.67279e-01 1.23221e+00
228  3153 -1.12630e+03 3.67273e-01 1.23222e+00
229  3226 -1.11309e+03 3.67264e-01 1.23222e+00
230  3302 -1.12358e+03 3.67257e-01 1.23222e+00
231  3379 -1.12358e+03 3.67260e-01 1.23222e+00
232  3458 -1.12274e+03 3.67257e-01 1.23222e+00
233  3538 -1.12071e+03 3.67259e-01 1.23222e+00
234  3621 -1.11043e+03 3.67259e-01 1.23222e+00
235  3706 -1.14783e+03 3.67258e-01 1.23222e+00
236  3792 -1.12192e+03 3.67257e-01 1.23222e+00
237  3881 -1.13660e+03 3.67256e-01 1.23222e+00
238  3971 -1.13105e+03 3.67257e-01 1.23222e+00
239  4064 -1.11366e+03 3.67258e-01 1.23222e+00
240  4159 -1.10596e+03 3.67257e-01 1.23222e+00
241  4256 -1.12398e+03 3.67258e-01 1.23222e+00
242  4356 -1.12666e+03 3.67257e-01 1.23222e+00
243  4457 -1.12438e+03 3.67258e-01 1.23222e+00
244  4561 -1.11658e+03 3.67259e-01 1.23222e+00
245  4668 -1.11374e+03 3.67260e-01 1.23222e+00
246  4777 -1.12506e+03 3.67260e-01 1.23222e+00
247  4889 -1.08410e+03 3.67260e-01 1.23222e+00
248  5003 -1.09719e+03 3.67259e-01 1.23222e+00
249  5120 -1.12824e+03 3.67259e-01 1.23222e+00
250  5239 -1.13241e+03 3.67259e-01 1.23222e+00
251  5361 -1.11679e+03 3.67260e-01 1.23222e+00
252  5487 -1.12066e+03 3.67257e-01 1.23222e+00
253  5615 -1.12520e+03 3.67256e-01 1.23222e+00
254  5746 -1.12502e+03 3.67256e-01 1.23222e+00
255  5880 -1.13499e+03 3.67256e-01 1.23222e+00
256  6017 -1.11680e+03 3.67257e-01 1.23222e+00
257  6158 -1.11164e+03 3.67256e-01 1.23222e+00
258  6302 -1.12294e+03 3.67256e-01 1.23221e+00
259  6449 -1.08315e+03 3.67254e-01 1.23221e+00
260  6600 -1.11620e+03 3.67253e-01 1.23221e+00
261  6754 -1.12657e+03 3.67251e-01 1.23221e+00
262  6911 -1.10845e+03 3.67252e-01 1.23221e+00
263  7073 -1.12541e+03 3.67251e-01 1.23221e+00
264  7238 -1.13399e+03 3.67250e-01 1.23221e+00
265  7407 -1.12598e+03 3.67249e-01 1.23221e+00
266  7580 -1.12088e+03 3.67249e-01 1.23221e+00
267  7757 -1.13338e+03 3.67250e-01 1.23221e+00
268  7938 -1.11475e+03 3.67251e-01 1.23221e+00
269  8124 -1.10542e+03 3.67251e-01 1.23222e+00
270  8313 -1.13851e+03 3.67249e-01 1.23222e+00
271  8507 -1.11974e+03 3.67249e-01 1.23222e+00
272  8706 -1.12473e+03 3.67248e-01 1.23222e+00
273  8909 -1.11733e+03 3.67248e-01 1.23221e+00
274  9118 -1.10210e+03 3.67249e-01 1.23221e+00
275  9330 -1.12506e+03 3.67247e-01 1.23221e+00
276  9548 -1.11208e+03 3.67247e-01 1.23221e+00
277  9771 -1.11023e+03 3.67247e-01 1.23221e+00
278 10000 -1.12945e+03 3.67247e-01 1.23221e+00
