i, epoch, loss, l2_err, h1_err
  0     1 -7.61211e+01 9.22634e-01 1.01448e+00
  1     2 -1.46572e+02 8.99867e-01 1.01023e+00
  2     3 -2.14473e+02 8.75486e-01 1.00614e+00
  3     4 -2.78313e+02 8.50098e-01 1.00148e+00
  4     5 -3.32515e+02 8.24153e-01 9.96293e-01
  5     6 -3.99534e+02 7.98318e-01 9.90608e-01
  6     7 -4.59289e+02 7.72331e-01 9.82408e-01
  7     8 -5.14692e+02 7.46390e-01 9.74111e-01
  8     9 -5.55769e+02 7.20548e-01 9.63610e-01
  9    10 -6.01680e+02 6.94963e-01 9.52003e-01
 10    11 -6.53009e+02 6.69481e-01 9.38301e-01
 11    12 -6.97216e+02 6.43992e-01 9.23626e-01
 12    13 -7.38705e+02 6.18526e-01 9.08532e-01
 13    14 -7.73117e+02 5.93120e-01 8.92330e-01
 14    15 -8.11938e+02 5.67847e-01 8.74867e-01
 15    16 -8.40440e+02 5.42919e-01 8.57425e-01
 16    17 -8.67720e+02 5.18170e-01 8.39795e-01
 17    18 -8.96558e+02 4.93709e-01 8.21360e-01
 18    19 -9.17051e+02 4.69593e-01 8.02512e-01
 19    20 -9.41938e+02 4.45846e-01 7.83727e-01
 20    21 -9.68095e+02 4.22387e-01 7.64786e-01
 21    22 -9.85315e+02 3.99329e-01 7.46103e-01
 22    23 -1.01505e+03 3.76672e-01 7.27534e-01
 23    24 -1.04218e+03 3.54518e-01 7.09497e-01
 24    25 -1.02891e+03 3.32796e-01 6.91833e-01
 25    26 -1.05022e+03 3.11575e-01 6.74935e-01
 26    27 -1.05352e+03 2.90939e-01 6.58757e-01
 27    28 -1.05188e+03 2.70833e-01 6.43486e-01
 28    29 -1.06106e+03 2.51247e-01 6.29175e-01
 29    30 -1.07361e+03 2.32257e-01 6.15982e-01
 30    31 -1.09780e+03 2.13918e-01 6.03790e-01
 31    32 -1.10304e+03 1.96265e-01 5.92581e-01
 32    33 -1.10481e+03 1.79321e-01 5.82424e-01
 33    34 -1.10553e+03 1.63153e-01 5.73267e-01
 34    35 -1.10062e+03 1.47751e-01 5.65027e-01
 35    36 -1.12933e+03 1.33367e-01 5.57827e-01
 36    37 -1.12393e+03 1.20006e-01 5.51538e-01
 37    38 -1.10495e+03 1.07890e-01 5.46128e-01
 38    39 -1.12094e+03 9.70737e-02 5.41542e-01
 39    40 -1.12483e+03 8.77063e-02 5.37797e-01
 40    41 -1.09888e+03 7.99201e-02 5.34785e-01
 41    42 -1.12670e+03 7.38043e-02 5.32574e-01
 42    43 -1.12022e+03 6.93316e-02 5.31172e-01
 43    44 -1.13620e+03 6.64306e-02 5.30238e-01
 44    45 -1.12318e+03 6.49505e-02 5.29990e-01
 45    46 -1.10854e+03 6.46493e-02 5.30285e-01
 46    47 -1.11651e+03 6.52239e-02 5.31035e-01
 47    48 -1.13661e+03 6.64345e-02 5.32193e-01
 48    49 -1.12895e+03 6.80166e-02 5.33570e-01
 49    50 -1.15032e+03 6.97629e-02 5.35049e-01
 50    51 -1.11405e+03 7.15370e-02 5.36608e-01
 51    53 -1.15664e+03 7.47972e-02 5.39450e-01
 52    54 -1.12399e+03 7.61536e-02 5.40682e-01
 53    55 -1.11896e+03 7.72501e-02 5.41781e-01
 54    56 -1.12710e+03 7.80639e-02 5.42635e-01
 55    58 -1.13742e+03 7.87281e-02 5.43318e-01
 56    59 -1.12896e+03 7.86510e-02 5.43301e-01
 57    60 -1.12286e+03 7.82922e-02 5.43105e-01
 58    62 -1.14158e+03 7.68321e-02 5.41710e-01
 59    63 -1.12895e+03 7.58090e-02 5.40675e-01
 60    65 -1.11431e+03 7.32881e-02 5.38099e-01
 61    66 -1.14088e+03 7.18930e-02 5.36635e-01
 62    68 -1.13750e+03 6.89918e-02 5.33265e-01
 63    69 -1.14271e+03 6.75838e-02 5.31490e-01
 64    71 -1.15239e+03 6.49309e-02 5.28140e-01
 65    73 -1.15494e+03 6.25723e-02 5.25314e-01
 66    74 -1.11812e+03 6.15620e-02 5.24144e-01
 67    76 -1.12432e+03 5.98955e-02 5.21992e-01
 68    78 -1.14002e+03 5.87914e-02 5.20317e-01
 69    80 -1.13708e+03 5.81474e-02 5.18990e-01
 70    82 -1.11391e+03 5.77696e-02 5.18012e-01
 71    84 -1.11002e+03 5.74786e-02 5.17259e-01
 72    86 -1.13250e+03 5.73356e-02 5.16641e-01
 73    88 -1.12516e+03 5.71282e-02 5.16169e-01
 74    90 -1.13335e+03 5.68829e-02 5.15640e-01
 75    92 -1.12393e+03 5.65871e-02 5.15205e-01
 76    94 -1.13264e+03 5.64255e-02 5.14794e-01
 77    96 -1.12523e+03 5.63483e-02 5.14517e-01
 78    98 -1.13509e+03 5.61051e-02 5.14133e-01
 79   101 -1.15528e+03 5.55674e-02 5.13949e-01
 80   103 -1.11633e+03 5.52645e-02 5.14015e-01
 81   105 -1.12683e+03 5.49447e-02 5.14160e-01
 82   108 -1.13333e+03 5.45284e-02 5.14191e-01
 83   110 -1.12901e+03 5.44737e-02 5.14062e-01
 84   113 -1.13055e+03 5.44353e-02 5.14096e-01
 85   116 -1.10979e+03 5.44109e-02 5.14192e-01
 86   118 -1.10494e+03 5.44924e-02 5.14544e-01
 87   121 -1.13621e+03 5.46755e-02 5.14830e-01
 88   124 -1.11274e+03 5.47045e-02 5.15097e-01
 89   127 -1.14049e+03 5.42069e-02 5.15379e-01
 90   130 -1.13121e+03 5.39188e-02 5.15456e-01
 91   133 -1.12743e+03 5.41455e-02 5.15250e-01
 92   136 -1.13378e+03 5.45690e-02 5.14921e-01
 93   139 -1.11476e+03 5.46392e-02 5.14996e-01
 94   143 -1.13432e+03 5.47298e-02 5.16355e-01
 95   146 -1.14340e+03 5.49761e-02 5.16695e-01
 96   149 -1.13738e+03 5.50982e-02 5.16098e-01
 97   153 -1.12722e+03 5.50120e-02 5.14852e-01
 98   156 -1.10904e+03 5.49841e-02 5.14896e-01
 99   160 -1.14332e+03 5.54950e-02 5.15753e-01
100   164 -1.12754e+03 5.50374e-02 5.16523e-01
101   168 -1.11485e+03 5.47788e-02 5.15445e-01
102   172 -1.13056e+03 5.50073e-02 5.14574e-01
103   176 -1.13629e+03 5.51142e-02 5.14936e-01
104   180 -1.13360e+03 5.50479e-02 5.15688e-01
105   184 -1.12321e+03 5.44203e-02 5.15414e-01
106   188 -1.13423e+03 5.45545e-02 5.14744e-01
107   193 -1.13598e+03 5.46390e-02 5.14960e-01
108   197 -1.13080e+03 5.43496e-02 5.15691e-01
109   202 -1.13874e+03 5.42425e-02 5.14896e-01
110   206 -1.13186e+03 5.46427e-02 5.14482e-01
111   211 -1.14431e+03 5.42255e-02 5.14868e-01
112   216 -1.14474e+03 5.51077e-02 5.16156e-01
113   221 -1.14375e+03 5.48727e-02 5.15599e-01
114   226 -1.13077e+03 5.55423e-02 5.15566e-01
115   232 -1.11400e+03 5.58891e-02 5.16420e-01
116   237 -1.12467e+03 5.62126e-02 5.16455e-01
117   243 -1.11646e+03 5.54351e-02 5.15345e-01
118   248 -1.11525e+03 5.55183e-02 5.15750e-01
119   254 -1.12105e+03 5.55526e-02 5.15588e-01
120   260 -1.11845e+03 5.51912e-02 5.15391e-01
121   266 -1.12998e+03 5.50359e-02 5.15611e-01
122   272 -1.13860e+03 5.48596e-02 5.15907e-01
123   279 -1.14048e+03 5.56028e-02 5.15769e-01
124   285 -1.12445e+03 5.51241e-02 5.15876e-01
125   292 -1.11003e+03 5.58025e-02 5.14655e-01
126   299 -1.12703e+03 5.47811e-02 5.15516e-01
127   306 -1.11469e+03 5.39215e-02 5.14948e-01
128   313 -1.13546e+03 5.48882e-02 5.14673e-01
129   320 -1.12362e+03 5.48072e-02 5.15462e-01
130   328 -1.13977e+03 5.53440e-02 5.15321e-01
131   335 -1.13591e+03 5.47582e-02 5.15466e-01
132   343 -1.11829e+03 5.51384e-02 5.15439e-01
133   351 -1.12698e+03 5.56165e-02 5.15820e-01
134   360 -1.11862e+03 5.47641e-02 5.15267e-01
135   368 -1.11779e+03 5.44381e-02 5.15559e-01
136   377 -1.12351e+03 5.51836e-02 5.15872e-01
137   385 -1.13132e+03 5.53903e-02 5.15779e-01
138   394 -1.14612e+03 5.54256e-02 5.15864e-01
139   404 -1.13889e+03 5.49854e-02 5.15255e-01
140   413 -1.14090e+03 5.51588e-02 5.15657e-01
141   423 -1.11690e+03 5.52376e-02 5.15882e-01
142   433 -1.12309e+03 5.46675e-02 5.15106e-01
143   443 -1.14255e+03 5.52377e-02 5.14483e-01
144   453 -1.12039e+03 5.52594e-02 5.16902e-01
145   464 -1.11531e+03 5.50024e-02 5.14921e-01
146   474 -1.14646e+03 5.51087e-02 5.15616e-01
147   486 -1.13070e+03 5.44633e-02 5.14863e-01
148   497 -1.14215e+03 5.48722e-02 5.15277e-01
149   509 -1.13333e+03 5.52698e-02 5.15578e-01
150   520 -1.12020e+03 5.46569e-02 5.15181e-01
151   533 -1.11671e+03 5.44183e-02 5.14971e-01
152   545 -1.10062e+03 5.45128e-02 5.15774e-01
153   558 -1.12524e+03 5.53076e-02 5.15956e-01
154   571 -1.13081e+03 5.51512e-02 5.14771e-01
155   584 -1.11954e+03 5.48817e-02 5.15553e-01
156   598 -1.13620e+03 5.47157e-02 5.15486e-01
157   612 -1.12449e+03 5.47823e-02 5.15537e-01
158   626 -1.10937e+03 5.54229e-02 5.15922e-01
159   641 -1.14327e+03 5.50847e-02 5.16625e-01
160   656 -1.13017e+03 5.49558e-02 5.15118e-01
161   671 -1.11744e+03 5.50526e-02 5.15440e-01
162   687 -1.13312e+03 5.49159e-02 5.15127e-01
163   703 -1.13556e+03 5.47146e-02 5.15172e-01
164   719 -1.13091e+03 5.44726e-02 5.15017e-01
165   736 -1.14362e+03 5.49742e-02 5.15459e-01
166   753 -1.12810e+03 5.49031e-02 5.15256e-01
167   771 -1.12131e+03 5.49777e-02 5.15258e-01
168   789 -1.13164e+03 5.52179e-02 5.15853e-01
169   807 -1.14040e+03 5.53108e-02 5.15995e-01
170   826 -1.13327e+03 5.53397e-02 5.15478e-01
171   845 -1.11567e+03 5.54326e-02 5.15089e-01
172   865 -1.12675e+03 5.49922e-02 5.15404e-01
173   885 -1.12545e+03 5.47380e-02 5.15261e-01
174   906 -1.13547e+03 5.45924e-02 5.14833e-01
175   927 -1.13543e+03 5.46776e-02 5.15249e-01
176   949 -1.11503e+03 5.48274e-02 5.15652e-01
177   971 -1.13887e+03 5.53406e-02 5.15848e-01
178   994 -1.12945e+03 5.51004e-02 5.15186e-01
179  1017 -1.11437e+03 5.47091e-02 5.14938e-01
180  1041 -1.12807e+03 5.49646e-02 5.15108e-01
181  1065 -1.12060e+03 5.51312e-02 5.15412e-01
182  1090 -1.15707e+03 5.48926e-02 5.15232e-01
183  1115 -1.14677e+03 5.50287e-02 5.15052e-01
184  1141 -1.13919e+03 5.49885e-02 5.15574e-01
185  1168 -1.13036e+03 5.48990e-02 5.15072e-01
186  1195 -1.14444e+03 5.47380e-02 5.14866e-01
187  1223 -1.14956e+03 5.46888e-02 5.15262e-01
188  1252 -1.13208e+03 5.48465e-02 5.15384e-01
189  1281 -1.11746e+03 5.47824e-02 5.15052e-01
190  1311 -1.13198e+03 5.47240e-02 5.15062e-01
191  1342 -1.11804e+03 5.47762e-02 5.15360e-01
192  1373 -1.14288e+03 5.47621e-02 5.15157e-01
193  1405 -1.11757e+03 5.48723e-02 5.15222e-01
194  1438 -1.13009e+03 5.50238e-02 5.15663e-01
195  1472 -1.13567e+03 5.49110e-02 5.15427e-01
196  1506 -1.14350e+03 5.49103e-02 5.15180e-01
197  1541 -1.13186e+03 5.48910e-02 5.15173e-01
198  1577 -1.12566e+03 5.48615e-02 5.15193e-01
199  1614 -1.12639e+03 5.49178e-02 5.15324e-01
200  1652 -1.14241e+03 5.49689e-02 5.15417e-01
201  1690 -1.12522e+03 5.49518e-02 5.15404e-01
202  1730 -1.12278e+03 5.49831e-02 5.15333e-01
203  1770 -1.13409e+03 5.48771e-02 5.15304e-01
204  1811 -1.13792e+03 5.49401e-02 5.15408e-01
205  1854 -1.11841e+03 5.49702e-02 5.15476e-01
206  1897 -1.11745e+03 5.49996e-02 5.15322e-01
207  1941 -1.13104e+03 5.49272e-02 5.15176e-01
208  1987 -1.14464e+03 5.48755e-02 5.15402e-01
209  2033 -1.14869e+03 5.48940e-02 5.15314e-01
210  2081 -1.13739e+03 5.49175e-02 5.15288e-01
211  2129 -1.13246e+03 5.49255e-02 5.15276e-01
212  2179 -1.12982e+03 5.49609e-02 5.15341e-01
213  2230 -1.14339e+03 5.49428e-02 5.15249e-01
214  2282 -1.13004e+03 5.49422e-02 5.15229e-01
215  2335 -1.11741e+03 5.49350e-02 5.15231e-01
216  2390 -1.13887e+03 5.49321e-02 5.15222e-01
217  2446 -1.13938e+03 5.49187e-02 5.15177e-01
218  2503 -1.11628e+03 5.49152e-02 5.15172e-01
219  2561 -1.13158e+03 5.49076e-02 5.15193e-01
220  2621 -1.12792e+03 5.49057e-02 5.15179e-01
221  2682 -1.13833e+03 5.49068e-02 5.15194e-01
222  2745 -1.09412e+03 5.49047e-02 5.15209e-01
223  2809 -1.10527e+03 5.48964e-02 5.15202e-01
224  2875 -1.14920e+03 5.48976e-02 5.15216e-01
225  2942 -1.12882e+03 5.49029e-02 5.15220e-01
226  3010 -1.12836e+03 5.49020e-02 5.15217e-01
227  3081 -1.12728e+03 5.49024e-02 5.15219e-01
228  3153 -1.13663e+03 5.49038e-02 5.15218e-01
229  3226 -1.13774e+03 5.49029e-02 5.15218e-01
230  3302 -1.12000e+03 5.49027e-02 5.15221e-01
231  3379 -1.14010e+03 5.49026e-02 5.15222e-01
232  3458 -1.13338e+03 5.49034e-02 5.15223e-01
233  3538 -1.15062e+03 5.49036e-02 5.15223e-01
234  3621 -1.10913e+03 5.49039e-02 5.15224e-01
235  3706 -1.14079e+03 5.49043e-02 5.15224e-01
236  3792 -1.12662e+03 5.49038e-02 5.15223e-01
237  3881 -1.12534e+03 5.49032e-02 5.15220e-01
238  3971 -1.11977e+03 5.49032e-02 5.15219e-01
239  4064 -1.11889e+03 5.49032e-02 5.15219e-01
240  4159 -1.13610e+03 5.49034e-02 5.15219e-01
241  4256 -1.12137e+03 5.49035e-02 5.15220e-01
242  4356 -1.13903e+03 5.49032e-02 5.15217e-01
243  4457 -1.12832e+03 5.49034e-02 5.15218e-01
244  4561 -1.13087e+03 5.49031e-02 5.15219e-01
245  4668 -1.12262e+03 5.49029e-02 5.15220e-01
246  4777 -1.14227e+03 5.49034e-02 5.15224e-01
247  4889 -1.11915e+03 5.49032e-02 5.15223e-01
248  5003 -1.11498e+03 5.49029e-02 5.15223e-01
249  5120 -1.14429e+03 5.49031e-02 5.15224e-01
250  5239 -1.12042e+03 5.49028e-02 5.15223e-01
251  5361 -1.11350e+03 5.49027e-02 5.15222e-01
252  5487 -1.13814e+03 5.49018e-02 5.15222e-01
253  5615 -1.12157e+03 5.49012e-02 5.15221e-01
254  5746 -1.13188e+03 5.49003e-02 5.15219e-01
255  5880 -1.10902e+03 5.48995e-02 5.15215e-01
256  6017 -1.11951e+03 5.49000e-02 5.15217e-01
257  6158 -1.12235e+03 5.49002e-02 5.15221e-01
258  6302 -1.11520e+03 5.49003e-02 5.15221e-01
259  6449 -1.12179e+03 5.49006e-02 5.15222e-01
260  6600 -1.14032e+03 5.49000e-02 5.15221e-01
261  6754 -1.12511e+03 5.48983e-02 5.15219e-01
262  6911 -1.12046e+03 5.48979e-02 5.15216e-01
263  7073 -1.13969e+03 5.48985e-02 5.15216e-01
264  7238 -1.12670e+03 5.48987e-02 5.15214e-01
265  7407 -1.12499e+03 5.48987e-02 5.15214e-01
266  7580 -1.14191e+03 5.48990e-02 5.15216e-01
267  7757 -1.12575e+03 5.48977e-02 5.15215e-01
268  7938 -1.09912e+03 5.48969e-02 5.15217e-01
269  8124 -1.12526e+03 5.48969e-02 5.15219e-01
270  8313 -1.14010e+03 5.48968e-02 5.15222e-01
271  8507 -1.12705e+03 5.48963e-02 5.15221e-01
272  8706 -1.11895e+03 5.48963e-02 5.15221e-01
273  8909 -1.13629e+03 5.48955e-02 5.15217e-01
274  9118 -1.13414e+03 5.48955e-02 5.15217e-01
275  9330 -1.15203e+03 5.48941e-02 5.15215e-01
276  9548 -1.11443e+03 5.48942e-02 5.15213e-01
277  9771 -1.12296e+03 5.48959e-02 5.15219e-01
278 10000 -1.12123e+03 5.48943e-02 5.15220e-01
