i, epoch, loss, l2_err, h1_err
  0     1 -9.08071e+01 9.80772e-01 1.50142e+00
  1     2 -1.70588e+02 9.76298e-01 1.63351e+00
  2     3 -2.37861e+02 9.71935e-01 1.79646e+00
  3     4 -2.86887e+02 9.67532e-01 1.95590e+00
  4     5 -3.49031e+02 9.63080e-01 2.09416e+00
  5     6 -4.10227e+02 9.58519e-01 2.21389e+00
  6     7 -4.64347e+02 9.53693e-01 2.31323e+00
  7     8 -5.10252e+02 9.48551e-01 2.39361e+00
  8     9 -5.61236e+02 9.43170e-01 2.45730e+00
  9    10 -6.03395e+02 9.37740e-01 2.50532e+00
 10    11 -6.49031e+02 9.32374e-01 2.53917e+00
 11    12 -6.85763e+02 9.26900e-01 2.56132e+00
 12    13 -7.18619e+02 9.21440e-01 2.57223e+00
 13    14 -7.51446e+02 9.16024e-01 2.57674e+00
 14    15 -7.89338e+02 9.10557e-01 2.57354e+00
 15    16 -8.08658e+02 9.04972e-01 2.56400e+00
 16    17 -8.44988e+02 8.99260e-01 2.54959e+00
 17    18 -8.63266e+02 8.93287e-01 2.53050e+00
 18    19 -8.87176e+02 8.87064e-01 2.50787e+00
 19    20 -9.22212e+02 8.80622e-01 2.48194e+00
 20    21 -9.36655e+02 8.73942e-01 2.45399e+00
 21    22 -9.63166e+02 8.66944e-01 2.42441e+00
 22    23 -9.78026e+02 8.59651e-01 2.39361e+00
 23    24 -9.83083e+02 8.52041e-01 2.36134e+00
 24    25 -1.00020e+03 8.44149e-01 2.32856e+00
 25    26 -1.01649e+03 8.35918e-01 2.29505e+00
 26    27 -1.01908e+03 8.27376e-01 2.26101e+00
 27    28 -1.05201e+03 8.18599e-01 2.22690e+00
 28    29 -1.04182e+03 8.09596e-01 2.19261e+00
 29    30 -1.05130e+03 8.00284e-01 2.15879e+00
 30    31 -1.06608e+03 7.90685e-01 2.12534e+00
 31    32 -1.07927e+03 7.80835e-01 2.09268e+00
 32    33 -1.07147e+03 7.70722e-01 2.06092e+00
 33    34 -1.07883e+03 7.60344e-01 2.03051e+00
 34    35 -1.07242e+03 7.49675e-01 2.00080e+00
 35    36 -1.07160e+03 7.38723e-01 1.97163e+00
 36    37 -1.07110e+03 7.27475e-01 1.94279e+00
 37    38 -1.06969e+03 7.15979e-01 1.91441e+00
 38    39 -1.11091e+03 7.04228e-01 1.88597e+00
 39    40 -1.08439e+03 6.92269e-01 1.85719e+00
 40    41 -1.09944e+03 6.80118e-01 1.82815e+00
 41    42 -1.09242e+03 6.67782e-01 1.79864e+00
 42    43 -1.10899e+03 6.55255e-01 1.76891e+00
 43    44 -1.10201e+03 6.42576e-01 1.73891e+00
 44    45 -1.12465e+03 6.29745e-01 1.70855e+00
 45    46 -1.09929e+03 6.16804e-01 1.67808e+00
 46    47 -1.10430e+03 6.03808e-01 1.64708e+00
 47    48 -1.11628e+03 5.90839e-01 1.61581e+00
 48    49 -1.10746e+03 5.77935e-01 1.58447e+00
 49    50 -1.10171e+03 5.65037e-01 1.55245e+00
 50    51 -1.11082e+03 5.52130e-01 1.51999e+00
 51    53 -1.12731e+03 5.26472e-01 1.45548e+00
 52    54 -1.11654e+03 5.13758e-01 1.42348e+00
 53    55 -1.11420e+03 5.01111e-01 1.39120e+00
 54    56 -1.12704e+03 4.88586e-01 1.35869e+00
 55    58 -1.12988e+03 4.63949e-01 1.29472e+00
 56    59 -1.11498e+03 4.51788e-01 1.26373e+00
 57    60 -1.12776e+03 4.39756e-01 1.23265e+00
 58    62 -1.11904e+03 4.16192e-01 1.17010e+00
 59    63 -1.14509e+03 4.04629e-01 1.13952e+00
 60    65 -1.14255e+03 3.81999e-01 1.07970e+00
 61    66 -1.15760e+03 3.70975e-01 1.05042e+00
 62    68 -1.12146e+03 3.49602e-01 9.92805e-01
 63    69 -1.13260e+03 3.39329e-01 9.64681e-01
 64    71 -1.12458e+03 3.19586e-01 9.10061e-01
 65    73 -1.12546e+03 3.00890e-01 8.56781e-01
 66    74 -1.11794e+03 2.91857e-01 8.30533e-01
 67    76 -1.10152e+03 2.74361e-01 7.79556e-01
 68    78 -1.11222e+03 2.57541e-01 7.30415e-01
 69    80 -1.11640e+03 2.41443e-01 6.82387e-01
 70    82 -1.13540e+03 2.26189e-01 6.36993e-01
 71    84 -1.11832e+03 2.11844e-01 5.94145e-01
 72    86 -1.13400e+03 1.98349e-01 5.53479e-01
 73    88 -1.12034e+03 1.85554e-01 5.15794e-01
 74    90 -1.12487e+03 1.73415e-01 4.80110e-01
 75    92 -1.12470e+03 1.61906e-01 4.46125e-01
 76    94 -1.11697e+03 1.51021e-01 4.14843e-01
 77    96 -1.13355e+03 1.40728e-01 3.85553e-01
 78    98 -1.13720e+03 1.30990e-01 3.58417e-01
 79   101 -1.12794e+03 1.17326e-01 3.21443e-01
 80   103 -1.12525e+03 1.08834e-01 2.99063e-01
 81   105 -1.12501e+03 1.00844e-01 2.79354e-01
 82   108 -1.13497e+03 8.97006e-02 2.51453e-01
 83   110 -1.12055e+03 8.27853e-02 2.34260e-01
 84   113 -1.12197e+03 7.32001e-02 2.11424e-01
 85   116 -1.13161e+03 6.45623e-02 1.92087e-01
 86   118 -1.14286e+03 5.92216e-02 1.80698e-01
 87   121 -1.12426e+03 5.18517e-02 1.66257e-01
 88   124 -1.12811e+03 4.52081e-02 1.54154e-01
 89   127 -1.09387e+03 3.91383e-02 1.43937e-01
 90   130 -1.10526e+03 3.37514e-02 1.34338e-01
 91   133 -1.11245e+03 2.89987e-02 1.26707e-01
 92   136 -1.10330e+03 2.47121e-02 1.20064e-01
 93   139 -1.12242e+03 2.10810e-02 1.15704e-01
 94   143 -1.13615e+03 1.67394e-02 1.10067e-01
 95   146 -1.14665e+03 1.40625e-02 1.06390e-01
 96   149 -1.13645e+03 1.17927e-02 1.04042e-01
 97   153 -1.12904e+03 9.21816e-03 1.02809e-01
 98   156 -1.11036e+03 7.70135e-03 1.02372e-01
 99   160 -1.14281e+03 6.24520e-03 1.03504e-01
100   164 -1.12208e+03 5.15533e-03 1.04921e-01
101   168 -1.12488e+03 4.45490e-03 1.05792e-01
102   172 -1.14360e+03 3.94755e-03 1.04969e-01
103   176 -1.10817e+03 3.49933e-03 1.02667e-01
104   180 -1.12865e+03 3.30351e-03 1.01236e-01
105   184 -1.13214e+03 3.25827e-03 1.02433e-01
106   188 -1.14039e+03 3.38611e-03 1.03772e-01
107   193 -1.13014e+03 3.49799e-03 1.04263e-01
108   197 -1.14048e+03 3.59891e-03 1.05385e-01
109   202 -1.12589e+03 3.58285e-03 1.05049e-01
110   206 -1.11156e+03 3.66012e-03 1.05700e-01
111   211 -1.13082e+03 3.72487e-03 1.04582e-01
112   216 -1.12345e+03 3.80211e-03 1.05763e-01
113   221 -1.12616e+03 3.63825e-03 1.03214e-01
114   226 -1.13272e+03 3.45618e-03 1.00440e-01
115   232 -1.12336e+03 3.56007e-03 1.03171e-01
116   237 -1.13261e+03 3.72268e-03 1.07553e-01
117   243 -1.13043e+03 3.56555e-03 1.03341e-01
118   248 -1.14024e+03 3.67492e-03 1.05169e-01
119   254 -1.13932e+03 3.53364e-03 1.02144e-01
120   260 -1.14066e+03 3.64310e-03 1.05167e-01
121   266 -1.13927e+03 4.09974e-03 1.08970e-01
122   272 -1.11296e+03 3.85046e-03 1.05241e-01
123   279 -1.13022e+03 3.42629e-03 1.00733e-01
124   285 -1.11575e+03 3.30401e-03 1.00643e-01
125   292 -1.12342e+03 3.28864e-03 1.01887e-01
126   299 -1.13237e+03 3.78707e-03 1.06396e-01
127   306 -1.11636e+03 3.82426e-03 1.05534e-01
128   313 -1.14153e+03 3.58510e-03 1.02811e-01
129   320 -1.12608e+03 3.29869e-03 1.00134e-01
130   328 -1.12004e+03 3.61211e-03 1.04601e-01
131   335 -1.14152e+03 3.52343e-03 1.02737e-01
132   343 -1.12247e+03 3.63294e-03 1.03853e-01
133   351 -1.13998e+03 3.68878e-03 1.04126e-01
134   360 -1.12494e+03 3.66942e-03 1.04556e-01
135   368 -1.12279e+03 3.66075e-03 1.02827e-01
136   377 -1.12175e+03 3.54147e-03 1.01921e-01
137   385 -1.13517e+03 3.49162e-03 1.02703e-01
138   394 -1.13052e+03 3.59744e-03 1.03230e-01
139   404 -1.13139e+03 3.62179e-03 1.03442e-01
140   413 -1.12540e+03 3.61007e-03 1.03016e-01
141   423 -1.14872e+03 3.57154e-03 1.03052e-01
142   433 -1.11003e+03 3.55196e-03 1.04193e-01
143   443 -1.14057e+03 3.47183e-03 1.02474e-01
144   453 -1.14634e+03 3.43286e-03 1.02530e-01
145   464 -1.11871e+03 3.59244e-03 1.05841e-01
146   474 -1.13875e+03 3.71396e-03 1.02837e-01
147   486 -1.12892e+03 3.56163e-03 1.03233e-01
148   497 -1.13828e+03 3.71044e-03 1.06649e-01
149   509 -1.13517e+03 3.71880e-03 1.04777e-01
150   520 -1.13137e+03 3.68583e-03 1.02830e-01
151   533 -1.13054e+03 3.69755e-03 1.06902e-01
152   545 -1.13787e+03 3.50308e-03 1.02839e-01
153   558 -1.13943e+03 3.34279e-03 1.02117e-01
154   571 -1.13444e+03 3.33533e-03 1.02232e-01
155   584 -1.12134e+03 3.54642e-03 1.04810e-01
156   598 -1.10379e+03 3.28370e-03 1.00269e-01
157   612 -1.13128e+03 3.39425e-03 1.03403e-01
158   626 -1.13642e+03 3.37193e-03 1.02404e-01
159   641 -1.12817e+03 3.39469e-03 1.02740e-01
160   656 -1.13157e+03 3.43827e-03 1.03111e-01
161   671 -1.11344e+03 3.45537e-03 1.02163e-01
162   687 -1.11765e+03 3.56105e-03 1.03684e-01
163   703 -1.12742e+03 3.45078e-03 1.02502e-01
164   719 -1.13679e+03 3.40937e-03 1.02500e-01
165   736 -1.13637e+03 3.55726e-03 1.04133e-01
166   753 -1.14795e+03 3.48877e-03 1.03032e-01
167   771 -1.11331e+03 3.45201e-03 1.02042e-01
168   789 -1.11485e+03 3.41517e-03 1.02616e-01
169   807 -1.13067e+03 3.30002e-03 1.01596e-01
170   826 -1.11651e+03 3.32803e-03 1.01878e-01
171   845 -1.12460e+03 3.29723e-03 1.01642e-01
172   865 -1.13377e+03 3.33737e-03 1.02290e-01
173   885 -1.12344e+03 3.11675e-03 9.87525e-02
174   906 -1.12003e+03 3.38811e-03 1.03697e-01
175   927 -1.14551e+03 3.23052e-03 1.00318e-01
176   949 -1.13145e+03 3.25161e-03 1.01045e-01
177   971 -1.13420e+03 3.34542e-03 1.02831e-01
178   994 -1.14565e+03 3.39168e-03 1.03016e-01
179  1017 -1.14396e+03 3.40413e-03 1.02588e-01
180  1041 -1.13684e+03 3.33748e-03 1.01719e-01
181  1065 -1.13967e+03 3.36494e-03 1.02074e-01
182  1090 -1.12921e+03 3.28847e-03 1.01056e-01
183  1115 -1.12759e+03 3.24518e-03 1.01058e-01
184  1141 -1.11369e+03 3.29721e-03 1.02277e-01
185  1168 -1.12509e+03 3.29308e-03 1.02418e-01
186  1195 -1.12257e+03 3.22415e-03 1.01086e-01
187  1223 -1.13718e+03 3.29301e-03 1.01697e-01
188  1252 -1.11489e+03 3.30765e-03 1.01592e-01
189  1281 -1.12712e+03 3.31391e-03 1.02188e-01
190  1311 -1.13233e+03 3.29385e-03 1.01956e-01
191  1342 -1.13667e+03 3.27913e-03 1.01311e-01
192  1373 -1.12307e+03 3.21177e-03 1.00546e-01
193  1405 -1.11761e+03 3.27176e-03 1.01646e-01
194  1438 -1.11156e+03 3.26069e-03 1.01357e-01
195  1472 -1.13297e+03 3.27193e-03 1.01414e-01
196  1506 -1.11127e+03 3.33285e-03 1.02197e-01
197  1541 -1.12384e+03 3.33408e-03 1.01793e-01
198  1577 -1.12764e+03 3.29168e-03 1.01186e-01
199  1614 -1.11416e+03 3.28494e-03 1.01475e-01
200  1652 -1.12145e+03 3.28591e-03 1.01489e-01
201  1690 -1.12177e+03 3.28246e-03 1.01360e-01
202  1730 -1.12954e+03 3.28720e-03 1.01525e-01
203  1770 -1.13006e+03 3.31782e-03 1.02010e-01
204  1811 -1.10889e+03 3.31425e-03 1.01878e-01
205  1854 -1.12689e+03 3.29527e-03 1.01554e-01
206  1897 -1.13035e+03 3.29137e-03 1.01494e-01
207  1941 -1.11492e+03 3.29698e-03 1.01591e-01
208  1987 -1.13575e+03 3.29721e-03 1.01552e-01
209  2033 -1.15219e+03 3.29591e-03 1.01467e-01
210  2081 -1.12882e+03 3.31676e-03 1.01839e-01
211  2129 -1.12558e+03 3.33008e-03 1.02005e-01
212  2179 -1.13599e+03 3.31939e-03 1.01829e-01
213  2230 -1.10178e+03 3.30923e-03 1.01684e-01
214  2282 -1.11804e+03 3.31147e-03 1.01717e-01
215  2335 -1.14746e+03 3.30535e-03 1.01597e-01
216  2390 -1.12372e+03 3.30449e-03 1.01581e-01
217  2446 -1.13615e+03 3.30306e-03 1.01580e-01
218  2503 -1.12539e+03 3.30521e-03 1.01645e-01
219  2561 -1.14973e+03 3.31149e-03 1.01707e-01
220  2621 -1.11504e+03 3.31565e-03 1.01770e-01
221  2682 -1.14803e+03 3.31501e-03 1.01716e-01
222  2745 -1.13008e+03 3.31302e-03 1.01695e-01
223  2809 -1.11793e+03 3.31250e-03 1.01708e-01
224  2875 -1.13989e+03 3.31404e-03 1.01741e-01
225  2942 -1.11066e+03 3.31553e-03 1.01761e-01
226  3010 -1.12081e+03 3.31346e-03 1.01719e-01
227  3081 -1.12053e+03 3.31207e-03 1.01692e-01
228  3153 -1.15428e+03 3.31136e-03 1.01683e-01
229  3226 -1.12576e+03 3.31069e-03 1.01672e-01
230  3302 -1.12738e+03 3.30979e-03 1.01655e-01
231  3379 -1.14945e+03 3.30976e-03 1.01656e-01
232  3458 -1.13438e+03 3.31087e-03 1.01671e-01
233  3538 -1.13785e+03 3.31099e-03 1.01678e-01
234  3621 -1.14168e+03 3.31092e-03 1.01677e-01
235  3706 -1.13965e+03 3.31099e-03 1.01678e-01
236  3792 -1.13113e+03 3.31044e-03 1.01669e-01
237  3881 -1.11543e+03 3.31033e-03 1.01666e-01
238  3971 -1.14860e+03 3.31056e-03 1.01671e-01
239  4064 -1.12334e+03 3.31063e-03 1.01674e-01
240  4159 -1.13481e+03 3.31025e-03 1.01668e-01
241  4256 -1.13215e+03 3.31033e-03 1.01669e-01
242  4356 -1.12905e+03 3.31027e-03 1.01671e-01
243  4457 -1.14999e+03 3.30988e-03 1.01665e-01
244  4561 -1.11432e+03 3.30960e-03 1.01662e-01
245  4668 -1.14312e+03 3.30934e-03 1.01659e-01
246  4777 -1.11867e+03 3.30919e-03 1.01655e-01
247  4889 -1.13250e+03 3.30887e-03 1.01651e-01
248  5003 -1.11890e+03 3.30899e-03 1.01650e-01
249  5120 -1.13119e+03 3.30937e-03 1.01657e-01
250  5239 -1.14455e+03 3.30969e-03 1.01662e-01
251  5361 -1.11205e+03 3.30987e-03 1.01664e-01
252  5487 -1.11545e+03 3.31014e-03 1.01669e-01
253  5615 -1.13403e+03 3.31027e-03 1.01671e-01
254  5746 -1.14602e+03 3.31041e-03 1.01671e-01
255  5880 -1.12357e+03 3.30999e-03 1.01667e-01
256  6017 -1.13886e+03 3.31040e-03 1.01668e-01
257  6158 -1.10956e+03 3.31036e-03 1.01669e-01
258  6302 -1.12768e+03 3.31025e-03 1.01666e-01
259  6449 -1.12574e+03 3.31092e-03 1.01673e-01
260  6600 -1.13281e+03 3.31105e-03 1.01676e-01
261  6754 -1.13382e+03 3.31098e-03 1.01678e-01
262  6911 -1.11455e+03 3.31059e-03 1.01668e-01
263  7073 -1.12559e+03 3.31040e-03 1.01663e-01
264  7238 -1.14287e+03 3.31129e-03 1.01678e-01
265  7407 -1.12723e+03 3.31112e-03 1.01673e-01
266  7580 -1.15128e+03 3.31124e-03 1.01674e-01
267  7757 -1.13163e+03 3.31141e-03 1.01671e-01
268  7938 -1.11536e+03 3.31113e-03 1.01663e-01
269  8124 -1.12295e+03 3.31088e-03 1.01659e-01
270  8313 -1.13784e+03 3.31129e-03 1.01665e-01
271  8507 -1.12822e+03 3.31110e-03 1.01659e-01
272  8706 -1.13688e+03 3.31089e-03 1.01653e-01
273  8909 -1.12245e+03 3.31091e-03 1.01656e-01
274  9118 -1.13959e+03 3.31106e-03 1.01655e-01
275  9330 -1.13751e+03 3.31143e-03 1.01662e-01
276  9548 -1.13156e+03 3.31159e-03 1.01661e-01
277  9771 -1.14253e+03 3.31133e-03 1.01650e-01
278 10000 -1.13855e+03 3.31201e-03 1.01660e-01
