i, epoch, loss, l2_err, h1_err
  0     1 -4.02602e+00 9.68715e-01 1.29082e+00
  1     2 -1.28805e+01 9.35639e-01 1.36814e+00
  2     3 -2.06988e+01 9.05075e-01 1.46278e+00
  3     4 -2.84927e+01 8.75827e-01 1.54627e+00
  4     5 -3.39686e+01 8.46509e-01 1.59610e+00
  5     6 -3.84003e+01 8.16752e-01 1.61240e+00
  6     7 -4.56647e+01 7.87084e-01 1.60244e+00
  7     8 -4.69264e+01 7.57274e-01 1.57097e+00
  8     9 -5.36233e+01 7.26825e-01 1.52588e+00
  9    10 -5.53448e+01 6.96494e-01 1.47152e+00
 10    11 -5.94666e+01 6.67023e-01 1.41462e+00
 11    12 -6.15938e+01 6.38516e-01 1.35719e+00
 12    13 -6.65815e+01 6.11263e-01 1.30219e+00
 13    14 -6.55560e+01 5.85689e-01 1.24975e+00
 14    15 -6.41999e+01 5.61674e-01 1.20049e+00
 15    16 -6.46580e+01 5.40086e-01 1.15453e+00
 16    17 -7.17014e+01 5.20639e-01 1.11107e+00
 17    18 -7.06970e+01 5.02477e-01 1.06985e+00
 18    19 -7.19760e+01 4.85705e-01 1.03085e+00
 19    20 -7.06370e+01 4.69900e-01 9.94221e-01
 20    21 -6.84657e+01 4.54912e-01 9.60080e-01
 21    22 -7.17228e+01 4.40384e-01 9.28143e-01
 22    23 -7.12138e+01 4.26267e-01 8.98245e-01
 23    24 -7.10508e+01 4.11941e-01 8.68945e-01
 24    25 -6.67170e+01 3.97379e-01 8.40222e-01
 25    26 -7.02231e+01 3.82362e-01 8.11494e-01
 26    27 -7.07939e+01 3.66683e-01 7.82168e-01
 27    28 -7.27675e+01 3.50381e-01 7.52229e-01
 28    29 -7.45880e+01 3.33513e-01 7.21627e-01
 29    30 -7.04031e+01 3.16234e-01 6.90896e-01
 30    31 -7.00418e+01 2.98830e-01 6.60511e-01
 31    32 -6.99196e+01 2.81641e-01 6.31158e-01
 32    33 -7.34063e+01 2.65148e-01 6.03409e-01
 33    34 -7.36953e+01 2.49334e-01 5.76838e-01
 34    35 -7.05751e+01 2.34150e-01 5.51681e-01
 35    36 -7.24293e+01 2.19645e-01 5.27223e-01
 36    37 -7.15285e+01 2.05732e-01 5.02079e-01
 37    38 -7.25516e+01 1.92405e-01 4.75799e-01
 38    39 -7.25003e+01 1.79883e-01 4.48205e-01
 39    40 -7.10867e+01 1.67926e-01 4.19776e-01
 40    41 -7.45138e+01 1.56306e-01 3.91147e-01
 41    42 -7.47324e+01 1.44857e-01 3.63158e-01
 42    43 -7.25562e+01 1.34339e-01 3.36512e-01
 43    44 -7.40480e+01 1.24804e-01 3.12737e-01
 44    45 -7.41453e+01 1.16299e-01 2.92169e-01
 45    46 -7.37850e+01 1.08688e-01 2.74675e-01
 46    47 -7.43570e+01 1.01441e-01 2.59297e-01
 47    48 -7.33172e+01 9.43757e-02 2.45513e-01
 48    49 -7.36099e+01 8.73546e-02 2.32987e-01
 49    50 -7.23886e+01 8.00352e-02 2.20432e-01
 50    51 -7.43815e+01 7.23599e-02 2.08067e-01
 51    53 -7.19435e+01 5.87284e-02 1.87534e-01
 52    54 -7.40541e+01 5.28829e-02 1.79039e-01
 53    55 -7.12949e+01 4.76444e-02 1.71325e-01
 54    56 -7.45778e+01 4.30780e-02 1.64729e-01
 55    58 -7.40016e+01 3.61355e-02 1.51474e-01
 56    59 -7.26286e+01 3.36236e-02 1.43343e-01
 57    60 -7.24133e+01 3.17365e-02 1.35977e-01
 58    62 -7.49296e+01 2.85422e-02 1.18645e-01
 59    63 -7.45982e+01 2.80070e-02 1.10887e-01
 60    65 -7.51246e+01 3.00770e-02 1.04030e-01
 61    66 -7.43252e+01 3.13407e-02 9.91233e-02
 62    68 -7.56228e+01 3.34155e-02 9.31518e-02
 63    69 -7.25078e+01 3.45832e-02 9.48412e-02
 64    71 -7.49513e+01 3.68258e-02 9.56930e-02
 65    73 -7.19986e+01 3.91863e-02 9.27014e-02
 66    74 -7.32851e+01 4.01226e-02 9.62431e-02
 67    76 -7.38304e+01 3.87464e-02 9.24508e-02
 68    78 -7.52302e+01 3.48910e-02 8.17072e-02
 69    80 -7.40729e+01 3.05535e-02 7.63897e-02
 70    82 -7.47697e+01 2.67694e-02 7.02439e-02
 71    84 -7.58196e+01 2.34281e-02 6.39813e-02
 72    86 -7.30455e+01 2.02780e-02 5.96816e-02
 73    88 -6.99097e+01 1.78490e-02 5.01424e-02
 74    90 -7.67184e+01 1.60904e-02 4.47161e-02
 75    92 -7.76219e+01 1.55885e-02 5.23007e-02
 76    94 -7.41750e+01 1.37288e-02 5.18487e-02
 77    96 -7.48205e+01 1.24666e-02 5.69864e-02
 78    98 -7.19338e+01 1.13008e-02 5.25826e-02
 79   101 -7.23432e+01 1.03264e-02 5.06754e-02
 80   103 -7.70785e+01 1.12506e-02 5.02860e-02
 81   105 -7.38579e+01 1.14589e-02 5.80302e-02
 82   108 -7.04186e+01 6.72955e-03 3.42875e-02
 83   110 -7.19164e+01 9.69954e-03 5.02160e-02
 84   113 -7.25720e+01 8.20689e-03 4.08028e-02
 85   116 -7.60281e+01 7.34502e-03 3.81835e-02
 86   118 -7.27663e+01 8.30817e-03 4.12092e-02
 87   121 -7.24116e+01 8.60714e-03 4.69570e-02
 88   124 -7.02907e+01 9.25370e-03 4.74854e-02
 89   127 -7.27743e+01 9.05044e-03 4.84771e-02
 90   130 -7.12381e+01 8.64364e-03 4.43486e-02
 91   133 -6.91011e+01 9.06617e-03 4.99158e-02
 92   136 -7.50505e+01 6.72298e-03 3.49515e-02
 93   139 -7.40326e+01 8.07594e-03 3.93400e-02
 94   143 -7.49713e+01 7.94404e-03 4.13995e-02
 95   146 -7.41511e+01 7.26019e-03 3.43681e-02
 96   149 -7.07097e+01 7.94591e-03 3.96200e-02
 97   153 -7.65317e+01 8.94149e-03 4.67311e-02
 98   156 -6.97450e+01 9.55779e-03 5.14981e-02
 99   160 -7.05674e+01 7.18874e-03 3.78122e-02
100   164 -7.37616e+01 8.40936e-03 4.01755e-02
101   168 -7.30951e+01 8.68170e-03 4.20059e-02
102   172 -7.40720e+01 9.39670e-03 4.80187e-02
103   176 -7.31539e+01 6.10675e-03 3.38943e-02
104   180 -7.18458e+01 6.97165e-03 3.63725e-02
105   184 -7.15987e+01 5.71479e-03 3.10646e-02
106   188 -7.34724e+01 8.05326e-03 4.25497e-02
107   193 -7.42715e+01 6.64535e-03 3.59299e-02
108   197 -7.45740e+01 7.52348e-03 3.88138e-02
109   202 -7.42156e+01 7.09953e-03 3.80014e-02
110   206 -7.48513e+01 7.39523e-03 3.75874e-02
111   211 -7.62656e+01 6.92724e-03 3.71156e-02
112   216 -7.35916e+01 1.02038e-02 4.67311e-02
113   221 -7.41615e+01 8.19495e-03 4.61686e-02
114   226 -7.40632e+01 7.07406e-03 3.58346e-02
115   232 -7.02922e+01 8.55476e-03 4.63670e-02
116   237 -7.36108e+01 7.76427e-03 4.16453e-02
117   243 -7.31801e+01 6.95605e-03 3.07767e-02
118   248 -7.15128e+01 1.07157e-02 5.19894e-02
119   254 -7.14038e+01 8.78990e-03 4.67742e-02
120   260 -7.36534e+01 9.77441e-03 5.67656e-02
121   266 -7.29460e+01 8.64367e-03 4.46640e-02
122   272 -7.37880e+01 9.14806e-03 5.01861e-02
123   279 -7.58092e+01 9.63706e-03 5.23952e-02
124   285 -7.43736e+01 7.82937e-03 4.32644e-02
125   292 -7.17223e+01 8.56076e-03 4.82846e-02
126   299 -7.33928e+01 1.07043e-02 5.35791e-02
127   306 -7.48678e+01 9.84628e-03 5.15480e-02
128   313 -7.46657e+01 8.87552e-03 4.97667e-02
129   320 -7.24971e+01 9.94912e-03 4.81089e-02
130   328 -7.39140e+01 7.69195e-03 4.47815e-02
131   335 -7.54322e+01 1.00408e-02 5.00418e-02
132   343 -7.38680e+01 7.51023e-03 3.75294e-02
133   351 -7.55007e+01 9.37788e-03 4.42851e-02
134   360 -7.42846e+01 7.74305e-03 3.75678e-02
135   368 -7.56928e+01 8.37222e-03 4.31258e-02
136   377 -7.55769e+01 8.14742e-03 4.25619e-02
137   385 -7.29123e+01 1.03222e-02 5.37931e-02
138   394 -7.27597e+01 1.05593e-02 4.98777e-02
139   404 -7.10255e+01 1.20529e-02 5.95522e-02
140   413 -7.33741e+01 9.21734e-03 4.82862e-02
141   423 -6.85915e+01 9.47293e-03 4.95163e-02
142   433 -7.27005e+01 7.40684e-03 3.83185e-02
143   443 -7.40221e+01 1.21838e-02 5.73674e-02
144   453 -7.39302e+01 9.35817e-03 4.43060e-02
145   464 -7.55999e+01 7.02195e-03 3.81886e-02
146   474 -7.44415e+01 6.90144e-03 3.66945e-02
147   486 -7.38775e+01 8.54712e-03 4.31705e-02
148   497 -7.41494e+01 4.79997e-03 2.71105e-02
149   509 -6.94438e+01 5.51726e-03 3.02787e-02
150   520 -7.24544e+01 6.78266e-03 2.83128e-02
151   533 -6.95270e+01 6.22672e-03 3.19236e-02
152   545 -7.79511e+01 5.64241e-03 2.81856e-02
153   558 -7.34181e+01 6.09124e-03 3.27768e-02
154   571 -7.60081e+01 6.87889e-03 3.40277e-02
155   584 -7.41632e+01 6.64768e-03 3.68498e-02
156   598 -7.32167e+01 7.17340e-03 3.43331e-02
157   612 -7.47317e+01 6.27647e-03 3.13682e-02
158   626 -7.25903e+01 6.78588e-03 3.75932e-02
159   641 -7.12731e+01 8.23332e-03 4.35448e-02
160   656 -7.80211e+01 8.21192e-03 3.81744e-02
161   671 -7.55121e+01 7.26789e-03 4.09276e-02
162   687 -7.42062e+01 6.75887e-03 3.54348e-02
163   703 -7.53738e+01 6.33222e-03 3.89231e-02
164   719 -7.08213e+01 7.16458e-03 3.81424e-02
165   736 -7.46699e+01 6.18956e-03 3.12234e-02
166   753 -7.47510e+01 7.86873e-03 4.29366e-02
167   771 -7.59833e+01 7.24043e-03 3.62228e-02
168   789 -7.72169e+01 1.12796e-02 5.53350e-02
169   807 -7.33228e+01 7.62494e-03 4.03628e-02
170   826 -7.40329e+01 8.39136e-03 4.26293e-02
171   845 -7.12922e+01 7.59585e-03 3.90403e-02
172   865 -7.36705e+01 6.99062e-03 4.00313e-02
173   885 -7.56455e+01 7.62039e-03 4.08069e-02
174   906 -7.15923e+01 7.25172e-03 3.89783e-02
175   927 -7.11186e+01 8.71966e-03 4.76113e-02
176   949 -7.39595e+01 8.41500e-03 4.45171e-02
177   971 -7.63741e+01 5.81617e-03 3.15436e-02
178   994 -7.09631e+01 6.63650e-03 3.53096e-02
179  1017 -7.55497e+01 5.71648e-03 2.82082e-02
180  1041 -7.35594e+01 6.39117e-03 3.34492e-02
181  1065 -7.63701e+01 6.34600e-03 3.12092e-02
182  1090 -6.96702e+01 7.51674e-03 3.81255e-02
183  1115 -7.43666e+01 6.42583e-03 3.55163e-02
184  1141 -7.00823e+01 4.24527e-03 2.41271e-02
185  1168 -7.61693e+01 5.16425e-03 2.84675e-02
186  1195 -7.67838e+01 3.58345e-03 2.17069e-02
187  1223 -7.55618e+01 3.63166e-03 2.05436e-02
188  1252 -7.38467e+01 3.74592e-03 2.13769e-02
189  1281 -7.38579e+01 5.14301e-03 3.07366e-02
190  1311 -7.13589e+01 2.96759e-03 1.71456e-02
191  1342 -7.22023e+01 4.22437e-03 2.12968e-02
192  1373 -7.37493e+01 3.86483e-03 2.03520e-02
193  1405 -7.36499e+01 2.38209e-03 1.39661e-02
194  1438 -7.40075e+01 3.24306e-03 1.56913e-02
195  1472 -7.28535e+01 3.20269e-03 1.63688e-02
196  1506 -7.35762e+01 2.97363e-03 1.61013e-02
197  1541 -7.63220e+01 2.86613e-03 1.81886e-02
198  1577 -7.53265e+01 2.22877e-03 1.22555e-02
199  1614 -7.00525e+01 2.61999e-03 1.53676e-02
200  1652 -7.48153e+01 2.68710e-03 1.46804e-02
201  1690 -7.53587e+01 2.57231e-03 1.55317e-02
202  1730 -7.18859e+01 2.03171e-03 1.22891e-02
203  1770 -7.43334e+01 1.81267e-03 1.17696e-02
204  1811 -7.32956e+01 1.81983e-03 1.14084e-02
205  1854 -7.24498e+01 1.59188e-03 1.09354e-02
206  1897 -7.34187e+01 1.54197e-03 1.05210e-02
207  1941 -7.22305e+01 1.93479e-03 1.25791e-02
208  1987 -7.06112e+01 1.89911e-03 1.11404e-02
209  2033 -7.47885e+01 1.56111e-03 1.00130e-02
210  2081 -7.18746e+01 1.54861e-03 1.01425e-02
211  2129 -7.52482e+01 1.26906e-03 9.22514e-03
212  2179 -7.57791e+01 1.24399e-03 9.30601e-03
213  2230 -7.20015e+01 1.09883e-03 8.88245e-03
214  2282 -7.38231e+01 1.06846e-03 8.71021e-03
215  2335 -7.71306e+01 1.18852e-03 8.65610e-03
216  2390 -7.36829e+01 1.05195e-03 8.18168e-03
217  2446 -7.51355e+01 1.01165e-03 7.87245e-03
218  2503 -7.62343e+01 9.93941e-04 7.94931e-03
219  2561 -7.15843e+01 9.90490e-04 8.14303e-03
220  2621 -7.31366e+01 9.19795e-04 7.99246e-03
221  2682 -7.34342e+01 8.96949e-04 7.78213e-03
222  2745 -6.97169e+01 8.60266e-04 7.67868e-03
223  2809 -7.30408e+01 9.04314e-04 7.86841e-03
224  2875 -7.28741e+01 9.16846e-04 7.88473e-03
225  2942 -7.45943e+01 8.97363e-04 7.79597e-03
226  3010 -7.46336e+01 8.87248e-04 7.75516e-03
227  3081 -7.42041e+01 8.72205e-04 7.68665e-03
228  3153 -7.12445e+01 8.59652e-04 7.61257e-03
229  3226 -7.62205e+01 8.49726e-04 7.58821e-03
230  3302 -7.17907e+01 8.50268e-04 7.59919e-03
231  3379 -7.31821e+01 8.45652e-04 7.61608e-03
232  3458 -7.39370e+01 8.42754e-04 7.61612e-03
233  3538 -7.24698e+01 8.36351e-04 7.59295e-03
234  3621 -7.39932e+01 8.34054e-04 7.59337e-03
235  3706 -7.46440e+01 8.32502e-04 7.58907e-03
236  3792 -7.33145e+01 8.32377e-04 7.58917e-03
237  3881 -7.21367e+01 8.30870e-04 7.58550e-03
238  3971 -7.49084e+01 8.29105e-04 7.58041e-03
239  4064 -7.61180e+01 8.28342e-04 7.57576e-03
240  4159 -7.11090e+01 8.27691e-04 7.57421e-03
241  4256 -7.38269e+01 8.27034e-04 7.57758e-03
242  4356 -7.38554e+01 8.25885e-04 7.57131e-03
243  4457 -7.06645e+01 8.24118e-04 7.56411e-03
244  4561 -7.45213e+01 8.21388e-04 7.55220e-03
245  4668 -7.35974e+01 8.17763e-04 7.54202e-03
246  4777 -7.32023e+01 8.15759e-04 7.53791e-03
247  4889 -6.83115e+01 8.13502e-04 7.53143e-03
248  5003 -7.14604e+01 8.11773e-04 7.52907e-03
249  5120 -7.27591e+01 8.09813e-04 7.52248e-03
250  5239 -7.41224e+01 8.08516e-04 7.51912e-03
251  5361 -7.36565e+01 8.07442e-04 7.51925e-03
252  5487 -7.35303e+01 8.05704e-04 7.51211e-03
253  5615 -7.37868e+01 8.04082e-04 7.50736e-03
254  5746 -7.38989e+01 8.01637e-04 7.49455e-03
255  5880 -7.22384e+01 8.01585e-04 7.49534e-03
256  6017 -7.47048e+01 7.99704e-04 7.48523e-03
257  6158 -7.71344e+01 7.97696e-04 7.47755e-03
258  6302 -7.53919e+01 7.94853e-04 7.46727e-03
259  6449 -8.00884e+01 7.92132e-04 7.45403e-03
260  6600 -7.38502e+01 7.92422e-04 7.45696e-03
261  6754 -6.91420e+01 7.91827e-04 7.45773e-03
262  6911 -7.47357e+01 7.90456e-04 7.45169e-03
263  7073 -7.59625e+01 7.90062e-04 7.44949e-03
264  7238 -7.41184e+01 7.87522e-04 7.44386e-03
265  7407 -7.27993e+01 7.85808e-04 7.43514e-03
266  7580 -7.10190e+01 7.84936e-04 7.43385e-03
267  7757 -7.11299e+01 7.83589e-04 7.43309e-03
268  7938 -7.37629e+01 7.82263e-04 7.43149e-03
269  8124 -7.12847e+01 7.81029e-04 7.41986e-03
270  8313 -7.12958e+01 7.80052e-04 7.41449e-03
271  8507 -7.18950e+01 7.79261e-04 7.41924e-03
272  8706 -7.63802e+01 7.78545e-04 7.41345e-03
273  8909 -7.41513e+01 7.78319e-04 7.40880e-03
274  9118 -7.19514e+01 7.78776e-04 7.41001e-03
275  9330 -7.34880e+01 7.76973e-04 7.40274e-03
276  9548 -7.01058e+01 7.77101e-04 7.40020e-03
277  9771 -7.06497e+01 7.75746e-04 7.38474e-03
278 10000 -7.31541e+01 7.74759e-04 7.37636e-03
