i, epoch, loss, l2_err, h1_err
  0     1 -1.23567e+01 9.73938e-01 1.79852e+00
  1     2 -2.19955e+01 9.53935e-01 1.94236e+00
  2     3 -3.05015e+01 9.33917e-01 2.09526e+00
  3     4 -3.54153e+01 9.15043e-01 2.21198e+00
  4     5 -4.14770e+01 8.96839e-01 2.28455e+00
  5     6 -4.69373e+01 8.79020e-01 2.31648e+00
  6     7 -4.87376e+01 8.61629e-01 2.31326e+00
  7     8 -5.23515e+01 8.44794e-01 2.29145e+00
  8     9 -5.68975e+01 8.28987e-01 2.25247e+00
  9    10 -6.07169e+01 8.14126e-01 2.20494e+00
 10    11 -6.04426e+01 8.00328e-01 2.15169e+00
 11    12 -6.33046e+01 7.87299e-01 2.09734e+00
 12    13 -6.48262e+01 7.75120e-01 2.04308e+00
 13    14 -6.63934e+01 7.63879e-01 1.98862e+00
 14    15 -6.51032e+01 7.53093e-01 1.93579e+00
 15    16 -6.41296e+01 7.42342e-01 1.88345e+00
 16    17 -6.98534e+01 7.31407e-01 1.83093e+00
 17    18 -6.77825e+01 7.20411e-01 1.77947e+00
 18    19 -6.78686e+01 7.09037e-01 1.72973e+00
 19    20 -6.90211e+01 6.97100e-01 1.68150e+00
 20    21 -6.82750e+01 6.84721e-01 1.63406e+00
 21    22 -6.85146e+01 6.71880e-01 1.58840e+00
 22    23 -6.88411e+01 6.58400e-01 1.54484e+00
 23    24 -6.93819e+01 6.44453e-01 1.50377e+00
 24    25 -6.92809e+01 6.30203e-01 1.46414e+00
 25    26 -6.32251e+01 6.15654e-01 1.42497e+00
 26    27 -7.16571e+01 6.01233e-01 1.38509e+00
 27    28 -6.75244e+01 5.86751e-01 1.34431e+00
 28    29 -7.25010e+01 5.72631e-01 1.30512e+00
 29    30 -7.01516e+01 5.58791e-01 1.26836e+00
 30    31 -7.05730e+01 5.45073e-01 1.23434e+00
 31    32 -7.15724e+01 5.31442e-01 1.20101e+00
 32    33 -7.05231e+01 5.17645e-01 1.16723e+00
 33    34 -7.27214e+01 5.03653e-01 1.13203e+00
 34    35 -7.06855e+01 4.89546e-01 1.09611e+00
 35    36 -7.37843e+01 4.75106e-01 1.05943e+00
 36    37 -7.37646e+01 4.60762e-01 1.02163e+00
 37    38 -7.58897e+01 4.46692e-01 9.82672e-01
 38    39 -6.93582e+01 4.32860e-01 9.43899e-01
 39    40 -7.26281e+01 4.19404e-01 9.06536e-01
 40    41 -7.55542e+01 4.06399e-01 8.69657e-01
 41    42 -7.38442e+01 3.93911e-01 8.33183e-01
 42    43 -7.29827e+01 3.81823e-01 7.98576e-01
 43    44 -7.24889e+01 3.69914e-01 7.65184e-01
 44    45 -7.26474e+01 3.58168e-01 7.32471e-01
 45    46 -7.10170e+01 3.46557e-01 7.00861e-01
 46    47 -7.41300e+01 3.35040e-01 6.71007e-01
 47    48 -7.36590e+01 3.23722e-01 6.42591e-01
 48    49 -7.16844e+01 3.12634e-01 6.15213e-01
 49    50 -7.32521e+01 3.01653e-01 5.88557e-01
 50    51 -7.41635e+01 2.91012e-01 5.62933e-01
 51    53 -7.00703e+01 2.70876e-01 5.12289e-01
 52    54 -7.61427e+01 2.61210e-01 4.87954e-01
 53    55 -7.28439e+01 2.51878e-01 4.65328e-01
 54    56 -7.18590e+01 2.42816e-01 4.43696e-01
 55    58 -7.47129e+01 2.24752e-01 4.02609e-01
 56    59 -7.50612e+01 2.15736e-01 3.83641e-01
 57    60 -7.54128e+01 2.06986e-01 3.66592e-01
 58    62 -7.09685e+01 1.90938e-01 3.35562e-01
 59    63 -7.28583e+01 1.83601e-01 3.19838e-01
 60    65 -7.46262e+01 1.69879e-01 2.92016e-01
 61    66 -7.04631e+01 1.63117e-01 2.82469e-01
 62    68 -7.56776e+01 1.49590e-01 2.61679e-01
 63    69 -7.35046e+01 1.42890e-01 2.49875e-01
 64    71 -7.34275e+01 1.30322e-01 2.31242e-01
 65    73 -7.39588e+01 1.18578e-01 2.13861e-01
 66    74 -7.11427e+01 1.12981e-01 2.02666e-01
 67    76 -7.21348e+01 1.02111e-01 1.84979e-01
 68    78 -7.04735e+01 9.21228e-02 1.70394e-01
 69    80 -7.10957e+01 8.22116e-02 1.55343e-01
 70    82 -7.17910e+01 7.28170e-02 1.47328e-01
 71    84 -7.50309e+01 6.44303e-02 1.33277e-01
 72    86 -7.36375e+01 5.68406e-02 1.26160e-01
 73    88 -7.55437e+01 4.91109e-02 1.16787e-01
 74    90 -7.12363e+01 4.18061e-02 1.13878e-01
 75    92 -7.31358e+01 3.55028e-02 1.04879e-01
 76    94 -7.29292e+01 3.05291e-02 9.64442e-02
 77    96 -7.04036e+01 2.69116e-02 1.11773e-01
 78    98 -7.15178e+01 2.24898e-02 1.01087e-01
 79   101 -7.39668e+01 1.77630e-02 1.11197e-01
 80   103 -7.34982e+01 1.47777e-02 1.01869e-01
 81   105 -7.12148e+01 1.24032e-02 9.79429e-02
 82   108 -7.70107e+01 1.08578e-02 8.94104e-02
 83   110 -7.42983e+01 9.92540e-03 9.40820e-02
 84   113 -7.44376e+01 9.60967e-03 8.64109e-02
 85   116 -7.20374e+01 9.50250e-03 9.67839e-02
 86   118 -7.57328e+01 9.06459e-03 7.51670e-02
 87   121 -7.27059e+01 9.83908e-03 9.20156e-02
 88   124 -7.28961e+01 9.75394e-03 9.97761e-02
 89   127 -7.45797e+01 9.48803e-03 8.97078e-02
 90   130 -7.17295e+01 9.62611e-03 8.89858e-02
 91   133 -7.36502e+01 9.71994e-03 9.72050e-02
 92   136 -7.35935e+01 9.82788e-03 8.39256e-02
 93   139 -7.30345e+01 9.94950e-03 8.81130e-02
 94   143 -7.37893e+01 1.08405e-02 1.03859e-01
 95   146 -7.22730e+01 1.06366e-02 1.01291e-01
 96   149 -7.02260e+01 9.94772e-03 9.50026e-02
 97   153 -7.29379e+01 9.79220e-03 9.25614e-02
 98   156 -7.24600e+01 1.10698e-02 1.06242e-01
 99   160 -7.33345e+01 1.05496e-02 1.02416e-01
100   164 -7.27071e+01 1.05861e-02 9.91254e-02
101   168 -6.97740e+01 1.06029e-02 9.53916e-02
102   172 -7.00779e+01 1.02304e-02 1.02803e-01
103   176 -7.42497e+01 1.11291e-02 1.03905e-01
104   180 -7.33498e+01 1.09480e-02 1.09835e-01
105   184 -7.49125e+01 1.00595e-02 1.03323e-01
106   188 -7.03931e+01 9.51614e-03 9.64648e-02
107   193 -7.45025e+01 1.07413e-02 1.12754e-01
108   197 -6.94051e+01 1.15755e-02 1.13891e-01
109   202 -7.52090e+01 1.07434e-02 1.09533e-01
110   206 -7.15960e+01 1.11792e-02 1.10548e-01
111   211 -7.44317e+01 1.06408e-02 1.04005e-01
112   216 -7.27183e+01 1.09046e-02 1.10793e-01
113   221 -7.34109e+01 1.05658e-02 1.02855e-01
114   226 -7.11959e+01 1.01361e-02 9.63259e-02
115   232 -7.65998e+01 1.12842e-02 1.12916e-01
116   237 -7.14831e+01 1.12307e-02 1.14384e-01
117   243 -7.94097e+01 9.07673e-03 9.23844e-02
118   248 -7.29765e+01 1.01716e-02 1.04274e-01
119   254 -7.24013e+01 1.07496e-02 1.12212e-01
120   260 -8.08688e+01 1.08887e-02 1.08283e-01
121   266 -7.48544e+01 1.08555e-02 9.64393e-02
122   272 -7.74719e+01 1.07677e-02 1.06244e-01
123   279 -7.52053e+01 1.04607e-02 9.91641e-02
124   285 -7.39944e+01 1.19324e-02 1.18437e-01
125   292 -7.59217e+01 1.20536e-02 1.21549e-01
126   299 -7.50043e+01 1.11037e-02 1.06274e-01
127   306 -7.21000e+01 1.16681e-02 1.17743e-01
128   313 -7.40846e+01 1.20923e-02 1.16010e-01
129   320 -7.71355e+01 1.24176e-02 1.20579e-01
130   328 -7.51713e+01 1.19934e-02 1.20064e-01
131   335 -7.38164e+01 1.33538e-02 1.33997e-01
132   343 -7.43091e+01 1.23259e-02 1.21571e-01
133   351 -7.49101e+01 9.52584e-03 9.35196e-02
134   360 -7.49525e+01 1.11449e-02 1.14778e-01
135   368 -7.34268e+01 1.27990e-02 1.20826e-01
136   377 -7.50365e+01 1.17468e-02 1.15167e-01
137   385 -7.44655e+01 1.10687e-02 1.07453e-01
138   394 -7.58075e+01 1.02158e-02 1.09462e-01
139   404 -7.04667e+01 1.20874e-02 1.18182e-01
140   413 -7.41500e+01 1.12719e-02 1.05281e-01
141   423 -7.44896e+01 1.06306e-02 1.07716e-01
142   433 -7.73724e+01 1.13674e-02 1.12713e-01
143   443 -7.44812e+01 1.23622e-02 1.20344e-01
144   453 -7.39368e+01 1.28961e-02 1.27950e-01
145   464 -7.13889e+01 8.24831e-03 7.83811e-02
146   474 -7.42057e+01 8.76326e-03 8.47804e-02
147   486 -7.04064e+01 8.53429e-03 8.43553e-02
148   497 -7.35295e+01 7.94026e-03 7.23506e-02
149   509 -7.48275e+01 8.24056e-03 8.33586e-02
150   520 -7.34241e+01 8.45831e-03 8.52912e-02
151   533 -6.94038e+01 7.54543e-03 7.06800e-02
152   545 -7.26092e+01 8.07224e-03 8.14774e-02
153   558 -7.26763e+01 6.86994e-03 7.00058e-02
154   571 -6.95067e+01 8.06444e-03 8.17303e-02
155   584 -7.28611e+01 7.41463e-03 7.54001e-02
156   598 -7.54419e+01 9.54103e-03 9.41695e-02
157   612 -7.18779e+01 8.92497e-03 8.29609e-02
158   626 -7.11099e+01 7.84575e-03 7.17881e-02
159   641 -7.46171e+01 8.37265e-03 7.67340e-02
160   656 -7.15218e+01 7.91893e-03 7.91241e-02
161   671 -7.33223e+01 6.62171e-03 6.05903e-02
162   687 -7.22139e+01 6.45637e-03 6.46735e-02
163   703 -7.65131e+01 6.12473e-03 5.68225e-02
164   719 -7.09502e+01 6.05680e-03 5.87851e-02
165   736 -7.55505e+01 6.00550e-03 5.84089e-02
166   753 -7.41408e+01 5.89644e-03 6.12476e-02
167   771 -7.11258e+01 6.21286e-03 6.05842e-02
168   789 -7.50105e+01 6.34472e-03 5.77896e-02
169   807 -7.13699e+01 6.44924e-03 6.92605e-02
170   826 -7.52530e+01 6.00618e-03 5.91927e-02
171   845 -7.43730e+01 6.69316e-03 6.45921e-02
172   865 -7.33582e+01 5.74421e-03 5.69429e-02
173   885 -7.01108e+01 4.45520e-03 4.37467e-02
174   906 -7.33731e+01 4.22403e-03 4.46803e-02
175   927 -7.32616e+01 3.95862e-03 4.07241e-02
176   949 -6.95777e+01 4.14120e-03 4.32203e-02
177   971 -7.40832e+01 4.10106e-03 4.09141e-02
178   994 -7.40381e+01 4.98329e-03 4.57561e-02
179  1017 -7.48980e+01 4.92001e-03 4.66085e-02
180  1041 -7.23067e+01 4.38381e-03 4.42030e-02
181  1065 -7.55731e+01 4.18616e-03 4.22748e-02
182  1090 -7.38349e+01 3.24987e-03 3.31828e-02
183  1115 -7.29980e+01 2.98213e-03 2.96283e-02
184  1141 -7.33630e+01 3.33570e-03 3.53359e-02
185  1168 -7.49234e+01 3.44033e-03 3.53420e-02
186  1195 -7.00340e+01 2.98647e-03 2.75693e-02
187  1223 -7.18088e+01 2.90255e-03 2.86837e-02
188  1252 -7.25485e+01 3.27994e-03 3.22004e-02
189  1281 -7.47152e+01 2.73760e-03 2.68071e-02
190  1311 -7.02687e+01 2.39433e-03 2.24645e-02
191  1342 -7.78460e+01 2.50013e-03 2.45811e-02
192  1373 -7.18580e+01 2.49726e-03 2.47482e-02
193  1405 -7.16296e+01 2.23769e-03 2.21876e-02
194  1438 -7.57096e+01 2.52761e-03 2.33060e-02
195  1472 -7.42429e+01 2.06689e-03 2.00752e-02
196  1506 -7.67754e+01 1.91421e-03 1.90707e-02
197  1541 -7.89410e+01 1.78169e-03 1.66703e-02
198  1577 -7.84371e+01 1.80404e-03 1.78445e-02
199  1614 -6.92270e+01 1.79744e-03 1.75704e-02
200  1652 -7.52674e+01 1.76477e-03 1.86182e-02
201  1690 -6.92509e+01 1.32320e-03 1.34098e-02
202  1730 -7.31016e+01 1.42610e-03 1.46774e-02
203  1770 -7.26619e+01 1.26193e-03 1.24116e-02
204  1811 -7.21794e+01 1.37190e-03 1.39587e-02
205  1854 -7.30935e+01 1.11245e-03 1.17382e-02
206  1897 -7.13254e+01 9.20362e-04 8.91445e-03
207  1941 -7.18003e+01 1.03446e-03 1.07033e-02
208  1987 -7.16053e+01 9.70925e-04 9.21289e-03
209  2033 -7.72185e+01 1.02273e-03 9.58529e-03
210  2081 -6.68788e+01 8.57509e-04 8.84937e-03
211  2129 -7.72085e+01 7.94742e-04 7.96841e-03
212  2179 -7.42853e+01 8.09696e-04 8.22291e-03
213  2230 -7.34595e+01 7.67119e-04 7.45582e-03
214  2282 -7.23887e+01 6.62289e-04 6.76519e-03
215  2335 -7.25420e+01 5.66975e-04 5.69976e-03
216  2390 -7.22357e+01 5.41621e-04 5.39694e-03
217  2446 -7.15678e+01 5.89854e-04 5.85091e-03
218  2503 -7.39925e+01 5.72253e-04 5.69227e-03
219  2561 -7.52019e+01 5.12702e-04 5.13902e-03
220  2621 -7.13060e+01 4.55395e-04 4.42152e-03
221  2682 -7.41276e+01 4.44958e-04 4.07021e-03
222  2745 -7.17685e+01 4.11227e-04 3.86801e-03
223  2809 -7.05939e+01 3.79090e-04 3.55551e-03
224  2875 -7.55868e+01 3.65173e-04 3.41703e-03
225  2942 -7.35705e+01 3.55512e-04 3.33097e-03
226  3010 -7.26971e+01 3.44939e-04 3.22852e-03
227  3081 -7.37333e+01 3.39484e-04 3.15872e-03
228  3153 -7.50772e+01 3.37042e-04 3.13936e-03
229  3226 -7.12460e+01 3.27473e-04 3.06376e-03
230  3302 -7.38664e+01 3.23112e-04 3.01614e-03
231  3379 -7.34762e+01 3.18681e-04 2.96732e-03
232  3458 -7.63062e+01 3.13389e-04 2.92776e-03
233  3538 -7.57740e+01 3.11213e-04 2.91667e-03
234  3621 -6.86963e+01 3.09130e-04 2.89799e-03
235  3706 -7.20415e+01 3.06603e-04 2.87098e-03
236  3792 -7.05248e+01 3.04680e-04 2.84691e-03
237  3881 -7.24223e+01 3.02879e-04 2.82753e-03
238  3971 -7.31051e+01 2.99902e-04 2.79248e-03
239  4064 -7.14296e+01 2.95847e-04 2.74384e-03
240  4159 -7.34313e+01 2.93278e-04 2.71685e-03
241  4256 -7.79180e+01 2.88678e-04 2.67591e-03
242  4356 -7.16225e+01 2.85881e-04 2.64414e-03
243  4457 -7.54558e+01 2.83607e-04 2.61928e-03
244  4561 -7.13698e+01 2.81503e-04 2.60689e-03
245  4668 -7.18877e+01 2.78728e-04 2.58132e-03
246  4777 -7.27054e+01 2.76818e-04 2.55285e-03
247  4889 -7.39470e+01 2.74002e-04 2.52310e-03
248  5003 -7.42451e+01 2.71376e-04 2.49261e-03
249  5120 -7.36955e+01 2.70957e-04 2.47703e-03
250  5239 -7.59414e+01 2.65672e-04 2.43840e-03
251  5361 -7.25693e+01 2.61955e-04 2.39276e-03
252  5487 -7.75798e+01 2.59965e-04 2.36293e-03
253  5615 -7.25815e+01 2.57046e-04 2.33364e-03
254  5746 -7.44073e+01 2.55189e-04 2.31170e-03
255  5880 -7.32598e+01 2.50811e-04 2.27868e-03
256  6017 -7.58837e+01 2.48207e-04 2.24669e-03
257  6158 -7.15411e+01 2.44794e-04 2.22279e-03
258  6302 -7.47748e+01 2.41915e-04 2.18717e-03
259  6449 -7.37264e+01 2.41142e-04 2.17977e-03
260  6600 -7.41298e+01 2.38065e-04 2.15952e-03
261  6754 -7.29102e+01 2.34380e-04 2.12423e-03
262  6911 -7.48421e+01 2.32511e-04 2.10564e-03
263  7073 -7.31392e+01 2.28026e-04 2.07669e-03
264  7238 -6.88424e+01 2.27108e-04 2.06628e-03
265  7407 -7.41531e+01 2.25559e-04 2.04857e-03
266  7580 -7.51657e+01 2.23584e-04 2.03311e-03
267  7757 -7.36480e+01 2.21828e-04 2.00815e-03
268  7938 -7.21557e+01 2.18558e-04 1.99035e-03
269  8124 -6.81227e+01 2.17720e-04 1.98953e-03
270  8313 -7.42559e+01 2.17685e-04 1.98821e-03
271  8507 -6.98746e+01 2.16378e-04 1.97711e-03
272  8706 -7.68082e+01 2.15665e-04 1.98001e-03
273  8909 -7.21733e+01 2.12753e-04 1.96751e-03
274  9118 -7.22365e+01 2.13643e-04 1.99425e-03
275  9330 -7.17764e+01 2.11397e-04 1.98219e-03
276  9548 -7.30996e+01 2.09486e-04 1.97395e-03
277  9771 -7.60179e+01 2.07309e-04 1.97741e-03
278 10000 -7.52797e+01 2.06047e-04 1.95274e-03
