i, epoch, loss, l2_err, h1_err
  0     1 -6.08947e+00 9.92290e-01 2.25132e+00
  1     2 -1.73076e+01 9.81571e-01 2.44798e+00
  2     3 -2.65217e+01 9.71926e-01 2.65755e+00
  3     4 -3.23535e+01 9.62856e-01 2.81873e+00
  4     5 -4.00693e+01 9.53814e-01 2.93466e+00
  5     6 -4.26839e+01 9.44186e-01 3.00319e+00
  6     7 -4.90114e+01 9.33568e-01 3.02872e+00
  7     8 -4.95470e+01 9.22305e-01 3.01861e+00
  8     9 -4.81071e+01 9.10464e-01 2.98335e+00
  9    10 -5.29767e+01 8.98184e-01 2.92064e+00
 10    11 -5.59640e+01 8.85823e-01 2.83449e+00
 11    12 -5.68187e+01 8.73475e-01 2.73747e+00
 12    13 -5.82251e+01 8.61326e-01 2.63600e+00
 13    14 -5.94006e+01 8.49385e-01 2.53438e+00
 14    15 -6.27258e+01 8.37786e-01 2.43626e+00
 15    16 -6.40442e+01 8.26602e-01 2.34420e+00
 16    17 -6.22742e+01 8.16033e-01 2.25735e+00
 17    18 -6.42382e+01 8.06224e-01 2.17663e+00
 18    19 -6.67257e+01 7.97127e-01 2.10191e+00
 19    20 -6.53466e+01 7.88695e-01 2.03230e+00
 20    21 -6.90185e+01 7.80767e-01 1.96822e+00
 21    22 -6.39336e+01 7.73128e-01 1.90867e+00
 22    23 -6.81119e+01 7.65477e-01 1.85400e+00
 23    24 -6.52681e+01 7.57613e-01 1.80324e+00
 24    25 -6.88081e+01 7.49412e-01 1.75599e+00
 25    26 -6.59483e+01 7.40811e-01 1.71259e+00
 26    27 -6.74253e+01 7.31642e-01 1.67241e+00
 27    28 -6.60438e+01 7.21975e-01 1.63542e+00
 28    29 -6.60194e+01 7.11832e-01 1.59999e+00
 29    30 -7.08365e+01 7.01261e-01 1.56496e+00
 30    31 -6.73604e+01 6.90387e-01 1.52919e+00
 31    32 -7.14046e+01 6.79253e-01 1.49259e+00
 32    33 -6.84362e+01 6.67880e-01 1.45675e+00
 33    34 -6.69951e+01 6.56337e-01 1.42226e+00
 34    35 -7.03640e+01 6.44603e-01 1.38972e+00
 35    36 -6.86951e+01 6.32743e-01 1.35866e+00
 36    37 -6.70564e+01 6.20882e-01 1.32797e+00
 37    38 -6.75679e+01 6.09072e-01 1.29851e+00
 38    39 -6.99509e+01 5.97248e-01 1.26908e+00
 39    40 -7.19698e+01 5.85426e-01 1.23928e+00
 40    41 -6.85648e+01 5.73603e-01 1.20902e+00
 41    42 -7.26374e+01 5.61852e-01 1.17878e+00
 42    43 -7.23979e+01 5.50202e-01 1.14754e+00
 43    44 -6.77012e+01 5.38649e-01 1.11586e+00
 44    45 -7.22363e+01 5.27277e-01 1.08490e+00
 45    46 -7.33948e+01 5.16110e-01 1.05419e+00
 46    47 -7.10821e+01 5.05158e-01 1.02332e+00
 47    48 -7.08499e+01 4.94453e-01 9.92264e-01
 48    49 -7.28524e+01 4.83892e-01 9.62238e-01
 49    50 -7.27522e+01 4.73459e-01 9.32998e-01
 50    51 -7.47753e+01 4.63049e-01 9.04503e-01
 51    53 -7.51114e+01 4.42217e-01 8.45606e-01
 52    54 -7.22303e+01 4.31984e-01 8.16237e-01
 53    55 -7.23100e+01 4.21984e-01 7.87278e-01
 54    56 -7.47425e+01 4.12190e-01 7.59031e-01
 55    58 -7.40490e+01 3.93431e-01 7.04574e-01
 56    59 -7.57710e+01 3.84402e-01 6.79727e-01
 57    60 -7.40104e+01 3.75512e-01 6.57139e-01
 58    62 -7.62888e+01 3.58111e-01 6.15003e-01
 59    63 -6.90609e+01 3.49643e-01 5.95468e-01
 60    65 -7.28216e+01 3.33298e-01 5.59673e-01
 61    66 -7.07570e+01 3.25459e-01 5.42748e-01
 62    68 -7.22909e+01 3.10055e-01 5.10527e-01
 63    69 -7.06689e+01 3.02473e-01 4.95984e-01
 64    71 -7.36796e+01 2.87645e-01 4.67198e-01
 65    73 -6.86298e+01 2.73324e-01 4.39848e-01
 66    74 -7.15874e+01 2.66350e-01 4.27800e-01
 67    76 -7.57124e+01 2.52732e-01 4.05816e-01
 68    78 -7.46483e+01 2.39728e-01 3.83845e-01
 69    80 -7.10636e+01 2.27674e-01 3.64074e-01
 70    82 -7.22666e+01 2.16065e-01 3.43525e-01
 71    84 -7.47171e+01 2.04426e-01 3.23848e-01
 72    86 -6.99169e+01 1.93035e-01 3.04896e-01
 73    88 -7.45863e+01 1.82112e-01 2.93267e-01
 74    90 -7.47514e+01 1.71679e-01 2.77267e-01
 75    92 -7.70094e+01 1.61327e-01 2.60481e-01
 76    94 -7.35969e+01 1.51303e-01 2.51719e-01
 77    96 -7.42767e+01 1.41646e-01 2.40517e-01
 78    98 -7.30717e+01 1.32592e-01 2.25974e-01
 79   101 -7.71810e+01 1.20376e-01 2.10800e-01
 80   103 -7.44841e+01 1.12276e-01 1.99393e-01
 81   105 -7.35959e+01 1.04502e-01 1.97171e-01
 82   108 -7.04856e+01 9.39860e-02 1.78991e-01
 83   110 -7.58268e+01 8.76218e-02 1.72753e-01
 84   113 -7.43243e+01 7.88026e-02 1.66001e-01
 85   116 -7.25995e+01 6.99032e-02 1.51868e-01
 86   118 -7.43984e+01 6.46173e-02 1.47518e-01
 87   121 -7.27973e+01 5.78027e-02 1.46192e-01
 88   124 -7.38734e+01 5.09484e-02 1.40432e-01
 89   127 -7.11821e+01 4.52031e-02 1.25409e-01
 90   130 -7.20806e+01 4.10880e-02 1.37412e-01
 91   133 -7.02678e+01 3.56974e-02 1.29356e-01
 92   136 -7.38482e+01 3.11454e-02 1.29870e-01
 93   139 -7.21054e+01 2.81066e-02 1.30044e-01
 94   143 -7.39185e+01 2.30903e-02 1.25698e-01
 95   146 -7.26128e+01 2.09352e-02 1.38470e-01
 96   149 -7.18201e+01 1.86936e-02 1.45278e-01
 97   153 -7.54485e+01 1.59152e-02 1.37262e-01
 98   156 -7.44383e+01 1.37410e-02 1.36173e-01
 99   160 -7.68676e+01 1.40866e-02 1.48125e-01
100   164 -7.13265e+01 1.17256e-02 1.32778e-01
101   168 -6.97426e+01 1.10436e-02 1.32314e-01
102   172 -7.13581e+01 1.02705e-02 1.29689e-01
103   176 -7.06866e+01 1.03026e-02 1.32475e-01
104   180 -7.46237e+01 1.00664e-02 1.30281e-01
105   184 -7.21645e+01 1.02657e-02 1.35750e-01
106   188 -7.09742e+01 9.69869e-03 1.27262e-01
107   193 -7.09859e+01 1.08671e-02 1.33871e-01
108   197 -7.36865e+01 1.13960e-02 1.46868e-01
109   202 -7.03627e+01 1.07137e-02 1.40168e-01
110   206 -7.62614e+01 1.03013e-02 1.37201e-01
111   211 -7.24898e+01 9.98308e-03 1.37467e-01
112   216 -6.92975e+01 1.11752e-02 1.45731e-01
113   221 -7.31253e+01 1.01783e-02 1.36442e-01
114   226 -7.38983e+01 1.01586e-02 1.30345e-01
115   232 -7.47670e+01 1.17187e-02 1.49233e-01
116   237 -7.27204e+01 1.11362e-02 1.36099e-01
117   243 -7.32287e+01 1.09325e-02 1.40038e-01
118   248 -7.27663e+01 1.10797e-02 1.44713e-01
119   254 -7.61974e+01 9.99147e-03 1.31419e-01
120   260 -7.53117e+01 1.07349e-02 1.42769e-01
121   266 -7.30432e+01 1.02854e-02 1.35032e-01
122   272 -7.44892e+01 1.16665e-02 1.56209e-01
123   279 -7.31375e+01 1.14904e-02 1.46216e-01
124   285 -7.24827e+01 1.04521e-02 1.29052e-01
125   292 -7.25903e+01 1.23295e-02 1.58962e-01
126   299 -7.11203e+01 1.11186e-02 1.50010e-01
127   306 -7.14048e+01 1.16809e-02 1.49061e-01
128   313 -7.10880e+01 1.13343e-02 1.57978e-01
129   320 -7.48423e+01 1.11286e-02 1.48209e-01
130   328 -6.80958e+01 1.22646e-02 1.60691e-01
131   335 -7.23030e+01 1.11947e-02 1.42919e-01
132   343 -7.37629e+01 1.16325e-02 1.49574e-01
133   351 -7.12994e+01 1.05894e-02 1.45453e-01
134   360 -7.23439e+01 1.20866e-02 1.55267e-01
135   368 -7.19990e+01 1.15532e-02 1.55980e-01
136   377 -7.12654e+01 1.11039e-02 1.45305e-01
137   385 -7.22584e+01 1.03210e-02 1.37332e-01
138   394 -7.80794e+01 1.10364e-02 1.46920e-01
139   404 -6.85640e+01 1.09687e-02 1.43484e-01
140   413 -7.29646e+01 1.27527e-02 1.63536e-01
141   423 -6.79087e+01 1.28422e-02 1.65169e-01
142   433 -7.28334e+01 1.24629e-02 1.65936e-01
143   443 -7.18957e+01 9.03621e-03 1.18853e-01
144   453 -7.36756e+01 8.25655e-03 1.08253e-01
145   464 -7.28687e+01 8.23852e-03 1.10266e-01
146   474 -7.11632e+01 8.44730e-03 1.08904e-01
147   486 -7.21547e+01 8.74871e-03 1.06648e-01
148   497 -7.39228e+01 8.67089e-03 1.13778e-01
149   509 -7.66719e+01 9.03602e-03 1.19641e-01
150   520 -7.33130e+01 8.14530e-03 1.04951e-01
151   533 -7.47309e+01 7.78859e-03 1.07335e-01
152   545 -7.18391e+01 7.87467e-03 9.85968e-02
153   558 -7.36666e+01 9.01286e-03 1.20285e-01
154   571 -7.37063e+01 9.02196e-03 1.17704e-01
155   584 -7.10609e+01 8.59700e-03 1.11639e-01
156   598 -7.53188e+01 8.53052e-03 1.08403e-01
157   612 -7.45208e+01 8.48963e-03 1.07664e-01
158   626 -7.62503e+01 8.58150e-03 1.11168e-01
159   641 -7.42653e+01 6.48867e-03 8.30487e-02
160   656 -7.04461e+01 6.00917e-03 7.68748e-02
161   671 -7.25424e+01 5.80384e-03 7.52078e-02
162   687 -7.71739e+01 6.68661e-03 8.63196e-02
163   703 -7.12994e+01 6.05907e-03 7.56233e-02
164   719 -7.34876e+01 5.81685e-03 7.76810e-02
165   736 -7.20002e+01 6.53897e-03 8.14405e-02
166   753 -7.30720e+01 6.67224e-03 8.30948e-02
167   771 -7.10020e+01 6.65022e-03 8.28488e-02
168   789 -7.38329e+01 6.49491e-03 8.18414e-02
169   807 -7.65167e+01 6.74353e-03 8.78164e-02
170   826 -7.15284e+01 6.28595e-03 8.20254e-02
171   845 -7.64325e+01 5.43435e-03 6.71568e-02
172   865 -7.52317e+01 4.59820e-03 5.95030e-02
173   885 -7.33798e+01 4.43285e-03 5.73279e-02
174   906 -7.41058e+01 4.54350e-03 5.66346e-02
175   927 -7.61105e+01 5.35449e-03 6.53038e-02
176   949 -7.35543e+01 4.89677e-03 6.21812e-02
177   971 -7.20234e+01 4.38640e-03 5.71488e-02
178   994 -7.64891e+01 4.49577e-03 5.77942e-02
179  1017 -7.36197e+01 5.11498e-03 6.64404e-02
180  1041 -7.70891e+01 4.65468e-03 5.87119e-02
181  1065 -7.42982e+01 3.65565e-03 4.73063e-02
182  1090 -7.18429e+01 3.42092e-03 4.39746e-02
183  1115 -7.25515e+01 3.90731e-03 5.10910e-02
184  1141 -7.24730e+01 3.34804e-03 4.39032e-02
185  1168 -7.43490e+01 3.50586e-03 4.36939e-02
186  1195 -7.33879e+01 3.28117e-03 4.30742e-02
187  1223 -7.76263e+01 3.51012e-03 4.42797e-02
188  1252 -6.94837e+01 2.54901e-03 3.16148e-02
189  1281 -7.32094e+01 2.39946e-03 3.04851e-02
190  1311 -7.20239e+01 2.57364e-03 3.31410e-02
191  1342 -7.27131e+01 2.55791e-03 3.08076e-02
192  1373 -7.24081e+01 2.37268e-03 3.08658e-02
193  1405 -7.08946e+01 2.53238e-03 3.23245e-02
194  1438 -7.20415e+01 2.52776e-03 3.17595e-02
195  1472 -7.16807e+01 2.02548e-03 2.38090e-02
196  1506 -6.96548e+01 1.88022e-03 2.15626e-02
197  1541 -7.16905e+01 1.80546e-03 2.31255e-02
198  1577 -7.42735e+01 1.94134e-03 2.50727e-02
199  1614 -7.46157e+01 1.82440e-03 2.21541e-02
200  1652 -7.32944e+01 1.77876e-03 2.27809e-02
201  1690 -7.73194e+01 1.37149e-03 1.58338e-02
202  1730 -7.30214e+01 1.38072e-03 1.67908e-02
203  1770 -7.37805e+01 1.43794e-03 1.75379e-02
204  1811 -7.62644e+01 1.39121e-03 1.83355e-02
205  1854 -6.89681e+01 1.25494e-03 1.58246e-02
206  1897 -7.27478e+01 1.00491e-03 1.28085e-02
207  1941 -7.17930e+01 9.97265e-04 1.28914e-02
208  1987 -7.61607e+01 1.00997e-03 1.28045e-02
209  2033 -7.05133e+01 9.94872e-04 1.30202e-02
210  2081 -7.54565e+01 8.76566e-04 1.09371e-02
211  2129 -7.47384e+01 8.17651e-04 9.66476e-03
212  2179 -6.98078e+01 8.06936e-04 9.60723e-03
213  2230 -7.19355e+01 7.41459e-04 8.88921e-03
214  2282 -7.71395e+01 6.81973e-04 7.76106e-03
215  2335 -7.27718e+01 6.36806e-04 7.41749e-03
216  2390 -7.30657e+01 6.08504e-04 6.94165e-03
217  2446 -7.28261e+01 5.76797e-04 6.83255e-03
218  2503 -7.37022e+01 5.19852e-04 6.03899e-03
219  2561 -7.22816e+01 4.94834e-04 5.63601e-03
220  2621 -7.51503e+01 4.79942e-04 5.52035e-03
221  2682 -7.43682e+01 4.65240e-04 5.28408e-03
222  2745 -7.02644e+01 4.53680e-04 4.98213e-03
223  2809 -7.65764e+01 4.35385e-04 4.62252e-03
224  2875 -7.06159e+01 4.27967e-04 4.54213e-03
225  2942 -7.26496e+01 4.26115e-04 4.54867e-03
226  3010 -7.17250e+01 4.19611e-04 4.42891e-03
227  3081 -7.36615e+01 4.13364e-04 4.32467e-03
228  3153 -7.17160e+01 4.06446e-04 4.20771e-03
229  3226 -7.28806e+01 4.00981e-04 4.10153e-03
230  3302 -7.06624e+01 3.96378e-04 4.04544e-03
231  3379 -7.71871e+01 3.93986e-04 3.99989e-03
232  3458 -7.45057e+01 3.91468e-04 3.95411e-03
233  3538 -6.76449e+01 3.89265e-04 3.91192e-03
234  3621 -7.51897e+01 3.86669e-04 3.86361e-03
235  3706 -7.17496e+01 3.84436e-04 3.82264e-03
236  3792 -7.54684e+01 3.82224e-04 3.79233e-03
237  3881 -7.50016e+01 3.79654e-04 3.75592e-03
238  3971 -7.11329e+01 3.77174e-04 3.72549e-03
239  4064 -7.54658e+01 3.75092e-04 3.69171e-03
240  4159 -7.50452e+01 3.72453e-04 3.64513e-03
241  4256 -6.92667e+01 3.70152e-04 3.59473e-03
242  4356 -8.07646e+01 3.66787e-04 3.54667e-03
243  4457 -7.36479e+01 3.64546e-04 3.50894e-03
244  4561 -7.23900e+01 3.61681e-04 3.46249e-03
245  4668 -7.20408e+01 3.58938e-04 3.42354e-03
246  4777 -6.74845e+01 3.57197e-04 3.39818e-03
247  4889 -7.55696e+01 3.54478e-04 3.34890e-03
248  5003 -7.29829e+01 3.52264e-04 3.30872e-03
249  5120 -7.76467e+01 3.50323e-04 3.27811e-03
250  5239 -7.13345e+01 3.47936e-04 3.23780e-03
251  5361 -7.16791e+01 3.45849e-04 3.18943e-03
252  5487 -7.62446e+01 3.44644e-04 3.16276e-03
253  5615 -7.27748e+01 3.43217e-04 3.13094e-03
254  5746 -7.15253e+01 3.40287e-04 3.08018e-03
255  5880 -7.58203e+01 3.37537e-04 3.03198e-03
256  6017 -7.36021e+01 3.34437e-04 2.97444e-03
257  6158 -7.49440e+01 3.32034e-04 2.91406e-03
258  6302 -7.05636e+01 3.30912e-04 2.90271e-03
259  6449 -7.77542e+01 3.29910e-04 2.87263e-03
260  6600 -7.02157e+01 3.29303e-04 2.85591e-03
261  6754 -7.23383e+01 3.26409e-04 2.81656e-03
262  6911 -7.27856e+01 3.24942e-04 2.78986e-03
263  7073 -7.10778e+01 3.23669e-04 2.76070e-03
264  7238 -7.42756e+01 3.19711e-04 2.70717e-03
265  7407 -6.97119e+01 3.16442e-04 2.66400e-03
266  7580 -7.41557e+01 3.13261e-04 2.63531e-03
267  7757 -7.47836e+01 3.10778e-04 2.61296e-03
268  7938 -7.04459e+01 3.09362e-04 2.58849e-03
269  8124 -7.75750e+01 3.05906e-04 2.54623e-03
270  8313 -7.24564e+01 3.03000e-04 2.52114e-03
271  8507 -7.44793e+01 2.98992e-04 2.43874e-03
272  8706 -7.56481e+01 2.99241e-04 2.44384e-03
273  8909 -7.22330e+01 2.97198e-04 2.39324e-03
274  9118 -7.48137e+01 2.94979e-04 2.35215e-03
275  9330 -7.32524e+01 2.93078e-04 2.33220e-03
276  9548 -7.21329e+01 2.90916e-04 2.29670e-03
277  9771 -6.93730e+01 2.89693e-04 2.27764e-03
278 10000 -7.00479e+01 2.87955e-04 2.28160e-03
