i, epoch, loss, l2_err, h1_err
  0     1 -9.24068e+00 8.34985e-01 1.09439e+00
  1     2 -1.71065e+01 7.83384e-01 1.13790e+00
  2     3 -2.56293e+01 7.36572e-01 1.19413e+00
  3     4 -3.20960e+01 6.95820e-01 1.24024e+00
  4     5 -4.14396e+01 6.59511e-01 1.26284e+00
  5     6 -4.26784e+01 6.26083e-01 1.26381e+00
  6     7 -4.85976e+01 5.94971e-01 1.24417e+00
  7     8 -5.33574e+01 5.66093e-01 1.20710e+00
  8     9 -5.67083e+01 5.38017e-01 1.15692e+00
  9    10 -6.20620e+01 5.10818e-01 1.09843e+00
 10    11 -6.21349e+01 4.84833e-01 1.03347e+00
 11    12 -6.51301e+01 4.59714e-01 9.66475e-01
 12    13 -6.61752e+01 4.35443e-01 9.00854e-01
 13    14 -6.86392e+01 4.11940e-01 8.38109e-01
 14    15 -7.08958e+01 3.89244e-01 7.80187e-01
 15    16 -7.17129e+01 3.67598e-01 7.29344e-01
 16    17 -6.88822e+01 3.47050e-01 6.86728e-01
 17    18 -7.11657e+01 3.27638e-01 6.53225e-01
 18    19 -6.97383e+01 3.09628e-01 6.28469e-01
 19    20 -6.98787e+01 2.92835e-01 6.11063e-01
 20    21 -7.69031e+01 2.77371e-01 5.98458e-01
 21    22 -7.05531e+01 2.62989e-01 5.87883e-01
 22    23 -7.04912e+01 2.49352e-01 5.77682e-01
 23    24 -7.41761e+01 2.35992e-01 5.65673e-01
 24    25 -7.41255e+01 2.22066e-01 5.49884e-01
 25    26 -7.07803e+01 2.07609e-01 5.31950e-01
 26    27 -7.11065e+01 1.93026e-01 5.12354e-01
 27    28 -6.96937e+01 1.78245e-01 4.90942e-01
 28    29 -7.28708e+01 1.64183e-01 4.68090e-01
 29    30 -7.45530e+01 1.50354e-01 4.43598e-01
 30    31 -7.20500e+01 1.37387e-01 4.18821e-01
 31    32 -7.01857e+01 1.26009e-01 3.93966e-01
 32    33 -7.31408e+01 1.15944e-01 3.70046e-01
 33    34 -6.97123e+01 1.07037e-01 3.48333e-01
 34    35 -7.26767e+01 1.00070e-01 3.28796e-01
 35    36 -7.42395e+01 9.43711e-02 3.12441e-01
 36    37 -7.30073e+01 9.02721e-02 2.99849e-01
 37    38 -7.19103e+01 8.79473e-02 2.90567e-01
 38    39 -7.11585e+01 8.62901e-02 2.82717e-01
 39    40 -7.08994e+01 8.49941e-02 2.75206e-01
 40    41 -7.37127e+01 8.35411e-02 2.66538e-01
 41    42 -7.14032e+01 8.18143e-02 2.56468e-01
 42    43 -7.37674e+01 7.93805e-02 2.44836e-01
 43    44 -7.11026e+01 7.67685e-02 2.32978e-01
 44    45 -7.15417e+01 7.42618e-02 2.20391e-01
 45    46 -7.36660e+01 7.23076e-02 2.07541e-01
 46    47 -7.41278e+01 7.08622e-02 1.94548e-01
 47    48 -7.28921e+01 7.01894e-02 1.82087e-01
 48    49 -7.13509e+01 7.02983e-02 1.72197e-01
 49    50 -7.15078e+01 7.09100e-02 1.65702e-01
 50    51 -7.26540e+01 7.20497e-02 1.63236e-01
 51    53 -7.22768e+01 7.23013e-02 1.59706e-01
 52    54 -7.56919e+01 7.15248e-02 1.57496e-01
 53    55 -7.47200e+01 7.01526e-02 1.55981e-01
 54    56 -7.54057e+01 6.82239e-02 1.54608e-01
 55    58 -7.37630e+01 6.29611e-02 1.47999e-01
 56    59 -7.57781e+01 5.93196e-02 1.42472e-01
 57    60 -7.44499e+01 5.52360e-02 1.35943e-01
 58    62 -6.99398e+01 4.63116e-02 1.21173e-01
 59    63 -7.25925e+01 4.11736e-02 1.12588e-01
 60    65 -7.20339e+01 3.11179e-02 9.59292e-02
 61    66 -7.28996e+01 2.63843e-02 9.09308e-02
 62    68 -7.48122e+01 1.85993e-02 8.20362e-02
 63    69 -7.80119e+01 1.62617e-02 7.83721e-02
 64    71 -7.22809e+01 1.59396e-02 7.15285e-02
 65    73 -7.24335e+01 1.78760e-02 6.80600e-02
 66    74 -7.04712e+01 1.82719e-02 6.60658e-02
 67    76 -7.57991e+01 1.92751e-02 6.39462e-02
 68    78 -7.27515e+01 1.97479e-02 5.99131e-02
 69    80 -7.22081e+01 1.93585e-02 5.65884e-02
 70    82 -7.49441e+01 2.01525e-02 5.90826e-02
 71    84 -7.40933e+01 1.88112e-02 4.88168e-02
 72    86 -7.40329e+01 1.97268e-02 5.24781e-02
 73    88 -7.47583e+01 1.67582e-02 4.47024e-02
 74    90 -7.27999e+01 1.26668e-02 3.95460e-02
 75    92 -7.37202e+01 1.12862e-02 4.15856e-02
 76    94 -7.25807e+01 1.02337e-02 3.99308e-02
 77    96 -7.02517e+01 9.67590e-03 3.90337e-02
 78    98 -7.43446e+01 7.38089e-03 3.07329e-02
 79   101 -7.15279e+01 7.37957e-03 3.21159e-02
 80   103 -7.55103e+01 6.37682e-03 2.59144e-02
 81   105 -7.44990e+01 7.65376e-03 2.68006e-02
 82   108 -7.21782e+01 9.06377e-03 3.15182e-02
 83   110 -7.20281e+01 8.00574e-03 3.07465e-02
 84   113 -7.49315e+01 6.60095e-03 2.76836e-02
 85   116 -7.39771e+01 6.03679e-03 2.70894e-02
 86   118 -7.10618e+01 5.00087e-03 2.63976e-02
 87   121 -7.12293e+01 5.21801e-03 2.47009e-02
 88   124 -7.39069e+01 6.51799e-03 3.11238e-02
 89   127 -7.19071e+01 6.90294e-03 2.98471e-02
 90   130 -7.68696e+01 8.85478e-03 3.20844e-02
 91   133 -7.43534e+01 8.41880e-03 3.50123e-02
 92   136 -7.33582e+01 7.96391e-03 3.45302e-02
 93   139 -7.24492e+01 7.22876e-03 3.32194e-02
 94   143 -7.23621e+01 8.49414e-03 3.50308e-02
 95   146 -7.95274e+01 6.02628e-03 2.94525e-02
 96   149 -7.55776e+01 7.48137e-03 3.02034e-02
 97   153 -7.30769e+01 9.84670e-03 3.67001e-02
 98   156 -7.55776e+01 8.90355e-03 3.50337e-02
 99   160 -7.68883e+01 8.17807e-03 2.97893e-02
100   164 -7.15321e+01 8.65190e-03 3.59171e-02
101   168 -6.90940e+01 8.29330e-03 3.57669e-02
102   172 -7.66323e+01 8.57859e-03 3.46386e-02
103   176 -7.21495e+01 6.92334e-03 3.20679e-02
104   180 -7.06246e+01 8.07713e-03 3.28825e-02
105   184 -7.33298e+01 6.75607e-03 2.77978e-02
106   188 -7.31633e+01 7.88915e-03 2.98864e-02
107   193 -7.53968e+01 8.36012e-03 3.27628e-02
108   197 -7.27893e+01 6.99448e-03 3.06628e-02
109   202 -7.16627e+01 5.83539e-03 2.70696e-02
110   206 -7.38727e+01 6.60369e-03 2.88888e-02
111   211 -7.21629e+01 7.56547e-03 3.23989e-02
112   216 -7.23820e+01 8.80140e-03 3.71029e-02
113   221 -7.38574e+01 7.16486e-03 3.16132e-02
114   226 -7.27899e+01 8.76236e-03 3.32272e-02
115   232 -7.46373e+01 9.83572e-03 3.80682e-02
116   237 -7.46328e+01 8.75561e-03 3.74693e-02
117   243 -7.50236e+01 6.50433e-03 2.96821e-02
118   248 -7.38314e+01 6.27397e-03 2.86125e-02
119   254 -7.43427e+01 7.99851e-03 3.05898e-02
120   260 -7.27413e+01 7.32612e-03 3.12014e-02
121   266 -7.36180e+01 6.07535e-03 2.54654e-02
122   272 -7.44211e+01 6.53550e-03 2.83737e-02
123   279 -7.39915e+01 6.55617e-03 2.93300e-02
124   285 -7.63528e+01 5.00122e-03 2.51308e-02
125   292 -7.40737e+01 6.90367e-03 2.98487e-02
126   299 -7.38890e+01 6.07869e-03 2.73379e-02
127   306 -6.99463e+01 5.16170e-03 2.41383e-02
128   313 -7.12590e+01 5.13994e-03 2.52676e-02
129   320 -7.20198e+01 6.59380e-03 2.85461e-02
130   328 -7.13748e+01 7.58669e-03 2.90945e-02
131   335 -7.47374e+01 6.42311e-03 2.79964e-02
132   343 -7.52698e+01 5.30431e-03 2.40168e-02
133   351 -7.41840e+01 5.64232e-03 2.45301e-02
134   360 -7.07506e+01 5.80972e-03 2.66736e-02
135   368 -7.01387e+01 7.33640e-03 3.28972e-02
136   377 -7.14075e+01 5.95887e-03 2.58090e-02
137   385 -7.44136e+01 5.84446e-03 2.67129e-02
138   394 -7.50579e+01 8.54203e-03 3.36195e-02
139   404 -7.27151e+01 7.88068e-03 3.39095e-02
140   413 -7.34329e+01 5.91572e-03 2.82646e-02
141   423 -7.00378e+01 6.99716e-03 2.94807e-02
142   433 -7.46685e+01 6.08215e-03 2.63705e-02
143   443 -7.39222e+01 8.43235e-03 3.19105e-02
144   453 -7.17001e+01 8.01940e-03 3.05339e-02
145   464 -7.39160e+01 6.41887e-03 2.65032e-02
146   474 -7.31155e+01 5.83879e-03 2.69580e-02
147   486 -7.39986e+01 5.06373e-03 2.32191e-02
148   497 -7.52984e+01 5.98439e-03 2.55988e-02
149   509 -7.19240e+01 4.38871e-03 2.21238e-02
150   520 -7.71607e+01 5.94208e-03 2.58031e-02
151   533 -7.16375e+01 4.80182e-03 2.30959e-02
152   545 -6.86770e+01 4.02319e-03 2.13265e-02
153   558 -7.02311e+01 4.86823e-03 2.30461e-02
154   571 -7.06281e+01 5.94096e-03 2.90960e-02
155   584 -7.61615e+01 5.17108e-03 2.71183e-02
156   598 -7.67724e+01 4.86616e-03 2.36180e-02
157   612 -7.52309e+01 5.30195e-03 2.59997e-02
158   626 -7.43955e+01 4.84099e-03 2.41055e-02
159   641 -7.75825e+01 6.06585e-03 2.85011e-02
160   656 -7.68782e+01 4.89040e-03 2.41812e-02
161   671 -7.21087e+01 4.55235e-03 2.21896e-02
162   687 -7.05586e+01 4.67942e-03 2.21030e-02
163   703 -7.40305e+01 4.92293e-03 2.43553e-02
164   719 -7.25462e+01 4.52260e-03 2.18947e-02
165   736 -7.45599e+01 4.11535e-03 2.11911e-02
166   753 -7.35741e+01 5.74581e-03 2.58760e-02
167   771 -7.13252e+01 4.40648e-03 2.20770e-02
168   789 -7.27905e+01 3.61970e-03 2.03693e-02
169   807 -7.25404e+01 4.72560e-03 2.44871e-02
170   826 -7.35608e+01 4.93898e-03 2.43088e-02
171   845 -7.52811e+01 4.08971e-03 2.27577e-02
172   865 -7.21093e+01 5.88717e-03 2.61360e-02
173   885 -7.12731e+01 3.94190e-03 2.01762e-02
174   906 -7.44928e+01 4.36938e-03 2.21535e-02
175   927 -7.16583e+01 3.44392e-03 2.06147e-02
176   949 -7.69985e+01 3.39388e-03 1.95887e-02
177   971 -7.59246e+01 3.73587e-03 2.13421e-02
178   994 -7.44677e+01 3.61632e-03 1.97204e-02
179  1017 -7.55226e+01 3.43229e-03 1.98170e-02
180  1041 -7.48142e+01 3.36826e-03 1.96042e-02
181  1065 -7.54782e+01 3.83573e-03 2.11745e-02
182  1090 -7.44608e+01 3.39254e-03 2.00766e-02
183  1115 -7.52872e+01 3.35277e-03 2.01891e-02
184  1141 -7.41842e+01 3.76992e-03 2.05035e-02
185  1168 -7.32387e+01 3.55199e-03 2.02329e-02
186  1195 -7.36751e+01 4.25618e-03 2.11315e-02
187  1223 -7.04837e+01 3.15826e-03 1.90605e-02
188  1252 -7.19276e+01 3.47101e-03 2.03885e-02
189  1281 -7.55012e+01 3.48965e-03 1.94929e-02
190  1311 -7.49120e+01 2.99423e-03 1.88004e-02
191  1342 -7.57559e+01 3.23650e-03 1.95596e-02
192  1373 -7.02509e+01 3.15849e-03 1.93042e-02
193  1405 -7.35197e+01 3.09107e-03 1.92352e-02
194  1438 -7.37235e+01 3.44426e-03 1.98586e-02
195  1472 -7.04309e+01 3.07537e-03 1.88031e-02
196  1506 -7.53706e+01 3.21465e-03 1.91542e-02
197  1541 -7.22198e+01 3.05798e-03 1.89346e-02
198  1577 -7.49790e+01 3.09490e-03 1.91745e-02
199  1614 -7.43707e+01 2.97730e-03 1.90647e-02
200  1652 -7.19586e+01 2.90276e-03 1.91871e-02
201  1690 -7.09073e+01 2.92517e-03 1.87223e-02
202  1730 -7.11686e+01 3.06554e-03 1.92562e-02
203  1770 -7.12262e+01 3.06705e-03 1.92343e-02
204  1811 -7.46074e+01 2.96317e-03 1.89210e-02
205  1854 -7.26035e+01 2.93665e-03 1.88691e-02
206  1897 -6.95735e+01 2.95828e-03 1.88174e-02
207  1941 -7.36249e+01 2.93739e-03 1.87630e-02
208  1987 -7.49949e+01 2.89788e-03 1.88319e-02
209  2033 -7.34574e+01 2.86835e-03 1.87037e-02
210  2081 -7.10090e+01 2.87177e-03 1.87022e-02
211  2129 -7.24420e+01 2.90587e-03 1.87266e-02
212  2179 -7.39492e+01 2.89560e-03 1.86845e-02
213  2230 -7.63253e+01 2.89456e-03 1.86853e-02
214  2282 -6.97318e+01 2.87052e-03 1.86737e-02
215  2335 -7.54448e+01 2.88527e-03 1.87516e-02
216  2390 -7.36647e+01 2.89377e-03 1.87527e-02
217  2446 -7.10153e+01 2.88443e-03 1.87205e-02
218  2503 -7.08318e+01 2.88781e-03 1.86836e-02
219  2561 -7.19577e+01 2.88588e-03 1.86521e-02
220  2621 -7.39980e+01 2.88580e-03 1.86167e-02
221  2682 -7.17764e+01 2.88679e-03 1.86175e-02
222  2745 -7.36125e+01 2.88572e-03 1.86241e-02
223  2809 -7.63355e+01 2.88373e-03 1.86149e-02
224  2875 -7.51805e+01 2.87830e-03 1.86093e-02
225  2942 -7.44466e+01 2.87831e-03 1.86075e-02
226  3010 -7.50808e+01 2.87971e-03 1.86079e-02
227  3081 -7.36589e+01 2.87816e-03 1.86012e-02
228  3153 -7.57451e+01 2.87989e-03 1.85968e-02
229  3226 -7.18960e+01 2.88120e-03 1.85960e-02
230  3302 -7.19847e+01 2.88069e-03 1.85970e-02
231  3379 -7.47674e+01 2.88081e-03 1.85984e-02
232  3458 -7.44097e+01 2.88020e-03 1.85983e-02
233  3538 -7.19558e+01 2.87883e-03 1.85984e-02
234  3621 -7.41103e+01 2.87854e-03 1.85961e-02
235  3706 -7.05214e+01 2.87799e-03 1.85941e-02
236  3792 -7.32841e+01 2.87656e-03 1.85940e-02
237  3881 -7.23036e+01 2.87626e-03 1.85943e-02
238  3971 -7.24632e+01 2.87743e-03 1.85951e-02
239  4064 -7.38628e+01 2.87675e-03 1.85939e-02
240  4159 -7.47714e+01 2.87622e-03 1.85928e-02
241  4256 -7.52116e+01 2.87666e-03 1.85944e-02
242  4356 -7.41994e+01 2.87666e-03 1.85951e-02
243  4457 -7.30048e+01 2.87519e-03 1.85953e-02
244  4561 -7.12046e+01 2.87427e-03 1.85929e-02
245  4668 -7.25204e+01 2.87335e-03 1.85914e-02
246  4777 -7.31146e+01 2.87237e-03 1.85904e-02
247  4889 -7.44643e+01 2.87166e-03 1.85932e-02
248  5003 -7.26605e+01 2.87245e-03 1.85907e-02
249  5120 -7.58177e+01 2.87260e-03 1.85920e-02
250  5239 -7.26469e+01 2.87053e-03 1.85904e-02
251  5361 -7.38876e+01 2.87072e-03 1.85926e-02
252  5487 -7.14341e+01 2.87065e-03 1.85958e-02
253  5615 -7.16601e+01 2.87192e-03 1.85982e-02
254  5746 -7.11561e+01 2.87073e-03 1.85988e-02
255  5880 -7.42097e+01 2.87107e-03 1.85995e-02
256  6017 -7.31045e+01 2.87006e-03 1.85968e-02
257  6158 -7.32215e+01 2.87158e-03 1.85948e-02
258  6302 -7.07403e+01 2.87251e-03 1.85981e-02
259  6449 -7.17188e+01 2.87103e-03 1.85959e-02
260  6600 -7.41093e+01 2.86958e-03 1.85945e-02
261  6754 -7.63163e+01 2.87042e-03 1.85926e-02
262  6911 -7.33420e+01 2.87106e-03 1.85977e-02
263  7073 -7.21266e+01 2.87189e-03 1.85980e-02
264  7238 -7.68892e+01 2.87333e-03 1.86019e-02
265  7407 -7.68970e+01 2.87326e-03 1.86051e-02
266  7580 -7.49074e+01 2.87493e-03 1.86104e-02
267  7757 -7.29767e+01 2.87513e-03 1.86114e-02
268  7938 -6.90805e+01 2.87327e-03 1.86049e-02
269  8124 -7.20795e+01 2.87291e-03 1.86074e-02
270  8313 -7.12609e+01 2.87212e-03 1.86057e-02
271  8507 -7.47512e+01 2.87214e-03 1.86035e-02
272  8706 -7.40514e+01 2.87138e-03 1.86049e-02
273  8909 -6.95836e+01 2.87164e-03 1.86075e-02
274  9118 -7.35954e+01 2.86917e-03 1.86035e-02
275  9330 -7.34739e+01 2.86666e-03 1.85944e-02
276  9548 -7.07405e+01 2.86740e-03 1.85984e-02
277  9771 -7.52766e+01 2.86835e-03 1.86037e-02
278 10000 -7.69675e+01 2.86714e-03 1.86022e-02
