i, epoch, loss, l2_err, h1_err
  0     1 4.60969e+00 8.87085e-01 9.40372e-01
  1     2 -4.66700e+00 8.19647e-01 8.86734e-01
  2     3 -1.36696e+01 7.57106e-01 8.41868e-01
  3     4 -2.17788e+01 7.01190e-01 8.02006e-01
  4     5 -2.91999e+01 6.50250e-01 7.71722e-01
  5     6 -3.76924e+01 6.05767e-01 7.48747e-01
  6     7 -4.14753e+01 5.67333e-01 7.33148e-01
  7     8 -4.62233e+01 5.35104e-01 7.23445e-01
  8     9 -5.20898e+01 5.07988e-01 7.16883e-01
  9    10 -5.43020e+01 4.85412e-01 7.08823e-01
 10    11 -5.92464e+01 4.66226e-01 6.97114e-01
 11    12 -6.14003e+01 4.48789e-01 6.82471e-01
 12    13 -6.38446e+01 4.31145e-01 6.62651e-01
 13    14 -6.59349e+01 4.12859e-01 6.40276e-01
 14    15 -6.44581e+01 3.93485e-01 6.16574e-01
 15    16 -7.12228e+01 3.72686e-01 5.93170e-01
 16    17 -6.90000e+01 3.50499e-01 5.70115e-01
 17    18 -6.79323e+01 3.27755e-01 5.47936e-01
 18    19 -7.01121e+01 3.04861e-01 5.26651e-01
 19    20 -7.02479e+01 2.82443e-01 5.06053e-01
 20    21 -6.91481e+01 2.60752e-01 4.85318e-01
 21    22 -7.27504e+01 2.40188e-01 4.62351e-01
 22    23 -7.07174e+01 2.20998e-01 4.36858e-01
 23    24 -7.26521e+01 2.03090e-01 4.08136e-01
 24    25 -7.26530e+01 1.86749e-01 3.76854e-01
 25    26 -6.86066e+01 1.71965e-01 3.44026e-01
 26    27 -7.15036e+01 1.59040e-01 3.10449e-01
 27    28 -7.31590e+01 1.48602e-01 2.77919e-01
 28    29 -6.87042e+01 1.41336e-01 2.47524e-01
 29    30 -7.08279e+01 1.37940e-01 2.20416e-01
 30    31 -7.46696e+01 1.38545e-01 1.98065e-01
 31    32 -7.27350e+01 1.42771e-01 1.82691e-01
 32    33 -7.20377e+01 1.49674e-01 1.76756e-01
 33    34 -7.20608e+01 1.57964e-01 1.80361e-01
 34    35 -7.48122e+01 1.66354e-01 1.92410e-01
 35    36 -7.19523e+01 1.74268e-01 2.09923e-01
 36    37 -7.33019e+01 1.80764e-01 2.29841e-01
 37    38 -6.88989e+01 1.85338e-01 2.48896e-01
 38    39 -7.28523e+01 1.87802e-01 2.65259e-01
 39    40 -7.29951e+01 1.88054e-01 2.77876e-01
 40    41 -7.48468e+01 1.85935e-01 2.85889e-01
 41    42 -7.13714e+01 1.81846e-01 2.89182e-01
 42    43 -7.23952e+01 1.75345e-01 2.87477e-01
 43    44 -7.42561e+01 1.66561e-01 2.81594e-01
 44    45 -7.48506e+01 1.55933e-01 2.71449e-01
 45    46 -7.45828e+01 1.43529e-01 2.57532e-01
 46    47 -7.14104e+01 1.29666e-01 2.39596e-01
 47    48 -7.07807e+01 1.14621e-01 2.20112e-01
 48    49 -7.45087e+01 9.89236e-02 1.98801e-01
 49    50 -7.12312e+01 8.29144e-02 1.76760e-01
 50    51 -7.38660e+01 6.76420e-02 1.55183e-01
 51    53 -7.24848e+01 4.35693e-02 1.16897e-01
 52    54 -7.11083e+01 3.72741e-02 1.01752e-01
 53    55 -7.05351e+01 3.61496e-02 9.11739e-02
 54    56 -7.17462e+01 3.92863e-02 8.63356e-02
 55    58 -7.67091e+01 4.96521e-02 9.01369e-02
 56    59 -7.41959e+01 5.48619e-02 9.53682e-02
 57    60 -7.31583e+01 5.90696e-02 1.00113e-01
 58    62 -7.39921e+01 6.46005e-02 1.07126e-01
 59    63 -7.27865e+01 6.59540e-02 1.09504e-01
 60    65 -7.48241e+01 6.55835e-02 1.11819e-01
 61    66 -7.27682e+01 6.37756e-02 1.11517e-01
 62    68 -7.39514e+01 5.85680e-02 1.08452e-01
 63    69 -7.45907e+01 5.54250e-02 1.06006e-01
 64    71 -7.52342e+01 4.81530e-02 9.94970e-02
 65    73 -7.24711e+01 3.94527e-02 9.13079e-02
 66    74 -7.20754e+01 3.52877e-02 8.75524e-02
 67    76 -7.01496e+01 2.78444e-02 8.08089e-02
 68    78 -7.38344e+01 2.27571e-02 7.72314e-02
 69    80 -7.01163e+01 2.14117e-02 7.70644e-02
 70    82 -7.50073e+01 2.19845e-02 7.74095e-02
 71    84 -7.35244e+01 2.16988e-02 7.57536e-02
 72    86 -6.94553e+01 2.20881e-02 7.49898e-02
 73    88 -7.15476e+01 2.28358e-02 7.58624e-02
 74    90 -7.31013e+01 2.33569e-02 7.66976e-02
 75    92 -7.58632e+01 2.22822e-02 7.50111e-02
 76    94 -6.98719e+01 2.16085e-02 7.35786e-02
 77    96 -7.10514e+01 2.22245e-02 7.37539e-02
 78    98 -7.23462e+01 2.28313e-02 7.43109e-02
 79   101 -7.14830e+01 1.96160e-02 7.16939e-02
 80   103 -7.37369e+01 1.95318e-02 7.20366e-02
 81   105 -7.20733e+01 2.05158e-02 7.30334e-02
 82   108 -7.42872e+01 1.96080e-02 7.16246e-02
 83   110 -7.48787e+01 1.94679e-02 7.20462e-02
 84   113 -7.17353e+01 2.05405e-02 7.34778e-02
 85   116 -7.17428e+01 1.98262e-02 7.23957e-02
 86   118 -7.40768e+01 2.04259e-02 7.22685e-02
 87   121 -7.30520e+01 2.07686e-02 7.24249e-02
 88   124 -7.21744e+01 1.94180e-02 7.23245e-02
 89   127 -7.22262e+01 1.91978e-02 7.22536e-02
 90   130 -7.32930e+01 2.11610e-02 7.28525e-02
 91   133 -7.50198e+01 1.94888e-02 7.20663e-02
 92   136 -7.47393e+01 1.91280e-02 7.15110e-02
 93   139 -7.45075e+01 2.00123e-02 7.13694e-02
 94   143 -7.74202e+01 1.90852e-02 7.16494e-02
 95   146 -7.46185e+01 2.06636e-02 7.23210e-02
 96   149 -7.27795e+01 1.95707e-02 7.23231e-02
 97   153 -6.94207e+01 1.97983e-02 7.21487e-02
 98   156 -7.36872e+01 2.02300e-02 7.30447e-02
 99   160 -7.56497e+01 1.92309e-02 7.21119e-02
100   164 -7.37615e+01 2.05677e-02 7.20756e-02
101   168 -7.20937e+01 2.00946e-02 7.21035e-02
102   172 -7.30205e+01 1.90933e-02 7.14817e-02
103   176 -7.39485e+01 2.07848e-02 7.35583e-02
104   180 -7.34236e+01 1.89956e-02 7.25542e-02
105   184 -7.17464e+01 2.04866e-02 7.27360e-02
106   188 -7.35453e+01 1.92224e-02 7.20552e-02
107   193 -7.34713e+01 2.04708e-02 7.19187e-02
108   197 -7.48107e+01 1.95170e-02 7.20059e-02
109   202 -7.59785e+01 1.94422e-02 7.22685e-02
110   206 -7.41494e+01 2.00455e-02 7.17374e-02
111   211 -7.19375e+01 2.12096e-02 7.30752e-02
112   216 -7.35223e+01 1.96946e-02 7.28414e-02
113   221 -7.41727e+01 1.93824e-02 7.17527e-02
114   226 -7.58694e+01 1.99039e-02 7.14994e-02
115   232 -7.17112e+01 2.02528e-02 7.27287e-02
116   237 -7.27630e+01 1.99699e-02 7.20936e-02
117   243 -7.30290e+01 1.96904e-02 7.17203e-02
118   248 -7.48850e+01 2.00918e-02 7.22676e-02
119   254 -6.97937e+01 1.91269e-02 7.22910e-02
120   260 -7.25127e+01 1.98537e-02 7.18382e-02
121   266 -7.20550e+01 2.01649e-02 7.31862e-02
122   272 -7.37961e+01 1.98672e-02 7.33279e-02
123   279 -6.99365e+01 1.91833e-02 7.27045e-02
124   285 -7.07090e+01 1.93540e-02 7.15223e-02
125   292 -7.23465e+01 2.11593e-02 7.31906e-02
126   299 -7.43207e+01 2.10757e-02 7.38676e-02
127   306 -7.61142e+01 2.01967e-02 7.28562e-02
128   313 -7.78390e+01 2.05299e-02 7.25346e-02
129   320 -7.38420e+01 2.00070e-02 7.24437e-02
130   328 -7.18281e+01 2.26892e-02 7.35612e-02
131   335 -7.39681e+01 2.00680e-02 7.17661e-02
132   343 -7.46740e+01 1.93592e-02 7.24879e-02
133   351 -7.42766e+01 2.03279e-02 7.24937e-02
134   360 -7.19735e+01 1.94626e-02 7.17228e-02
135   368 -7.43360e+01 1.91631e-02 7.19018e-02
136   377 -7.45985e+01 2.03202e-02 7.27913e-02
137   385 -7.18817e+01 1.98091e-02 7.27674e-02
138   394 -7.54230e+01 2.02763e-02 7.25249e-02
139   404 -7.49044e+01 1.87733e-02 7.36227e-02
140   413 -7.39745e+01 2.09945e-02 7.38387e-02
141   423 -7.41904e+01 1.98122e-02 7.15156e-02
142   433 -7.35907e+01 1.96543e-02 7.17587e-02
143   443 -7.19073e+01 1.97782e-02 7.16638e-02
144   453 -7.13240e+01 1.95169e-02 7.21452e-02
145   464 -7.01328e+01 1.96373e-02 7.19856e-02
146   474 -7.18290e+01 1.96391e-02 7.16853e-02
147   486 -7.24138e+01 1.92864e-02 7.16803e-02
148   497 -7.08639e+01 1.95083e-02 7.19757e-02
149   509 -7.28389e+01 1.99513e-02 7.25623e-02
150   520 -7.79991e+01 2.00224e-02 7.20479e-02
151   533 -7.72155e+01 1.97078e-02 7.25062e-02
152   545 -7.25383e+01 1.93788e-02 7.18791e-02
153   558 -7.68170e+01 1.97308e-02 7.13408e-02
154   571 -7.11205e+01 1.95057e-02 7.19990e-02
155   584 -7.15422e+01 2.03709e-02 7.32834e-02
156   598 -7.02025e+01 2.01993e-02 7.20358e-02
157   612 -7.23241e+01 1.96461e-02 7.22330e-02
158   626 -7.22107e+01 1.93362e-02 7.15416e-02
159   641 -7.58536e+01 1.95109e-02 7.20179e-02
160   656 -7.32599e+01 1.94485e-02 7.17920e-02
161   671 -6.86596e+01 1.94013e-02 7.22711e-02
162   687 -7.64762e+01 2.01474e-02 7.17333e-02
163   703 -7.48243e+01 1.96148e-02 7.18592e-02
164   719 -7.22454e+01 1.93479e-02 7.21103e-02
165   736 -7.49974e+01 1.96286e-02 7.22099e-02
166   753 -7.01523e+01 2.01026e-02 7.27621e-02
167   771 -7.35775e+01 1.94586e-02 7.20528e-02
168   789 -7.26213e+01 1.90764e-02 7.17918e-02
169   807 -7.23515e+01 2.02378e-02 7.22654e-02
170   826 -7.30210e+01 1.95939e-02 7.18398e-02
171   845 -7.39086e+01 1.93404e-02 7.14598e-02
172   865 -7.45744e+01 1.98497e-02 7.17221e-02
173   885 -7.49167e+01 1.94584e-02 7.13729e-02
174   906 -7.22200e+01 1.96377e-02 7.20811e-02
175   927 -6.92701e+01 2.01661e-02 7.23606e-02
176   949 -7.40079e+01 1.93950e-02 7.18526e-02
177   971 -7.18638e+01 1.95548e-02 7.19530e-02
178   994 -7.18107e+01 1.92629e-02 7.17642e-02
179  1017 -7.05076e+01 1.94686e-02 7.14915e-02
180  1041 -7.65820e+01 1.93240e-02 7.15585e-02
181  1065 -7.39421e+01 2.00685e-02 7.23464e-02
182  1090 -7.49265e+01 1.97680e-02 7.16774e-02
183  1115 -7.45054e+01 1.95575e-02 7.18010e-02
184  1141 -7.29008e+01 1.95278e-02 7.14792e-02
185  1168 -7.36687e+01 1.94804e-02 7.15779e-02
186  1195 -7.58303e+01 1.95951e-02 7.20511e-02
187  1223 -7.11804e+01 1.94415e-02 7.16156e-02
188  1252 -7.48260e+01 1.95147e-02 7.18296e-02
189  1281 -7.30929e+01 1.95646e-02 7.15986e-02
190  1311 -7.34736e+01 1.94225e-02 7.16033e-02
191  1342 -7.44541e+01 1.96163e-02 7.16003e-02
192  1373 -7.36084e+01 1.95344e-02 7.15070e-02
193  1405 -7.25831e+01 1.94319e-02 7.17680e-02
194  1438 -7.37783e+01 1.95438e-02 7.15848e-02
195  1472 -7.35847e+01 1.94603e-02 7.15242e-02
196  1506 -7.32429e+01 1.94808e-02 7.15403e-02
197  1541 -7.28405e+01 1.95607e-02 7.16076e-02
198  1577 -7.13044e+01 1.94632e-02 7.15578e-02
199  1614 -7.31797e+01 1.93553e-02 7.15819e-02
200  1652 -7.11669e+01 1.93221e-02 7.15601e-02
201  1690 -7.36395e+01 1.93032e-02 7.15835e-02
202  1730 -7.43727e+01 1.93823e-02 7.16371e-02
203  1770 -7.10185e+01 1.94143e-02 7.16735e-02
204  1811 -7.38947e+01 1.94771e-02 7.15667e-02
205  1854 -7.34384e+01 1.93457e-02 7.14770e-02
206  1897 -7.16855e+01 1.93762e-02 7.15263e-02
207  1941 -7.55224e+01 1.94327e-02 7.16117e-02
208  1987 -7.21676e+01 1.93612e-02 7.16325e-02
209  2033 -7.51484e+01 1.94088e-02 7.15971e-02
210  2081 -7.61065e+01 1.93864e-02 7.15961e-02
211  2129 -7.29911e+01 1.93766e-02 7.15941e-02
212  2179 -7.61732e+01 1.94272e-02 7.15692e-02
213  2230 -7.40530e+01 1.94196e-02 7.15731e-02
214  2282 -7.36861e+01 1.94018e-02 7.15676e-02
215  2335 -7.36230e+01 1.94059e-02 7.15754e-02
216  2390 -7.49218e+01 1.93807e-02 7.15928e-02
217  2446 -7.41559e+01 1.93695e-02 7.15797e-02
218  2503 -7.45826e+01 1.93834e-02 7.15737e-02
219  2561 -7.37913e+01 1.93737e-02 7.15781e-02
220  2621 -7.16594e+01 1.93932e-02 7.15862e-02
221  2682 -7.19121e+01 1.93915e-02 7.15900e-02
222  2745 -7.39204e+01 1.93924e-02 7.15965e-02
223  2809 -7.56102e+01 1.93867e-02 7.15934e-02
224  2875 -7.08577e+01 1.93777e-02 7.15913e-02
225  2942 -7.19746e+01 1.93840e-02 7.15865e-02
226  3010 -7.47665e+01 1.93821e-02 7.15871e-02
227  3081 -7.28326e+01 1.93804e-02 7.15878e-02
228  3153 -7.47953e+01 1.93807e-02 7.15869e-02
229  3226 -7.10897e+01 1.93829e-02 7.15866e-02
230  3302 -7.72107e+01 1.93845e-02 7.15857e-02
231  3379 -7.40510e+01 1.93869e-02 7.15854e-02
232  3458 -7.59884e+01 1.93877e-02 7.15839e-02
233  3538 -7.62779e+01 1.93896e-02 7.15835e-02
234  3621 -7.12217e+01 1.93900e-02 7.15838e-02
235  3706 -7.27170e+01 1.93902e-02 7.15823e-02
236  3792 -7.39572e+01 1.93901e-02 7.15830e-02
237  3881 -7.43949e+01 1.93897e-02 7.15807e-02
238  3971 -7.40042e+01 1.93889e-02 7.15815e-02
239  4064 -7.18582e+01 1.93886e-02 7.15824e-02
240  4159 -7.41109e+01 1.93882e-02 7.15826e-02
241  4256 -7.12176e+01 1.93884e-02 7.15823e-02
242  4356 -7.34219e+01 1.93888e-02 7.15830e-02
243  4457 -7.37757e+01 1.93896e-02 7.15826e-02
244  4561 -7.16739e+01 1.93903e-02 7.15831e-02
245  4668 -7.68027e+01 1.93903e-02 7.15830e-02
246  4777 -7.13908e+01 1.93890e-02 7.15815e-02
247  4889 -7.48297e+01 1.93911e-02 7.15846e-02
248  5003 -7.31866e+01 1.93913e-02 7.15844e-02
249  5120 -7.30232e+01 1.93925e-02 7.15842e-02
250  5239 -7.33462e+01 1.93921e-02 7.15846e-02
251  5361 -7.35358e+01 1.93926e-02 7.15840e-02
252  5487 -7.38963e+01 1.93934e-02 7.15839e-02
253  5615 -7.21882e+01 1.93929e-02 7.15831e-02
254  5746 -7.21882e+01 1.93931e-02 7.15833e-02
255  5880 -7.49146e+01 1.93943e-02 7.15834e-02
256  6017 -7.69135e+01 1.93940e-02 7.15824e-02
257  6158 -7.23523e+01 1.93946e-02 7.15816e-02
258  6302 -7.30282e+01 1.93938e-02 7.15806e-02
259  6449 -7.37461e+01 1.93964e-02 7.15810e-02
260  6600 -7.41621e+01 1.93952e-02 7.15784e-02
261  6754 -7.47275e+01 1.93976e-02 7.15844e-02
262  6911 -7.27486e+01 1.93978e-02 7.15840e-02
263  7073 -6.98466e+01 1.93990e-02 7.15853e-02
264  7238 -7.51590e+01 1.93999e-02 7.15870e-02
265  7407 -7.32106e+01 1.93967e-02 7.15814e-02
266  7580 -7.24020e+01 1.94000e-02 7.15850e-02
267  7757 -7.64562e+01 1.93979e-02 7.15828e-02
268  7938 -7.45159e+01 1.93991e-02 7.15831e-02
269  8124 -7.06387e+01 1.93995e-02 7.15801e-02
270  8313 -7.09172e+01 1.94011e-02 7.15850e-02
271  8507 -7.37034e+01 1.94024e-02 7.15878e-02
272  8706 -7.18469e+01 1.93997e-02 7.15847e-02
273  8909 -7.41293e+01 1.94024e-02 7.15863e-02
274  9118 -7.45954e+01 1.94004e-02 7.15823e-02
275  9330 -7.13734e+01 1.93999e-02 7.15852e-02
276  9548 -7.16432e+01 1.93992e-02 7.15845e-02
277  9771 -6.98388e+01 1.93987e-02 7.15835e-02
278 10000 -7.40861e+01 1.94037e-02 7.15873e-02
