i, epoch, loss, l2_err, h1_err
  0     1 -1.03562e+01 9.27854e-01 9.42872e-01
  1     2 -1.82661e+01 8.53973e-01 8.70159e-01
  2     3 -2.76878e+01 7.81884e-01 7.97715e-01
  3     4 -3.45869e+01 7.12213e-01 7.29700e-01
  4     5 -3.89186e+01 6.45000e-01 6.66208e-01
  5     6 -4.62560e+01 5.79837e-01 6.07321e-01
  6     7 -4.96779e+01 5.16986e-01 5.54028e-01
  7     8 -5.61336e+01 4.56293e-01 5.05975e-01
  8     9 -6.00363e+01 3.98144e-01 4.64531e-01
  9    10 -6.41223e+01 3.42811e-01 4.29862e-01
 10    11 -6.28881e+01 2.91194e-01 4.02980e-01
 11    12 -6.66436e+01 2.45040e-01 3.83064e-01
 12    13 -6.65273e+01 2.06278e-01 3.69557e-01
 13    14 -7.09712e+01 1.77408e-01 3.61004e-01
 14    15 -7.07547e+01 1.61268e-01 3.56313e-01
 15    16 -6.85483e+01 1.58641e-01 3.54752e-01
 16    17 -7.15529e+01 1.67463e-01 3.55475e-01
 17    18 -7.39135e+01 1.83555e-01 3.57622e-01
 18    19 -7.14846e+01 2.02950e-01 3.60078e-01
 19    20 -7.13752e+01 2.22762e-01 3.61737e-01
 20    21 -6.73037e+01 2.41015e-01 3.61429e-01
 21    22 -6.98194e+01 2.56494e-01 3.58056e-01
 22    23 -7.14600e+01 2.68649e-01 3.51638e-01
 23    24 -7.48829e+01 2.77078e-01 3.42036e-01
 24    25 -6.89131e+01 2.81616e-01 3.29795e-01
 25    26 -6.94734e+01 2.82378e-01 3.15642e-01
 26    27 -7.17557e+01 2.79627e-01 3.00454e-01
 27    28 -7.41231e+01 2.73332e-01 2.84701e-01
 28    29 -7.42128e+01 2.63949e-01 2.68856e-01
 29    30 -7.20430e+01 2.51655e-01 2.53438e-01
 30    31 -7.02352e+01 2.37237e-01 2.39267e-01
 31    32 -7.37829e+01 2.21231e-01 2.26507e-01
 32    33 -7.21270e+01 2.03916e-01 2.15126e-01
 33    34 -7.16046e+01 1.85930e-01 2.05259e-01
 34    35 -7.55937e+01 1.67760e-01 1.96985e-01
 35    36 -7.04708e+01 1.49954e-01 1.90354e-01
 36    37 -6.90693e+01 1.33046e-01 1.85298e-01
 37    38 -7.31082e+01 1.17620e-01 1.81593e-01
 38    39 -7.14639e+01 1.04183e-01 1.79222e-01
 39    40 -7.17792e+01 9.35329e-02 1.77863e-01
 40    41 -7.31462e+01 8.59731e-02 1.77130e-01
 41    42 -7.09921e+01 8.18112e-02 1.76936e-01
 42    43 -7.22411e+01 8.08399e-02 1.77190e-01
 43    44 -7.46504e+01 8.23111e-02 1.77804e-01
 44    45 -7.52623e+01 8.53651e-02 1.78610e-01
 45    46 -7.27974e+01 8.90813e-02 1.79601e-01
 46    47 -7.29123e+01 9.29497e-02 1.80563e-01
 47    48 -7.96182e+01 9.64291e-02 1.81240e-01
 48    49 -6.98600e+01 9.91494e-02 1.81730e-01
 49    50 -7.32433e+01 1.00996e-01 1.81823e-01
 50    51 -7.13516e+01 1.01867e-01 1.81522e-01
 51    53 -7.25366e+01 1.00603e-01 1.79038e-01
 52    54 -7.35830e+01 9.85413e-02 1.76928e-01
 53    55 -7.35090e+01 9.57095e-02 1.74446e-01
 54    56 -7.45589e+01 9.21990e-02 1.72005e-01
 55    58 -7.32719e+01 8.40066e-02 1.67518e-01
 56    59 -7.14161e+01 7.97459e-02 1.65664e-01
 57    60 -7.08927e+01 7.56394e-02 1.64279e-01
 58    62 -7.54433e+01 6.87718e-02 1.63270e-01
 59    63 -7.29367e+01 6.62642e-02 1.63447e-01
 60    65 -7.34610e+01 6.38699e-02 1.64531e-01
 61    66 -7.33475e+01 6.39486e-02 1.65148e-01
 62    68 -7.50776e+01 6.59087e-02 1.65952e-01
 63    69 -6.73606e+01 6.74462e-02 1.66090e-01
 64    71 -7.21020e+01 7.05811e-02 1.66085e-01
 65    73 -7.32273e+01 7.22285e-02 1.65095e-01
 66    74 -7.38407e+01 7.23794e-02 1.64242e-01
 67    76 -7.13885e+01 7.17827e-02 1.62352e-01
 68    78 -7.37016e+01 7.02713e-02 1.60571e-01
 69    80 -7.42465e+01 6.86219e-02 1.59072e-01
 70    82 -7.52775e+01 6.72682e-02 1.57843e-01
 71    84 -7.64449e+01 6.63379e-02 1.56971e-01
 72    86 -7.33547e+01 6.57359e-02 1.56627e-01
 73    88 -7.55561e+01 6.53770e-02 1.56582e-01
 74    90 -7.37935e+01 6.52671e-02 1.56258e-01
 75    92 -7.27832e+01 6.47411e-02 1.55897e-01
 76    94 -7.61071e+01 6.34822e-02 1.55634e-01
 77    96 -7.42769e+01 6.22629e-02 1.55341e-01
 78    98 -7.40991e+01 6.12143e-02 1.55191e-01
 79   101 -7.44377e+01 6.02618e-02 1.54952e-01
 80   103 -7.24991e+01 6.03039e-02 1.55123e-01
 81   105 -7.24665e+01 6.08000e-02 1.55597e-01
 82   108 -7.42287e+01 6.21944e-02 1.56476e-01
 83   110 -7.34776e+01 6.30444e-02 1.57009e-01
 84   113 -7.48030e+01 6.37501e-02 1.57765e-01
 85   116 -7.33672e+01 6.38318e-02 1.57833e-01
 86   118 -7.64031e+01 6.36596e-02 1.57521e-01
 87   121 -7.06399e+01 6.32797e-02 1.57176e-01
 88   124 -7.24352e+01 6.32987e-02 1.56964e-01
 89   127 -7.11314e+01 6.31140e-02 1.56718e-01
 90   130 -7.26849e+01 6.26612e-02 1.56447e-01
 91   133 -7.18816e+01 6.18347e-02 1.55989e-01
 92   136 -7.03786e+01 6.16333e-02 1.55605e-01
 93   139 -7.50478e+01 6.21402e-02 1.55803e-01
 94   143 -7.20766e+01 6.26746e-02 1.56109e-01
 95   146 -7.40030e+01 6.31882e-02 1.56295e-01
 96   149 -7.25427e+01 6.30469e-02 1.56387e-01
 97   153 -7.58852e+01 6.23731e-02 1.56637e-01
 98   156 -7.38261e+01 6.27575e-02 1.56881e-01
 99   160 -7.24180e+01 6.28553e-02 1.57026e-01
100   164 -7.14661e+01 6.18410e-02 1.56579e-01
101   168 -7.82061e+01 6.20252e-02 1.56053e-01
102   172 -6.98651e+01 6.25012e-02 1.56217e-01
103   176 -7.18923e+01 6.24680e-02 1.55987e-01
104   180 -7.25137e+01 6.20208e-02 1.55970e-01
105   184 -7.62358e+01 6.27848e-02 1.55856e-01
106   188 -7.14571e+01 6.21756e-02 1.55645e-01
107   193 -7.54663e+01 6.28263e-02 1.56618e-01
108   197 -7.42558e+01 6.39953e-02 1.56789e-01
109   202 -7.28860e+01 6.24095e-02 1.56407e-01
110   206 -7.15236e+01 6.21311e-02 1.56079e-01
111   211 -7.04771e+01 6.24767e-02 1.56682e-01
112   216 -7.41643e+01 6.28350e-02 1.56894e-01
113   221 -7.38511e+01 6.32900e-02 1.56678e-01
114   226 -7.50279e+01 6.28639e-02 1.56891e-01
115   232 -7.22420e+01 6.21955e-02 1.56348e-01
116   237 -7.80124e+01 6.28435e-02 1.56127e-01
117   243 -6.96554e+01 6.27691e-02 1.56513e-01
118   248 -7.30788e+01 6.20864e-02 1.56209e-01
119   254 -7.28842e+01 6.24022e-02 1.55939e-01
120   260 -7.17178e+01 6.26046e-02 1.56290e-01
121   266 -7.37711e+01 6.21709e-02 1.56447e-01
122   272 -7.21470e+01 6.22965e-02 1.56313e-01
123   279 -6.93425e+01 6.25538e-02 1.56490e-01
124   285 -7.81737e+01 6.27532e-02 1.56650e-01
125   292 -7.37715e+01 6.26845e-02 1.56319e-01
126   299 -7.25587e+01 6.24354e-02 1.56469e-01
127   306 -7.21792e+01 6.22178e-02 1.56507e-01
128   313 -7.15710e+01 6.22742e-02 1.56189e-01
129   320 -7.57769e+01 6.23887e-02 1.56462e-01
130   328 -6.98929e+01 6.24544e-02 1.56676e-01
131   335 -7.36273e+01 6.32837e-02 1.56927e-01
132   343 -7.31660e+01 6.20129e-02 1.56031e-01
133   351 -7.44836e+01 6.17063e-02 1.55783e-01
134   360 -7.28269e+01 6.28197e-02 1.55965e-01
135   368 -7.24590e+01 6.30612e-02 1.56168e-01
136   377 -7.22529e+01 6.21734e-02 1.56338e-01
137   385 -7.20158e+01 6.27737e-02 1.56685e-01
138   394 -7.22954e+01 6.22432e-02 1.56459e-01
139   404 -7.53795e+01 6.22357e-02 1.56501e-01
140   413 -6.98482e+01 6.27082e-02 1.56075e-01
141   423 -7.35204e+01 6.25424e-02 1.56469e-01
142   433 -7.34802e+01 6.26839e-02 1.56656e-01
143   443 -7.43483e+01 6.23733e-02 1.56111e-01
144   453 -7.29210e+01 6.29179e-02 1.56344e-01
145   464 -7.39892e+01 6.26738e-02 1.56152e-01
146   474 -7.18315e+01 6.25388e-02 1.56236e-01
147   486 -7.30453e+01 6.21736e-02 1.56006e-01
148   497 -7.37428e+01 6.22907e-02 1.55970e-01
149   509 -7.29487e+01 6.24778e-02 1.56093e-01
150   520 -7.29041e+01 6.17841e-02 1.56083e-01
151   533 -7.42965e+01 6.21587e-02 1.56351e-01
152   545 -7.33464e+01 6.23455e-02 1.56097e-01
153   558 -7.53272e+01 6.29820e-02 1.56574e-01
154   571 -7.21484e+01 6.25026e-02 1.56503e-01
155   584 -7.46010e+01 6.23611e-02 1.56536e-01
156   598 -7.24845e+01 6.27651e-02 1.56618e-01
157   612 -7.22252e+01 6.27345e-02 1.56154e-01
158   626 -7.27101e+01 6.23238e-02 1.56370e-01
159   641 -7.56603e+01 6.25050e-02 1.56187e-01
160   656 -7.32399e+01 6.25506e-02 1.56052e-01
161   671 -7.42513e+01 6.24889e-02 1.56355e-01
162   687 -7.26360e+01 6.26009e-02 1.56309e-01
163   703 -7.42196e+01 6.25625e-02 1.56280e-01
164   719 -7.59189e+01 6.27922e-02 1.56316e-01
165   736 -7.06097e+01 6.28472e-02 1.56331e-01
166   753 -7.03869e+01 6.23485e-02 1.56315e-01
167   771 -7.19899e+01 6.22445e-02 1.56069e-01
168   789 -7.38783e+01 6.24991e-02 1.56181e-01
169   807 -7.14670e+01 6.21208e-02 1.56295e-01
170   826 -7.26768e+01 6.21278e-02 1.56311e-01
171   845 -7.37243e+01 6.26707e-02 1.56054e-01
172   865 -7.28628e+01 6.24951e-02 1.56296e-01
173   885 -7.44692e+01 6.25679e-02 1.56323e-01
174   906 -7.26798e+01 6.23469e-02 1.56085e-01
175   927 -7.11207e+01 6.23845e-02 1.56289e-01
176   949 -7.48634e+01 6.24331e-02 1.56315e-01
177   971 -7.32519e+01 6.26348e-02 1.56461e-01
178   994 -7.42348e+01 6.27593e-02 1.56437e-01
179  1017 -7.54478e+01 6.24257e-02 1.56380e-01
180  1041 -7.66040e+01 6.21810e-02 1.56277e-01
181  1065 -7.32905e+01 6.28012e-02 1.56542e-01
182  1090 -7.39055e+01 6.26604e-02 1.56479e-01
183  1115 -7.49777e+01 6.24722e-02 1.56252e-01
184  1141 -7.25614e+01 6.22603e-02 1.56213e-01
185  1168 -7.36610e+01 6.25936e-02 1.56268e-01
186  1195 -7.33936e+01 6.23301e-02 1.56070e-01
187  1223 -7.24507e+01 6.25436e-02 1.56404e-01
188  1252 -7.35351e+01 6.23585e-02 1.56428e-01
189  1281 -7.08374e+01 6.21836e-02 1.56240e-01
190  1311 -7.44005e+01 6.22931e-02 1.56145e-01
191  1342 -7.27222e+01 6.23446e-02 1.56155e-01
192  1373 -7.44806e+01 6.25420e-02 1.56191e-01
193  1405 -7.37796e+01 6.24165e-02 1.56159e-01
194  1438 -7.26450e+01 6.25817e-02 1.56295e-01
195  1472 -7.25041e+01 6.25201e-02 1.56341e-01
196  1506 -7.31292e+01 6.25870e-02 1.56344e-01
197  1541 -7.05725e+01 6.24659e-02 1.56284e-01
198  1577 -7.40406e+01 6.25011e-02 1.56310e-01
199  1614 -7.37338e+01 6.25423e-02 1.56365e-01
200  1652 -7.63575e+01 6.25531e-02 1.56383e-01
201  1690 -7.45029e+01 6.24776e-02 1.56344e-01
202  1730 -7.08957e+01 6.25250e-02 1.56277e-01
203  1770 -7.25461e+01 6.24556e-02 1.56263e-01
204  1811 -7.27762e+01 6.24335e-02 1.56228e-01
205  1854 -7.36222e+01 6.24713e-02 1.56261e-01
206  1897 -7.33396e+01 6.24618e-02 1.56279e-01
207  1941 -7.41870e+01 6.25257e-02 1.56321e-01
208  1987 -7.46970e+01 6.25595e-02 1.56352e-01
209  2033 -7.60085e+01 6.25384e-02 1.56336e-01
210  2081 -7.40594e+01 6.25194e-02 1.56332e-01
211  2129 -7.15406e+01 6.25200e-02 1.56323e-01
212  2179 -7.28400e+01 6.25123e-02 1.56304e-01
213  2230 -7.15748e+01 6.25250e-02 1.56297e-01
214  2282 -7.36613e+01 6.24856e-02 1.56277e-01
215  2335 -7.62570e+01 6.24783e-02 1.56282e-01
216  2390 -7.25721e+01 6.24698e-02 1.56270e-01
217  2446 -7.10786e+01 6.24666e-02 1.56270e-01
218  2503 -7.80840e+01 6.24746e-02 1.56270e-01
219  2561 -7.51898e+01 6.24753e-02 1.56272e-01
220  2621 -7.70753e+01 6.24871e-02 1.56276e-01
221  2682 -7.66211e+01 6.24804e-02 1.56271e-01
222  2745 -7.55594e+01 6.24816e-02 1.56272e-01
223  2809 -7.44855e+01 6.24789e-02 1.56275e-01
224  2875 -7.51715e+01 6.24763e-02 1.56277e-01
225  2942 -7.65501e+01 6.24760e-02 1.56280e-01
226  3010 -7.20331e+01 6.24766e-02 1.56282e-01
227  3081 -7.07723e+01 6.24761e-02 1.56283e-01
228  3153 -7.40855e+01 6.24761e-02 1.56283e-01
229  3226 -7.39111e+01 6.24732e-02 1.56283e-01
230  3302 -7.28074e+01 6.24738e-02 1.56283e-01
231  3379 -7.22730e+01 6.24740e-02 1.56283e-01
232  3458 -7.16205e+01 6.24722e-02 1.56283e-01
233  3538 -7.22553e+01 6.24708e-02 1.56283e-01
234  3621 -7.17133e+01 6.24708e-02 1.56284e-01
235  3706 -7.45267e+01 6.24720e-02 1.56284e-01
236  3792 -7.22702e+01 6.24723e-02 1.56284e-01
237  3881 -7.47095e+01 6.24744e-02 1.56285e-01
238  3971 -7.29973e+01 6.24734e-02 1.56285e-01
239  4064 -7.29227e+01 6.24758e-02 1.56286e-01
240  4159 -7.03433e+01 6.24745e-02 1.56286e-01
241  4256 -7.27132e+01 6.24751e-02 1.56287e-01
242  4356 -7.25244e+01 6.24724e-02 1.56287e-01
243  4457 -7.19822e+01 6.24724e-02 1.56286e-01
244  4561 -7.10917e+01 6.24727e-02 1.56288e-01
245  4668 -7.05276e+01 6.24749e-02 1.56289e-01
246  4777 -7.47021e+01 6.24743e-02 1.56289e-01
247  4889 -7.38269e+01 6.24798e-02 1.56291e-01
248  5003 -7.10122e+01 6.24739e-02 1.56287e-01
249  5120 -7.33883e+01 6.24732e-02 1.56287e-01
250  5239 -7.63246e+01 6.24739e-02 1.56287e-01
251  5361 -7.38667e+01 6.24751e-02 1.56288e-01
252  5487 -7.38555e+01 6.24721e-02 1.56285e-01
253  5615 -7.29219e+01 6.24741e-02 1.56284e-01
254  5746 -7.60483e+01 6.24758e-02 1.56285e-01
255  5880 -7.15157e+01 6.24810e-02 1.56288e-01
256  6017 -7.03502e+01 6.24769e-02 1.56284e-01
257  6158 -7.34660e+01 6.24811e-02 1.56286e-01
258  6302 -7.07350e+01 6.24764e-02 1.56284e-01
259  6449 -7.17864e+01 6.24771e-02 1.56283e-01
260  6600 -7.32160e+01 6.24772e-02 1.56283e-01
261  6754 -7.49409e+01 6.24756e-02 1.56281e-01
262  6911 -7.21840e+01 6.24750e-02 1.56282e-01
263  7073 -7.13923e+01 6.24783e-02 1.56284e-01
264  7238 -7.04674e+01 6.24666e-02 1.56280e-01
265  7407 -7.44200e+01 6.24656e-02 1.56278e-01
266  7580 -7.39749e+01 6.24614e-02 1.56276e-01
267  7757 -7.21520e+01 6.24599e-02 1.56273e-01
268  7938 -7.20391e+01 6.24670e-02 1.56278e-01
269  8124 -7.13866e+01 6.24621e-02 1.56274e-01
270  8313 -7.00323e+01 6.24604e-02 1.56274e-01
271  8507 -7.31699e+01 6.24631e-02 1.56278e-01
272  8706 -7.62669e+01 6.24602e-02 1.56278e-01
273  8909 -7.34045e+01 6.24689e-02 1.56282e-01
274  9118 -7.36628e+01 6.24706e-02 1.56285e-01
275  9330 -7.31732e+01 6.24748e-02 1.56286e-01
276  9548 -7.44945e+01 6.24741e-02 1.56285e-01
277  9771 -7.28828e+01 6.24699e-02 1.56283e-01
278 10000 -7.30985e+01 6.24664e-02 1.56285e-01
